0 0.2976851761341095 0.2912735939025879 0.0694444477558136 0.04795597493648529
1 0.48472222685813904 0.2354559749364853 0.021296296268701553 0.019654087722301483
0 0.7023147940635681 0.5522798895835876 0.037962961941957474 0.032232705503702164
1 0.6837962865829468 0.5463836193084717 0.02500000037252903 0.022012578323483467
1 0.20879629254341125 0.4036949574947357 0.03055555559694767 0.01808176189661026
1 0.41018518805503845 0.26179245114326477 0.025925925001502037 0.02358490601181984
0 0.2768518626689911 0.3805031478404999 0.07037036865949631 0.04559748247265816
1 0.7402777671813965 0.5338050127029419 0.032407406717538834 0.026729559525847435
1 0.32175925374031067 0.45400944352149963 0.03055555559694767 0.02437106892466545
0 0.3592592477798462 0.27515724301338196 0.05370370298624039 0.06761006265878677
3 0.720370352268219 0.545597493648529 0.07407407462596893 0.0487421378493309
1 0.43287035822868347 0.26572325825691223 0.021296296268701553 0.01886792480945587
1 0.260185182094574 0.38639935851097107 0.02777777798473835 0.021226415410637856
1 0.3499999940395355 0.24488992989063263 0.03333333507180214 0.02437106892466545
1 0.11064814776182175 0.44103774428367615 0.03055555559694767 0.025157231837511063
1 0.6861110925674438 0.2786949574947357 0.035185184329748154 0.027515722438693047
1 0.322685182094574 0.28223270177841187 0.023148147389292717 0.01886792480945587
0 0.3490740656852722 0.45322325825691223 0.08518518507480621 0.03694968670606613
3 0.3652777671813965 0.2708333432674408 0.06574074178934097 0.07311321049928665
1 0.49768519401550293 0.31014150381088257 0.032407406717538834 0.025943396613001823
1 0.14120370149612427 0.29520440101623535 0.03055555559694767 0.025943396613001823
1 0.24722221493721008 0.4575471580028534 0.029629629105329514 0.02358490601181984
1 0.1865740716457367 0.5019654035568237 0.03611111268401146 0.027515722438693047
1 0.2569444477558136 0.27555030584335327 0.03055555559694767 0.025943396613001823
1 0.21157407760620117 0.1812106966972351 0.032407406717538834 0.02437106892466545
0 0.20972222089767456 0.39150944352149963 0.05092592537403107 0.050314463675022125
0 0.654629647731781 0.5491352081298828 0.06481481343507767 0.032232705503702164
0 0.4541666805744171 0.2555031478404999 0.06574074178934097 0.04559748247265816
0 0.26944443583488464 0.44850629568099976 0.07407407462596893 0.044811319559812546
0 0.23101851344108582 0.2688679099082947 0.07500000298023224 0.04716981202363968
0 0.11944444477558136 0.42610064148902893 0.05925925821065903 0.06446541100740433
0 0.519444465637207 0.2932389974594116 0.07592592388391495 0.0628930851817131
0 0.18009258806705475 0.48309749364852905 0.04722222313284874 0.06682389974594116
0 0.667129635810852 0.2979559600353241 0.07129629701375961 0.06603773683309555
0 0.19768518209457397 0.200864776968956 0.06759259104728699 0.06996855139732361
0 0.1518518477678299 0.3050314486026764 0.07037036865949631 0.05817610025405884