1 0.34973958134651184 0.707870364189148 0.015104166232049465 0.032407406717538834
1 0.6807291507720947 0.6333333253860474 0.015625 0.025925925001502037
0 0.6065104007720947 0.6004629731178284 0.04114583507180214 0.08796296268701553
1 0.6971353888511658 0.4564814865589142 0.01614583283662796 0.024074073880910873
1 0.3330729305744171 0.3162037134170532 0.01614583283662796 0.023148147389292717
1 0.6971353888511658 0.5273148417472839 0.01822916604578495 0.02500000037252903
1 0.6484375 0.6550925970077515 0.01666666753590107 0.02500000037252903
1 0.5994791388511658 0.6263889074325562 0.01354166679084301 0.028703704476356506
1 0.5080729126930237 0.6162037253379822 0.01614583283662796 0.028703704476356506
1 0.6888020634651184 0.3930555582046509 0.01614583283662796 0.023148147389292717
1 0.4869791567325592 0.1648148149251938 0.015625 0.029629629105329514
1 0.5526041388511658 0.8305555582046509 0.01354166679084301 0.025925925001502037
0 0.6494791507720947 0.6791666746139526 0.02604166604578495 0.07685185223817825
1 0.5880208611488342 0.5634258985519409 0.01354166679084301 0.026851851493120193
0 0.6760416626930237 0.6828703880310059 0.02916666679084301 0.0694444477558136
0 0.7010416388511658 0.5476852059364319 0.03125 0.0694444477558136
0 0.5023437738418579 0.6305555701255798 0.03593749925494194 0.08703703433275223
0 0.6927083134651184 0.36574074625968933 0.03125 0.09259258955717087
0 0.699999988079071 0.4731481373310089 0.03541666641831398 0.07407407462596893
0 0.6890624761581421 0.6226851940155029 0.03333333507180214 0.05648148059844971
0 0.3361979126930237 0.33796295523643494 0.03072916716337204 0.08518518507480621
0 0.6104166507720947 0.6277777552604675 0.04270833358168602 0.05925925821065903
0 0.3424479067325592 0.707870364189148 0.03697916492819786 0.06018518656492233
0 0.5971354246139526 0.5657407641410828 0.04322916641831398 0.06851851940155029
0 0.5393229126930237 0.842129647731781 0.0442708320915699 0.06759259104728699
0 0.49817708134651184 0.15740740299224854 0.04218750074505806 0.06481481343507767