1 0.6666666865348816 0.7981481552124023 0.01770833320915699 0.029629629105329514
0 0.04192708432674408 0.3412036895751953 0.02864583395421505 0.11388888955116272
1 0.653124988079071 0.8083333373069763 0.02500000037252903 0.03333333507180214
1 0.04322916641831398 0.2967592477798462 0.01770833320915699 0.026851851493120193
0 0.49609375 0.8916666507720947 0.02656250074505806 0.05740740895271301
1 0.5213541388511658 0.9166666865348816 0.01979166641831398 0.03888889029622078
1 0.49687498807907104 0.8898147940635681 0.02291666716337204 0.03703703731298447
1 0.01536458358168602 0.5259259343147278 0.01822916604578495 0.029629629105329514
0 0.014583333395421505 0.1893518567085266 0.02916666679084301 0.037962961941957474
1 0.557812511920929 0.48657408356666565 0.01875000074505806 0.032407406717538834
1 0.04531250149011612 0.3847222328186035 0.01770833320915699 0.026851851493120193
1 0.5960937738418579 0.3203703761100769 0.01822916604578495 0.02777777798473835
1 0.03541666641831398 0.23055554926395416 0.012500000186264515 0.02222222276031971
1 0.5645833611488342 0.9152777791023254 0.01875000074505806 0.032407406717538834
1 0.3255208432674408 0.5717592835426331 0.01770833320915699 0.02500000037252903
0 0.04505208507180214 0.3712962865829468 0.02656250074505806 0.07777778059244156
1 0.44843751192092896 0.3055555522441864 0.01875000074505806 0.031481482088565826
0 0.6721354126930237 0.8046296238899231 0.03072916716337204 0.04814814776182175
1 0.3968749940395355 0.7981481552124023 0.01770833320915699 0.03703703731298447
1 0.5005208253860474 0.2907407283782959 0.01979166641831398 0.025925925001502037
0 0.5921875238418579 0.34490740299224854 0.03020833246409893 0.08981481194496155
0 0.6382812261581421 0.8175926208496094 0.03802083432674408 0.04814814776182175
0 0.5453125238418579 0.9143518805503845 0.0572916679084301 0.05277777835726738
0 0.014322916977107525 0.5078703761100769 0.02760416641831398 0.08055555820465088
0 0.32421875 0.5513888597488403 0.02656250074505806 0.09166666865348816
0 0.49661457538604736 0.2689814865589142 0.02760416641831398 0.0694444477558136
0 0.4583333432674408 0.2916666567325592 0.0416666679084301 0.06481481343507767
0 0.04140625149011612 0.3134259283542633 0.02447916753590107 0.0694444477558136
0 0.03098958358168602 0.24351851642131805 0.02968749962747097 0.0555555559694767
0 0.5677083134651184 0.5013889074325562 0.0416666679084301 0.07129629701375961
0 0.4117187559604645 0.8069444298744202 0.0546875 0.07129629701375961