3 0.6509259343147278 0.3828616440296173 0.07777778059244156 0.069182388484478
0 0.5458333492279053 0.3529874086380005 0.0416666679084301 0.04088050499558449
0 0.34583333134651184 0.3529874086380005 0.07314814627170563 0.0487421378493309
0 0.5319444537162781 0.276729553937912 0.06759259104728699 0.050314463675022125
1 0.20324073731899261 0.3128930926322937 0.02500000037252903 0.020440252497792244
1 0.5425925850868225 0.3596698045730591 0.035185184329748154 0.02279874123632908
0 0.5504629611968994 0.28812894225120544 0.0416666679084301 0.03066037781536579
0 0.47870370745658875 0.22366352379322052 0.08888889104127884 0.04638364911079407
4 0.3421296179294586 0.3553459048271179 0.07870370149612427 0.05503144487738609
3 0.5259259343147278 0.2771226465702057 0.08703703433275223 0.055817611515522
0 0.3949074149131775 0.573113203048706 0.08796296268701553 0.04088050499558449
1 0.3643518388271332 0.3459119498729706 0.028703704476356506 0.01886792480945587
1 0.3708333373069763 0.2975628972053528 0.02500000037252903 0.019654087722301483
1 0.08657407760620117 0.4229559600353241 0.034259259700775146 0.02358490601181984
3 0.3444444537162781 0.2845911979675293 0.08888889104127884 0.05817610025405884
1 0.739814817905426 0.4803459048271179 0.029629629105329514 0.022012578323483467
0 0.21064814925193787 0.31603774428367615 0.049074072390794754 0.03616352379322052
1 0.3236111104488373 0.24488992989063263 0.034259259700775146 0.02279874123632908
1 0.0754629597067833 0.45479559898376465 0.032407406717538834 0.02437106892466545
1 0.6425926089286804 0.30974844098091125 0.029629629105329514 0.020440252497792244
1 0.4453703761100769 0.2150157243013382 0.02777777798473835 0.021226415410637856
3 0.5495370626449585 0.3266509473323822 0.049074072390794754 0.08411949872970581
1 0.697685182094574 0.42806604504585266 0.032407406717538834 0.021226415410637856
0 0.5472221970558167 0.3352987468242645 0.05000000074505806 0.07154087722301483
1 0.4203703701496124 0.5703616142272949 0.035185184329748154 0.03380503132939339
0 0.6523148417472839 0.38522014021873474 0.07314814627170563 0.05974842607975006
1 0.19814814627170563 0.3616352081298828 0.03703703731298447 0.026729559525847435
1 0.15509259700775146 0.5157232880592346 0.034259259700775146 0.028301887214183807
1 0.1050925925374031 0.30306604504585266 0.032407406717538834 0.02437106892466545
1 0.3611111044883728 0.544025182723999 0.03333333507180214 0.020440252497792244
1 0.635185182094574 0.3679245412349701 0.03333333507180214 0.022012578323483467
0 0.34398147463798523 0.5204402804374695 0.06018518656492233 0.06446541100740433
0 0.14444445073604584 0.4944968521595001 0.05370370298624039 0.069182388484478
0 0.21388888359069824 0.3887578547000885 0.06481481343507767 0.07154087722301483
0 0.7648147940635681 0.4933176040649414 0.07592592388391495 0.051100630313158035
0 0.6254629492759705 0.3333333432674408 0.06759259104728699 0.07232704758644104
0 0.7083333134651184 0.4426100552082062 0.0555555559694767 0.0487421378493309
0 0.08148147910833359 0.4390723407268524 0.05925925821065903 0.06367924809455872
0 0.11574073880910873 0.3136792480945587 0.06851851940155029 0.056603774428367615