1 0.3424479067325592 0.7560185194015503 0.02031249925494194 0.034259259700775146
3 0.4013020694255829 0.6592592597007751 0.04114583507180214 0.11296296119689941
3 0.3528645932674408 0.7810184955596924 0.03802083432674408 0.10092592239379883
1 0.36145833134651184 0.779629647731781 0.01666666753590107 0.02222222276031971
1 0.4072916805744171 0.6652777791023254 0.02083333395421505 0.02500000037252903
1 0.328125 0.3134259283542633 0.015625 0.026851851493120193
0 0.35234373807907104 0.7824074029922485 0.03593749925494194 0.09074074029922485
1 0.4351562559604645 0.8597221970558167 0.01822916604578495 0.03055555559694767
1 0.4088541567325592 0.6837962865829468 0.01666666753590107 0.02500000037252903
1 0.3997395932674408 0.8370370268821716 0.01718750037252903 0.02777777798473835
1 0.5200520753860474 0.8814814686775208 0.01718750037252903 0.029629629105329514
1 0.6380208134651184 0.7865740656852722 0.01666666753590107 0.026851851493120193
1 0.6205729246139526 0.7486110925674438 0.015104166232049465 0.028703704476356506
0 0.43958333134651184 0.8782407641410828 0.02604166604578495 0.06018518656492233
1 0.6950520873069763 0.6527777910232544 0.01718750037252903 0.02777777798473835
0 0.5338541865348816 0.8791666626930237 0.04270833358168602 0.03981481492519379
0 0.7007812261581421 0.6333333253860474 0.03697916492819786 0.08518518507480621
0 0.3231770694255829 0.7180555462837219 0.02864583395421505 0.049074072390794754
0 0.359375 0.7949073910713196 0.02500000037252903 0.06203703582286835
0 0.4013020694255829 0.6365740895271301 0.03593749925494194 0.07314814627170563
1 0.600781261920929 0.2699074149131775 0.01927083358168602 0.034259259700775146
0 0.3179687559604645 0.3254629671573639 0.03697916492819786 0.07685185223817825
0 0.4088541567325592 0.8495370149612427 0.03437500074505806 0.05648148059844971
0 0.632031261920929 0.8046296238899231 0.03697916492819786 0.06851851940155029
0 0.40416666865348816 0.7074074149131775 0.03437500074505806 0.07962962985038757
0 0.6304687261581421 0.7291666865348816 0.04218750074505806 0.07314814627170563
0 0.6143229007720947 0.260185182094574 0.04843749850988388 0.06481481343507767