3 0.6458333134651184 0.41898149251937866 0.03437500074505806 0.10648148506879807
0 0.6552083492279053 0.3791666626930237 0.02916666679084301 0.04537037014961243
1 0.6002604365348816 0.5675926208496094 0.015104166232049465 0.02777777798473835
1 0.639843761920929 0.3125 0.01614583283662796 0.02500000037252903
1 0.4036458432674408 0.19305555522441864 0.01770833320915699 0.028703704476356506
0 0.6778646111488342 0.4166666567325592 0.02447916753590107 0.07037036865949631
1 0.6486979126930237 0.369907408952713 0.01718750037252903 0.026851851493120193
1 0.6468750238418579 0.4532407522201538 0.01770833320915699 0.026851851493120193
1 0.3424479067325592 0.5365740656852722 0.01822916604578495 0.026851851493120193
1 0.5731770992279053 0.667129635810852 0.01614583283662796 0.026851851493120193
3 0.6354166865348816 0.28518518805503845 0.03437500074505806 0.08888889104127884
1 0.6322916746139526 0.7356481552124023 0.014583333395421505 0.026851851493120193
0 0.633593738079071 0.2847222089767456 0.02968749962747097 0.08055555820465088
1 0.3044270873069763 0.5023148059844971 0.01718750037252903 0.023148147389292717
0 0.6075521111488342 0.7939814925193787 0.02968749962747097 0.05462963134050369
0 0.4268229305744171 0.8125 0.02760416641831398 0.07870370149612427
0 0.6419270634651184 0.4254629611968994 0.02656250074505806 0.07129629701375961
0 0.5768229365348816 0.7884259223937988 0.02239583246409893 0.0824074074625969
0 0.34375 0.5060185194015503 0.02916666679084301 0.0972222238779068
0 0.5661458373069763 0.6467592716217041 0.03333333507180214 0.07129629701375961
3 0.6666666865348816 0.4046296179294586 0.05000000074505806 0.10370370000600815
0 0.3994791805744171 0.20462962985038757 0.02604166604578495 0.06111111119389534
0 0.3083333373069763 0.47083333134651184 0.02604166604578495 0.08425925672054291
0 0.640625 0.7268518805503845 0.03020833246409893 0.05925925821065903
0 0.61328125 0.5810185074806213 0.04322916641831398 0.06759259104728699