0 0.608593761920929 0.8300926089286804 0.05885416641831398 0.08796296268701553
0 0.3684895932674408 0.7824074029922485 0.04843749850988388 0.07962962985038757
1 0.37942707538604736 0.7310185432434082 0.02031249925494194 0.032407406717538834
1 0.33255207538604736 0.7300925850868225 0.015104166232049465 0.026851851493120193
0 0.5960937738418579 0.8430555462837219 0.02968749962747097 0.05462963134050369
1 0.49531251192092896 0.8407407402992249 0.01666666753590107 0.02777777798473835
1 0.2945312559604645 0.44907405972480774 0.01718750037252903 0.025925925001502037
0 0.38072916865348816 0.7712963223457336 0.02604166604578495 0.06296296417713165
1 0.5330728888511658 0.8745370507240295 0.015104166232049465 0.026851851493120193
0 0.6263020634651184 0.8087962865829468 0.02864583395421505 0.04537037014961243
1 0.43411457538604736 0.8592592477798462 0.01718750037252903 0.029629629105329514
1 0.4007812440395355 0.8374999761581421 0.01718750037252903 0.028703704476356506
1 0.3544270694255829 0.7805555462837219 0.01927083358168602 0.025925925001502037
1 0.6234375238418579 0.7412037253379822 0.01770833320915699 0.03055555559694767
1 0.5895833373069763 0.8504629731178284 0.015625 0.03055555559694767
1 0.40963542461395264 0.6615740656852722 0.015104166232049465 0.026851851493120193
0 0.4401041567325592 0.8787037134170532 0.02708333358168602 0.06296296417713165
1 0.706250011920929 0.5662037134170532 0.01666666753590107 0.026851851493120193
1 0.3851562440395355 0.7537037134170532 0.01718750037252903 0.025925925001502037
0 0.35546875 0.7944444417953491 0.03072916716337204 0.06296296417713165
0 0.3736979067325592 0.6949074268341064 0.02760416641831398 0.07500000298023224
1 0.600781261920929 0.2699074149131775 0.01927083358168602 0.034259259700775146
0 0.3244791626930237 0.720370352268219 0.03229166567325592 0.06296296417713165
0 0.40312498807907104 0.6402778029441833 0.0364583320915699 0.08425925672054291
0 0.7104166746139526 0.5486111044883728 0.03125 0.08425925672054291
0 0.4091145694255829 0.8495370149612427 0.0338541679084301 0.05833333358168602
0 0.2916666567325592 0.46666666865348816 0.03125 0.08518518507480621
3 0.6106770634651184 0.8268518447875977 0.06197916716337204 0.08703703433275223
0 0.614062488079071 0.260185182094574 0.04791666567325592 0.06481481343507767
0 0.6354166865348816 0.727314829826355 0.0416666679084301 0.07129629701375961