0 0.5799478888511658 0.8046296238899231 0.03489583358168602 0.046296294778585434
0 0.5401041507720947 0.4888888895511627 0.04895833507180214 0.10740740597248077
0 0.5390625 0.8078703880310059 0.03437500074505806 0.0416666679084301
0 0.48124998807907104 0.8018518686294556 0.03333333507180214 0.040740739554166794
1 0.4437499940395355 0.16527777910232544 0.012500000186264515 0.02500000037252903
1 0.5138021111488342 0.4287036955356598 0.01822916604578495 0.02777777798473835
3 0.5997396111488342 0.7731481194496155 0.06718750298023224 0.0833333358168602
1 0.4895833432674408 0.15555556118488312 0.015625 0.031481482088565826
1 0.3916666805744171 0.8097222447395325 0.01666666753590107 0.03055555559694767
3 0.535937488079071 0.48055556416511536 0.0572916679084301 0.12222222238779068
0 0.6158854365348816 0.7504629492759705 0.03489583358168602 0.03981481492519379
0 0.5218750238418579 0.4444444477558136 0.03437500074505806 0.06481481343507767
0 0.5013020634651184 0.15324074029922485 0.04114583507180214 0.05092592537403107
0 0.3825520873069763 0.7935185432434082 0.04010416567325592 0.07222222536802292
0 0.5471354126930237 0.5083333253860474 0.03177083283662796 0.06481481343507767
0 0.4296875 0.16111111640930176 0.04062499850988388 0.06296296417713165