1 0.5518229007720947 0.7231481671333313 0.01614583283662796 0.024074073880910873
0 0.6195312738418579 0.635185182094574 0.03697916492819786 0.0555555559694767
0 0.6466146111488342 0.48379629850387573 0.02760416641831398 0.07500000298023224
1 0.30781251192092896 0.6370370388031006 0.01666666753590107 0.024074073880910873
3 0.600781261920929 0.6495370268821716 0.07239583134651184 0.06759259104728699
1 0.5395833253860474 0.8337963223457336 0.01770833320915699 0.03055555559694767
3 0.643750011920929 0.5689814686775208 0.03541666641831398 0.10092592239379883
3 0.6481770873069763 0.48564815521240234 0.03177083283662796 0.1101851835846901
1 0.6731770634651184 0.4722222089767456 0.01718750037252903 0.025925925001502037
0 0.5367187261581421 0.835185170173645 0.02760416641831398 0.04259259253740311
3 0.6354166865348816 0.5981481671333313 0.05104166641831398 0.0962962955236435
1 0.3023437559604645 0.5231481194496155 0.01718750037252903 0.024074073880910873
0 0.6427083611488342 0.42129629850387573 0.03541666641831398 0.040740739554166794
1 0.4088541567325592 0.8194444179534912 0.014583333395421505 0.029629629105329514
0 0.6716145873069763 0.4462963044643402 0.02135416679084301 0.07407407462596893
0 0.3033854067325592 0.6254629492759705 0.03281249850988388 0.07685185223817825
0 0.3023437559604645 0.5013889074325562 0.02968749962747097 0.08611111342906952
0 0.5453125238418579 0.7416666746139526 0.02916666679084301 0.06111111119389534
0 0.5830729007720947 0.6638888716697693 0.03593749925494194 0.046296294778585434
0 0.3958333432674408 0.8092592358589172 0.04374999925494194 0.06481481343507767