1 0.4997395873069763 0.8925926089286804 0.02135416679084301 0.035185184329748154
1 0.04348958283662796 0.29722222685813904 0.01718750037252903 0.025925925001502037
1 0.32343751192092896 0.5245370268821716 0.01875000074505806 0.026851851493120193
0 0.4986979067325592 0.9009259343147278 0.02552083320915699 0.0555555559694767
1 0.4455729126930237 0.20694445073604584 0.01406249962747097 0.026851851493120193
1 0.015104166232049465 0.5263888835906982 0.01770833320915699 0.028703704476356506
0 0.014583333395421505 0.18888889253139496 0.02812499925494194 0.03703703731298447
1 0.04505208507180214 0.3856481611728668 0.01718750037252903 0.02500000037252903
1 0.6619791388511658 0.7972221970558167 0.01666666753590107 0.029629629105329514
1 0.41067707538604736 0.23981481790542603 0.01718750037252903 0.02777777798473835
1 0.03541666641831398 0.2300925999879837 0.012500000186264515 0.021296296268701553
0 0.04479166492819786 0.3708333373069763 0.02604166604578495 0.07685185223817825
0 0.34765625 0.7342592477798462 0.02447916753590107 0.06666667014360428
1 0.6627604365348816 0.5814814567565918 0.01927083358168602 0.03703703731298447
1 0.5257812738418579 0.17916665971279144 0.01718750037252903 0.032407406717538834
1 0.3671875 0.7731481194496155 0.01770833320915699 0.025925925001502037
1 0.5986979007720947 0.27546295523643494 0.01822916604578495 0.032407406717538834
1 0.46666666865348816 0.8509259223937988 0.01979166641831398 0.03333333507180214
0 0.01406249962747097 0.5078703761100769 0.02708333358168602 0.07870370149612427
0 0.6721354126930237 0.8078703880310059 0.03593749925494194 0.06388889253139496
0 0.37187498807907104 0.7912036776542664 0.03020833246409893 0.07500000298023224
0 0.0416666679084301 0.31388887763023376 0.02395833283662796 0.06666667014360428
0 0.3231770694255829 0.5472221970558167 0.02447916753590107 0.08518518507480621
0 0.45755207538604736 0.19861111044883728 0.03593749925494194 0.05277777835726738
0 0.03125 0.24351851642131805 0.03020833246409893 0.05740740895271301
0 0.6752604246139526 0.5805555582046509 0.05572916567325592 0.06851851940155029
0 0.4195312559604645 0.22777777910232544 0.0338541679084301 0.05740740895271301
0 0.48124998807907104 0.8388888835906982 0.05624999850988388 0.06481481343507767
0 0.6075521111488342 0.2907407283782959 0.04114583507180214 0.07407407462596893
0 0.5367187261581421 0.1736111044883728 0.04322916641831398 0.06018518656492233