1 0.36276042461395264 0.6851851940155029 0.015104166232049465 0.029629629105329514
1 0.3296875059604645 0.6504629850387573 0.01666666753590107 0.02500000037252903
1 0.5080729126930237 0.789814829826355 0.01822916604578495 0.029629629105329514
1 0.3802083432674408 0.6726852059364319 0.015625 0.026851851493120193
1 0.3656249940395355 0.7611111402511597 0.014583333395421505 0.024074073880910873
1 0.3708333373069763 0.447685182094574 0.01875000074505806 0.02500000037252903
1 0.3893229067325592 0.4763889014720917 0.01927083358168602 0.026851851493120193
1 0.635937511920929 0.3523148000240326 0.01666666753590107 0.026851851493120193
0 0.3515625 0.6740740537643433 0.03125 0.06481481343507767
1 0.6994791626930237 0.42314815521240234 0.01770833320915699 0.025925925001502037
1 0.4533854126930237 0.15833333134651184 0.01614583283662796 0.031481482088565826
0 0.5562499761581421 0.8356481194496155 0.03125 0.0416666679084301
0 0.3216145932674408 0.6296296119689941 0.02864583395421505 0.06296296417713165
0 0.703125 0.44490739703178406 0.02812499925494194 0.08055555820465088
0 0.3929687440395355 0.5037037134170532 0.03281249850988388 0.08703703433275223
0 0.37317708134651184 0.41712963581085205 0.03281249850988388 0.08981481194496155
0 0.4989583194255829 0.8060185313224792 0.03854166716337204 0.07129629701375961
0 0.6619791388511658 0.27222222089767456 0.03229166567325592 0.06111111119389534
0 0.6299479007720947 0.3236111104488373 0.03072916716337204 0.09166666865348816
0 0.37317708134651184 0.7689814567565918 0.03489583358168602 0.05462963134050369
0 0.390625 0.6893518567085266 0.03750000149011612 0.07314814627170563
0 0.44140625 0.16111111640930176 0.0442708320915699 0.05740740895271301