1 0.49557292461395264 0.8412036895751953 0.015104166232049465 0.032407406717538834
1 0.37317708134651184 0.37962964177131653 0.01927083358168602 0.02777777798473835
1 0.5528646111488342 0.7648147940635681 0.0234375 0.03333333507180214
0 0.557812511920929 0.7569444179534912 0.03333333507180214 0.05277777835726738
1 0.43281251192092896 0.8583333492279053 0.01666666753590107 0.031481482088565826
1 0.37187498807907104 0.3231481611728668 0.014583333395421505 0.024074073880910873
1 0.3414062559604645 0.3013888895511627 0.01614583283662796 0.026851851493120193
0 0.6177083253860474 0.5736111402511597 0.04479166492819786 0.11759259551763535
0 0.4403645694255829 0.8777777552604675 0.02656250074505806 0.06666667014360428
0 0.37838542461395264 0.3412036895751953 0.02760416641831398 0.0694444477558136
1 0.5494791865348816 0.8175926208496094 0.01666666753590107 0.035185184329748154
1 0.4333333373069763 0.5305555462837219 0.015625 0.029629629105329514
0 0.5463541746139526 0.7986111044883728 0.01979166641831398 0.07314814627170563
1 0.2992187440395355 0.40046295523643494 0.01927083358168602 0.026851851493120193
3 0.6127604246139526 0.5643518567085266 0.05364583432674408 0.13425925374031067
0 0.4114583432674408 0.8476851582527161 0.03333333507180214 0.05462963134050369
3 0.3760416805744171 0.35462963581085205 0.03541666641831398 0.10000000149011612
1 0.4049479067325592 0.8388888835906982 0.01718750037252903 0.029629629105329514
1 0.39895832538604736 0.6398147940635681 0.01770833320915699 0.02777777798473835
0 0.3609375059604645 0.38425925374031067 0.04062499850988388 0.04259259253740311
0 0.6239583492279053 0.5898148417472839 0.02916666679084301 0.07777778059244156
0 0.3518229126930237 0.2828703820705414 0.04010416567325592 0.06574074178934097
0 0.2997395694255829 0.3759259283542633 0.03072916716337204 0.07962962985038757
0 0.42369791865348816 0.5449073910713196 0.04010416567325592 0.06759259104728699
0 0.5997396111488342 0.5388888716697693 0.02760416641831398 0.07592592388391495
3 0.5765625238418579 0.7277777791023254 0.06458333134651184 0.08703703433275223
0 0.3942708373069763 0.6199073791503906 0.03333333507180214 0.08425925672054291
0 0.5916666388511658 0.7143518328666687 0.03437500074505806 0.05462963134050369