0 0.5130208134651184 0.8439815044403076 0.04895833507180214 0.06574074178934097
1 0.5760416388511658 0.8268518447875977 0.01875000074505806 0.024074073880910873
3 0.31953126192092896 0.7361111044883728 0.02760416641831398 0.07037036865949631
0 0.526562511920929 0.8587962985038757 0.02604166604578495 0.043518517166376114
1 0.38880208134651184 0.5907407402992249 0.01614583283662796 0.02777777798473835
1 0.33411458134651184 0.4009259343147278 0.01406249962747097 0.02222222276031971
1 0.500781238079071 0.4800925850868225 0.01614583283662796 0.03055555559694767
1 0.31562501192092896 0.7194444537162781 0.014583333395421505 0.024074073880910873
0 0.5679687261581421 0.8435184955596924 0.03177083283662796 0.051851850003004074
0 0.3450520932674408 0.772685170173645 0.02135416679084301 0.05648148059844971
1 0.32109373807907104 0.3254629671573639 0.01614583283662796 0.02500000037252903
1 0.2822916805744171 0.5879629850387573 0.01770833320915699 0.025925925001502037
0 0.503125011920929 0.8361111283302307 0.02812499925494194 0.05925925821065903
0 0.3174479305744171 0.7347221970558167 0.0234375 0.06018518656492233
1 0.4507812559604645 0.17407406866550446 0.01614583283662796 0.031481482088565826
1 0.5914062261581421 0.22083333134651184 0.01718750037252903 0.028703704476356506
3 0.3401041626930237 0.7439814805984497 0.03437500074505806 0.1101851835846901
0 0.34375 0.4194444417953491 0.04062499850988388 0.07777778059244156
0 0.3229166567325592 0.33981481194496155 0.02500000037252903 0.06851851940155029
0 0.5104166865348816 0.46481481194496155 0.03958333283662796 0.06851851940155029
0 0.2838541567325592 0.6069444417953491 0.02604166604578495 0.06574074178934097
0 0.38333332538604736 0.6074073910713196 0.03333333507180214 0.07592592388391495
0 0.5822916626930237 0.20648148655891418 0.03958333283662796 0.06481481343507767
0 0.4385416805744171 0.18287037312984467 0.0416666679084301 0.06574074178934097