0 0.32213541865348816 0.4486111104488373 0.02864583395421505 0.06018518656492233
0 0.3231770694255829 0.40138888359069824 0.02552083320915699 0.10277777910232544
3 0.36380207538604736 0.5490740537643433 0.03281249850988388 0.04444444552063942
3 0.37812501192092896 0.5425925850868225 0.06458333134651184 0.05925925821065903
0 0.32604166865348816 0.3787037134170532 0.01770833320915699 0.0555555559694767
1 0.3565104305744171 0.5578703880310059 0.01197916641831398 0.023148147389292717
0 0.3265624940395355 0.550000011920929 0.03229166567325592 0.046296294778585434
1 0.328125 0.3643518388271332 0.014583333395421505 0.021296296268701553
3 0.3174479305744171 0.4773148000240326 0.02760416641831398 0.1101851835846901
1 0.5989583134651184 0.720370352268219 0.014583333395421505 0.02777777798473835
0 0.3153645694255829 0.5083333253860474 0.02135416679084301 0.07222222536802292
0 0.3960937559604645 0.5416666865348816 0.03281249850988388 0.0555555559694767
1 0.6541666388511658 0.5865740776062012 0.014583333395421505 0.021296296268701553
0 0.3656249940395355 0.5495370626449585 0.03020833246409893 0.0416666679084301
1 0.41328126192092896 0.4203703701496124 0.015104166232049465 0.029629629105329514
1 0.3723958432674408 0.677314817905426 0.015625 0.028703704476356506
3 0.3226562440395355 0.4106481373310089 0.03072916716337204 0.11574073880910873
0 0.6471354365348816 0.6013888716697693 0.0338541679084301 0.06574074178934097
0 0.38463541865348816 0.6814814805984497 0.04010416567325592 0.04814814776182175
0 0.6072916388511658 0.7097222208976746 0.03437500074505806 0.06018518656492233
0 0.4247395694255829 0.4268518388271332 0.04114583507180214 0.0555555559694767