1 0.6666666865348816 0.510185182094574 0.01666666753590107 0.02777777798473835
0 0.6385416388511658 0.5384259223937988 0.03125 0.09907407313585281
0 0.6348958611488342 0.5708333253860474 0.02916666679084301 0.04722222313284874
1 0.6403645873069763 0.5023148059844971 0.01718750037252903 0.023148147389292717
0 0.6057291626930237 0.647685170173645 0.06041666492819786 0.06018518656492233
1 0.6460937261581421 0.4393518567085266 0.015104166232049465 0.026851851493120193
3 0.6088541746139526 0.6393518447875977 0.06354166567325592 0.07314814627170563
0 0.6263020634651184 0.6212962865829468 0.03489583358168602 0.06481481343507767
1 0.5518229007720947 0.7208333611488342 0.01614583283662796 0.026851851493120193
1 0.5367187261581421 0.8472222089767456 0.013020833022892475 0.024074073880910873
1 0.6736978888511658 0.585185170173645 0.01718750037252903 0.024074073880910873
1 0.31041666865348816 0.5291666388511658 0.01770833320915699 0.02500000037252903
1 0.4244791567325592 0.8291666507720947 0.014583333395421505 0.028703704476356506
0 0.6731770634651184 0.5597222447395325 0.02447916753590107 0.07500000298023224
1 0.3187499940395355 0.6981481313705444 0.01666666753590107 0.025925925001502037
0 0.5942708253860474 0.6555555462837219 0.03333333507180214 0.04444444552063942
0 0.637499988079071 0.45277777314186096 0.03020833246409893 0.06296296417713165
3 0.6690104007720947 0.522685170173645 0.02968749962747097 0.1379629671573639
0 0.31718748807907104 0.6814814805984497 0.02916666679084301 0.07407407462596893
0 0.6692708134651184 0.48657408356666565 0.02500000037252903 0.07500000298023224
0 0.5445312261581421 0.8300926089286804 0.02552083320915699 0.05462963134050369
3 0.6369791626930237 0.5393518805503845 0.03437500074505806 0.10092592239379883
0 0.546093761920929 0.737500011920929 0.03177083283662796 0.06388889253139496
0 0.30677083134651184 0.5083333253860474 0.03229166567325592 0.0833333358168602
0 0.41197916865348816 0.8180555701255798 0.03958333283662796 0.06018518656492233