1 0.5703125 0.6134259104728699 0.012500000186264515 0.026851851493120193
0 0.55078125 0.793055534362793 0.02239583246409893 0.032407406717538834
0 0.5778645873069763 0.6222222447395325 0.02968749962747097 0.04444444552063942
1 0.4598958194255829 0.7046296000480652 0.01145833358168602 0.01666666753590107
1 0.4533854126930237 0.7449073791503906 0.01197916641831398 0.01944444514811039
1 0.41588541865348816 0.34768518805503845 0.013020833022892475 0.021296296268701553
1 0.4947916567325592 0.5013889074325562 0.01354166679084301 0.021296296268701553
0 0.5802083611488342 0.6000000238418579 0.02916666679084301 0.08888889104127884
0 0.4651041626930237 0.7439814805984497 0.02812499925494194 0.037962961941957474
1 0.4596354067325592 0.602314829826355 0.01197916641831398 0.01944444514811039
3 0.5809895992279053 0.6004629731178284 0.02864583395421505 0.09351851791143417
1 0.3942708373069763 0.7425925731658936 0.01354166679084301 0.025925925001502037
1 0.42760416865348816 0.7574074268341064 0.01354166679084301 0.02222222276031971
0 0.4247395694255829 0.36064815521240234 0.03072916716337204 0.05092592537403107
1 0.616406261920929 0.6370370388031006 0.015104166232049465 0.020370369777083397
0 0.5065104365348816 0.7810184955596924 0.02447916753590107 0.03611111268401146
0 0.45260417461395264 0.7046296000480652 0.03229166567325592 0.031481482088565826
0 0.5864583253860474 0.581944465637207 0.01770833320915699 0.05648148059844971
0 0.4346354305744171 0.7712963223457336 0.02760416641831398 0.040740739554166794
0 0.40234375 0.7347221970558167 0.02968749962747097 0.0416666679084301
0 0.45520833134651184 0.6152777671813965 0.02812499925494194 0.05648148059844971
0 0.6187499761581421 0.6166666746139526 0.02187499962747097 0.06481481343507767
0 0.48619791865348816 0.5120370388031006 0.02968749962747097 0.05370370298624039