1 0.4791666567325592 0.29722222685813904 0.01770833320915699 0.024074073880910873
1 0.3934895694255829 0.7453703880310059 0.013020833022892475 0.024074073880910873
1 0.56640625 0.6175925731658936 0.00989583320915699 0.024074073880910873
1 0.4947916567325592 0.5023148059844971 0.012500000186264515 0.023148147389292717
0 0.48489582538604736 0.2916666567325592 0.02916666679084301 0.031481482088565826
1 0.6072916388511658 0.6472222208976746 0.01145833358168602 0.02222222276031971
1 0.4632812440395355 0.7055555582046509 0.010937499813735485 0.02222222276031971
1 0.567187488079071 0.7356481552124023 0.012500000186264515 0.02500000037252903
0 0.4651041626930237 0.75 0.03020833246409893 0.04444444552063942
0 0.6072916388511658 0.6111111044883728 0.03229166567325592 0.03703703731298447
0 0.47734373807907104 0.3314814865589142 0.02447916753590107 0.04444444552063942
0 0.453125 0.7050926089286804 0.03125 0.03981481492519379
0 0.4364583194255829 0.7749999761581421 0.02500000037252903 0.04259259253740311
0 0.40182292461395264 0.7361111044883728 0.03072916716337204 0.04444444552063942
0 0.4533854126930237 0.6212962865829468 0.03072916716337204 0.06111111119389534
0 0.6013020873069763 0.664814829826355 0.02552083320915699 0.05740740895271301
0 0.5562499761581421 0.6157407164573669 0.03229166567325592 0.046296294778585434
0 0.48645833134651184 0.512499988079071 0.03229166567325592 0.05833333358168602
0 0.5575520992279053 0.7291666865348816 0.0338541679084301 0.049074072390794754