1 0.539843738079071 0.9013888835906982 0.01406249962747097 0.028703704476356506
1 0.4515624940395355 0.8537036776542664 0.01979166641831398 0.029629629105329514
1 0.4476562440395355 0.42500001192092896 0.01822916604578495 0.031481482088565826
1 0.29479166865348816 0.4018518626689911 0.015625 0.029629629105329514
1 0.3734374940395355 0.3662036955356598 0.015625 0.02500000037252903
0 0.45755207538604736 0.8435184955596924 0.03072916716337204 0.07962962985038757
1 0.33411458134651184 0.29629629850387573 0.01614583283662796 0.025925925001502037
1 0.30286458134651184 0.3592592477798462 0.01718750037252903 0.02777777798473835
1 0.4359374940395355 0.15000000596046448 0.01770833320915699 0.03333333507180214
1 0.54296875 0.16249999403953552 0.01718750037252903 0.034259259700775146
1 0.38984376192092896 0.43703705072402954 0.01718750037252903 0.02777777798473835
1 0.5364583134651184 0.3958333432674408 0.01979166641831398 0.03055555559694767
1 0.32630208134651184 0.44999998807907104 0.01927083358168602 0.02777777798473835
1 0.5088541507720947 0.14351852238178253 0.01770833320915699 0.03333333507180214
0 0.3986979126930237 0.41620370745658875 0.03489583358168602 0.07314814627170563
1 0.42395833134651184 0.24675926566123962 0.01875000074505806 0.03055555559694767
0 0.42135417461395264 0.15833333134651184 0.04374999925494194 0.06296296417713165
0 0.3736979067325592 0.34398147463798523 0.02760416641831398 0.08425925672054291
0 0.2903645932674408 0.4236111044883728 0.02968749962747097 0.08055555820465088
0 0.3088541626930237 0.34398147463798523 0.03125 0.05833333358168602
0 0.44973957538604736 0.39953702688217163 0.03177083283662796 0.09537036716938019
0 0.33645832538604736 0.26944443583488464 0.03229166567325592 0.07407407462596893
0 0.3309895694255829 0.4245370328426361 0.02968749962747097 0.08055555820465088
0 0.41354167461395264 0.2611111104488373 0.0416666679084301 0.06296296417713165
0 0.557812511920929 0.1606481522321701 0.04583333432674408 0.05277777835726738
0 0.5380208492279053 0.36666667461395264 0.03125 0.09814814478158951
0 0.4971354305744171 0.13148148357868195 0.04635416716337204 0.05925925821065903