1 0.5216146111488342 0.46666666865348816 0.02135416679084301 0.02777777798473835
1 0.04296875 0.29722222685813904 0.01718750037252903 0.025925925001502037
1 0.015104166232049465 0.5263888835906982 0.01770833320915699 0.028703704476356506
0 0.5236979126930237 0.4486111104488373 0.03177083283662796 0.06759259104728699
0 0.500781238079071 0.8935185074806213 0.04010416567325592 0.07777778059244156
0 0.5088541507720947 0.9069444537162781 0.02916666679084301 0.05833333358168602
1 0.4906249940395355 0.33101850748062134 0.01666666753590107 0.02500000037252903
1 0.659375011920929 0.8189814686775208 0.015625 0.026851851493120193
0 0.014843749813735485 0.19027778506278992 0.02864583395421505 0.037962961941957474
1 0.04583333432674408 0.385185182094574 0.01875000074505806 0.02777777798473835
0 0.49296873807907104 0.4000000059604645 0.03697916492819786 0.05740740895271301
1 0.4192708432674408 0.5884259343147278 0.01666666753590107 0.034259259700775146
0 0.04531250149011612 0.3722222149372101 0.02604166604578495 0.07592592388391495
1 0.03567708283662796 0.22962963581085205 0.013020833022892475 0.02222222276031971
0 0.6388021111488342 0.8652777671813965 0.0338541679084301 0.05462963134050369
1 0.5833333134651184 0.5407407283782959 0.02291666716337204 0.029629629105329514
3 0.5104166865348816 0.43009260296821594 0.06145833432674408 0.10833333432674408
0 0.6695312261581421 0.8101851940155029 0.03697916492819786 0.05370370298624039
0 0.014322916977107525 0.5083333253860474 0.02760416641831398 0.07962962985038757
0 0.4950520694255829 0.3055555522441864 0.03177083283662796 0.07037036865949631
0 0.34453123807907104 0.3777777850627899 0.03281249850988388 0.07962962985038757
0 0.40625 0.5884259343147278 0.05000000074505806 0.06759259104728699
0 0.04114583507180214 0.3134259283542633 0.02395833283662796 0.06759259104728699
0 0.03098958358168602 0.24351851642131805 0.02968749962747097 0.0555555559694767
0 0.585156261920929 0.5175926089286804 0.03072916716337204 0.07962962985038757