3 0.5809895992279053 0.7699074149131775 0.09010417014360428 0.07129629701375961
1 0.614062488079071 0.7870370149612427 0.01666666753590107 0.024074073880910873
3 0.56640625 0.7879629731178284 0.07239583134651184 0.06851851940155029
1 0.6234375238418579 0.7347221970558167 0.014583333395421505 0.02500000037252903
3 0.6044270992279053 0.7560185194015503 0.06718750298023224 0.07314814627170563
3 0.5914062261581421 0.8416666388511658 0.0651041641831398 0.06111111119389534
0 0.5835937261581421 0.772685170173645 0.03489583358168602 0.043518517166376114
1 0.565625011920929 0.8643518686294556 0.01770833320915699 0.026851851493120193
1 0.34713542461395264 0.2967592477798462 0.01718750037252903 0.02500000037252903
1 0.5471354126930237 0.5249999761581421 0.01718750037252903 0.029629629105329514
1 0.530468761920929 0.7504629492759705 0.01406249962747097 0.026851851493120193
1 0.565625011920929 0.5074074268341064 0.01770833320915699 0.029629629105329514
0 0.5703125 0.8550925850868225 0.02812499925494194 0.0416666679084301
1 0.7190104126930237 0.5305555462837219 0.01718750037252903 0.024074073880910873
0 0.6033853888511658 0.8337963223457336 0.03697916492819786 0.05277777835726738
0 0.6294270753860474 0.8083333373069763 0.03593749925494194 0.051851850003004074
1 0.5687500238418579 0.20416666567325592 0.01666666753590107 0.032407406717538834
1 0.6630208492279053 0.7731481194496155 0.01875000074505806 0.025925925001502037
0 0.6611979007720947 0.7490741014480591 0.02760416641831398 0.07407407462596893
0 0.550000011920929 0.8046296238899231 0.03750000149011612 0.04814814776182175
0 0.3539062440395355 0.2768518626689911 0.03281249850988388 0.06481481343507767
0 0.5760416388511658 0.5268518328666687 0.0364583320915699 0.07037036865949631
0 0.5346354246139526 0.5412036776542664 0.03802083432674408 0.06018518656492233
0 0.7210937738418579 0.5574073791503906 0.02864583395421505 0.08148147910833359
0 0.5158854126930237 0.7592592835426331 0.04218750074505806 0.0555555559694767
0 0.5830729007720947 0.20185184478759766 0.04739583283662796 0.06851851940155029