1 0.5992187261581421 0.7972221970558167 0.0234375 0.03703703731298447
0 0.4046874940395355 0.29629629850387573 0.015625 0.03888889029622078
0 0.606249988079071 0.7884259223937988 0.03958333283662796 0.06203703582286835
0 0.6380208134651184 0.7532407641410828 0.03541666641831398 0.04722222313284874
1 0.6796875 0.3361110985279083 0.01666666753590107 0.025925925001502037
1 0.3044270873069763 0.5013889074325562 0.01614583283662796 0.026851851493120193
1 0.42369791865348816 0.17499999701976776 0.01927083358168602 0.02777777798473835
1 0.5604166388511658 0.3421296179294586 0.01666666753590107 0.026851851493120193
1 0.535937488079071 0.552314817905426 0.015625 0.028703704476356506
1 0.3294270932674408 0.37638887763023376 0.01406249962747097 0.023148147389292717
1 0.6356770992279053 0.22870370745658875 0.015104166232049465 0.02777777798473835
3 0.624218761920929 0.7652778029441833 0.0651041641831398 0.07500000298023224
0 0.4203124940395355 0.1953703761100769 0.02812499925494194 0.07962962985038757
0 0.3023437559604645 0.47685185074806213 0.02552083320915699 0.07222222536802292
0 0.3596354126930237 0.24259258806705475 0.02760416641831398 0.0555555559694767
0 0.33802083134651184 0.35185185074806213 0.0364583320915699 0.07592592388391495
0 0.5653645992279053 0.3620370328426361 0.03072916716337204 0.08888889104127884
0 0.6869791746139526 0.35462963581085205 0.03541666641831398 0.08703703433275223
0 0.5453125238418579 0.5680555701255798 0.046875 0.0824074074625969
0 0.6255208253860474 0.2152777761220932 0.03750000149011612 0.06203703582286835