1 0.4130208194255829 0.40925925970077515 0.015625 0.02777777798473835
0 0.5580729246139526 0.8064814805984497 0.02552083320915699 0.035185184329748154
1 0.3255208432674408 0.4555555582046509 0.015625 0.024074073880910873
1 0.3018229305744171 0.6027777791023254 0.01614583283662796 0.025925925001502037
1 0.3635416626930237 0.33379629254341125 0.01770833320915699 0.026851851493120193
1 0.3330729305744171 0.2865740656852722 0.01614583283662796 0.026851851493120193
1 0.5669270753860474 0.18518517911434174 0.01718750037252903 0.02777777798473835
0 0.5497395992279053 0.8074073791503906 0.04114583507180214 0.04814814776182175
1 0.2841145694255829 0.5074074268341064 0.01822916604578495 0.025925925001502037
1 0.5856770873069763 0.6847222447395325 0.01822916604578495 0.026851851493120193
0 0.5346354246139526 0.4504629671573639 0.03593749925494194 0.0694444477558136
0 0.30078125 0.5814814567565918 0.02864583395421505 0.08148147910833359
0 0.2841145694255829 0.48564815521240234 0.02968749962747097 0.07685185223817825
0 0.33385416865348816 0.43611112236976624 0.03750000149011612 0.07407407462596893
0 0.3697916567325592 0.31111112236976624 0.03125 0.07222222536802292
0 0.34062498807907104 0.26851850748062134 0.03437500074505806 0.06481481343507767
0 0.40182292461395264 0.39814814925193787 0.04322916641831398 0.05925925821065903
0 0.6781250238418579 0.4888888895511627 0.03437500074505806 0.06851851940155029
0 0.5841146111488342 0.657870352268219 0.03072916716337204 0.08981481194496155
0 0.5744791626930237 0.20416666567325592 0.03541666641831398 0.0694444477558136