3 0.5713541507720947 0.18472221493721008 0.05416666716337204 0.08981481194496155
0 0.5932291746139526 0.8490740656852722 0.02395833283662796 0.051851850003004074
1 0.5473958253860474 0.15833333134651184 0.01770833320915699 0.031481482088565826
1 0.5625 0.1893518567085266 0.01354166679084301 0.023148147389292717
0 0.5528646111488342 0.15231481194496155 0.02968749962747097 0.049074072390794754
1 0.6427083611488342 0.5111111402511597 0.01770833320915699 0.031481482088565826
1 0.5252603888511658 0.15138888359069824 0.01927083358168602 0.028703704476356506
1 0.32421875 0.29907408356666565 0.01718750037252903 0.029629629105329514
1 0.4468750059604645 0.4305555522441864 0.01770833320915699 0.029629629105329514
1 0.3895833194255829 0.18472221493721008 0.015625 0.028703704476356506
1 0.38619792461395264 0.4412037134170532 0.01614583283662796 0.03055555559694767
1 0.28515625 0.45092591643333435 0.01718750037252903 0.025925925001502037
0 0.31822916865348816 0.3106481432914734 0.03229166567325592 0.0694444477558136
1 0.37187498807907104 0.3722222149372101 0.01666666753590107 0.025925925001502037
1 0.33515626192092896 0.47268518805503845 0.01927083358168602 0.026851851493120193
1 0.4346354305744171 0.24583333730697632 0.01822916604578495 0.032407406717538834
1 0.663281261920929 0.2925925850868225 0.01822916604578495 0.02777777798473835
0 0.3958333432674408 0.4208333194255829 0.03541666641831398 0.07870370149612427
0 0.5765625238418579 0.20601852238178253 0.04062499850988388 0.05648148059844971
0 0.44843751192092896 0.40601852536201477 0.02916666679084301 0.09351851791143417
0 0.2877604067325592 0.4236111044883728 0.03593749925494194 0.0824074074625969
0 0.37682291865348816 0.19768518209457397 0.03593749925494194 0.06018518656492233
0 0.3348958194255829 0.4393518567085266 0.03229166567325592 0.08981481194496155
0 0.671875 0.3083333373069763 0.03437500074505806 0.07407407462596893
0 0.6505208611488342 0.5342592597007751 0.0364583320915699 0.08888889104127884
0 0.3723958432674408 0.3453703820705414 0.03125 0.09074074029922485
0 0.4208333194255829 0.25648146867752075 0.04374999925494194 0.0555555559694767
0 0.5127604007720947 0.14166666567325592 0.04322916641831398 0.04814814776182175