1 0.38749998807907104 0.8296296000480652 0.01770833320915699 0.025925925001502037
3 0.27656251192092896 0.48750001192092896 0.02916666679084301 0.11388888955116272
0 0.39010417461395264 0.8356481194496155 0.02812499925494194 0.0416666679084301
1 0.2770833373069763 0.5337963104248047 0.01770833320915699 0.02500000037252903
1 0.524218738079071 0.37638887763023376 0.01822916604578495 0.028703704476356506
0 0.421875 0.8569444417953491 0.03437500074505806 0.0416666679084301
1 0.31067708134651184 0.34675925970077515 0.01822916604578495 0.03055555559694767
1 0.42239582538604736 0.8074073791503906 0.01770833320915699 0.02777777798473835
1 0.4559895694255829 0.3629629611968994 0.01406249962747097 0.025925925001502037
0 0.2763020694255829 0.5148147940635681 0.02447916753590107 0.06851851940155029
1 0.5044270753860474 0.16018518805503845 0.01614583283662796 0.03333333507180214
1 0.6499999761581421 0.5708333253860474 0.01666666753590107 0.02500000037252903
3 0.40625 0.8374999761581421 0.06041666492819786 0.07314814627170563
1 0.33932292461395264 0.3967592716217041 0.01718750037252903 0.028703704476356506
1 0.4645833373069763 0.1578703671693802 0.015625 0.03055555559694767
0 0.2789062559604645 0.45277777314186096 0.02864583395421505 0.06666667014360428
1 0.3713541626930237 0.21111111342906952 0.015625 0.02777777798473835
0 0.4752604067325592 0.15555556118488312 0.03802083432674408 0.046296294778585434
0 0.3450520932674408 0.41435185074806213 0.03177083283662796 0.07314814627170563
0 0.30911457538604736 0.36342594027519226 0.03072916716337204 0.0824074074625969
0 0.5179687738418579 0.16018518805503845 0.04114583507180214 0.046296294778585434
0 0.5244791507720947 0.35740742087364197 0.02708333358168602 0.08518518507480621
0 0.64453125 0.5481481552124023 0.03281249850988388 0.08703703433275223
0 0.44713541865348816 0.35740742087364197 0.03802083432674408 0.05370370298624039
0 0.38203126192092896 0.19953703880310059 0.03802083432674408 0.06018518656492233