0 0.45625001192092896 0.8374999761581421 0.02916666679084301 0.03611111268401146
0 0.5182291865348816 0.8125 0.04270833358168602 0.04537037014961243
0 0.4932291805744171 0.8125 0.02812499925494194 0.037962961941957474
1 0.6536458134651184 0.3342592716217041 0.01354166679084301 0.02777777798473835
1 0.5721353888511658 0.8175926208496094 0.013020833022892475 0.025925925001502037
0 0.4664062559604645 0.8449074029922485 0.04635416716337204 0.04537037014961243
1 0.6328125 0.4087963104248047 0.014583333395421505 0.03055555559694767
0 0.5401041507720947 0.7643518447875977 0.02500000037252903 0.05833333358168602
1 0.3033854067325592 0.36250001192092896 0.01614583283662796 0.02500000037252903
1 0.49140626192092896 0.552314817905426 0.01822916604578495 0.03611111268401146
1 0.5218750238418579 0.1953703761100769 0.014583333395421505 0.031481482088565826
1 0.3960937559604645 0.5259259343147278 0.01614583283662796 0.03333333507180214
0 0.5648437738418579 0.8208333253860474 0.02968749962747097 0.03981481492519379
3 0.5330728888511658 0.7851851582527161 0.04114583507180214 0.0962962955236435
0 0.5036458373069763 0.5648148059844971 0.04895833507180214 0.07962962985038757
0 0.30911457538604736 0.34398147463798523 0.03802083432674408 0.07129629701375961
0 0.6421874761581421 0.32685184478759766 0.0416666679084301 0.06111111119389534
0 0.4091145694255829 0.5268518328666687 0.05156249925494194 0.06851851940155029
0 0.507031261920929 0.192592591047287 0.04843749850988388 0.06481481343507767
0 0.640625 0.42129629850387573 0.03750000149011612 0.0833333358168602