1 0.46666666865348816 0.8078703880310059 0.01770833320915699 0.02500000037252903
1 0.3825520873069763 0.7689814567565918 0.01927083358168602 0.03055555559694767
1 0.5445312261581421 0.3351851999759674 0.01718750037252903 0.031481482088565826
1 0.6013020873069763 0.45185184478759766 0.01822916604578495 0.02777777798473835
1 0.640625 0.27222222089767456 0.015625 0.02777777798473835
3 0.3830729126930237 0.772685170173645 0.06822916865348816 0.0824074074625969
1 0.3098958432674408 0.41296297311782837 0.014583333395421505 0.024074073880910873
0 0.3697916567325592 0.7560185194015503 0.03541666641831398 0.04722222313284874
1 0.6156250238418579 0.21666666865348816 0.01875000074505806 0.031481482088565826
0 0.4000000059604645 0.7949073910713196 0.03020833246409893 0.049074072390794754
1 0.38854166865348816 0.44490739703178406 0.01354166679084301 0.028703704476356506
0 0.6447916626930237 0.23564815521240234 0.02812499925494194 0.04722222313284874
0 0.6541666388511658 0.2805555462837219 0.03854166716337204 0.04444444552063942
0 0.3140625059604645 0.3958333432674408 0.03437500074505806 0.07129629701375961
0 0.5549479126930237 0.3550925850868225 0.0390625 0.08425925672054291
0 0.36015623807907104 0.24166665971279144 0.02864583395421505 0.06111111119389534
0 0.5989583134651184 0.47546297311782837 0.03125 0.09537036716938019
0 0.6018229126930237 0.20787036418914795 0.0494791679084301 0.05092592537403107
0 0.4046874940395355 0.43888887763023376 0.05416666716337204 0.07222222536802292