1 0.4393518567085266 0.5880503058433533 0.08611111342906952 0.05188679322600365
1 0.3532407283782959 0.36438679695129395 0.032407406717538834 0.021226415410637856
1 0.08657407760620117 0.4591194987297058 0.032407406717538834 0.02358490601181984
0 0.35648149251937866 0.32979559898376465 0.06296296417713165 0.049528300762176514
3 0.22870370745658875 0.3828616440296173 0.07962962985038757 0.03773584961891174
0 0.3611111044883728 0.3820754587650299 0.05000000074505806 0.056603774428367615
0 0.375 0.28066039085388184 0.06111111119389534 0.03616352379322052
0 0.1657407432794571 0.3899371027946472 0.03703703731298447 0.028301887214183807
0 0.32870370149612427 0.26139935851097107 0.040740739554166794 0.03380503132939339
1 0.2541666626930237 0.39150944352149963 0.028703704476356506 0.020440252497792244
1 0.3930555582046509 0.2845911979675293 0.026851851493120193 0.022012578323483467
1 0.09351851791143417 0.42767295241355896 0.029629629105329514 0.020440252497792244
3 0.3592592477798462 0.3805031478404999 0.0555555559694767 0.06761006265878677
3 0.3569444417953491 0.33018869161605835 0.0694444477558136 0.05503144487738609
1 0.1666666716337204 0.3887578547000885 0.029629629105329514 0.019654087722301483
1 0.3722222149372101 0.31682389974594116 0.024074073880910873 0.01886792480945587
1 0.3949074149131775 0.4359276592731476 0.03055555559694767 0.02437106892466545
3 0.35370370745658875 0.2794811427593231 0.0962962955236435 0.05896226316690445
1 0.47361111640930176 0.6002358198165894 0.032407406717538834 0.027515722438693047
1 0.16249999403953552 0.5188679099082947 0.03611111268401146 0.025157231837511063
1 0.4175925850868225 0.409984290599823 0.03333333507180214 0.02279874123632908
1 0.2074074000120163 0.436713844537735 0.03703703731298447 0.025943396613001823
1 0.33472222089767456 0.25196540355682373 0.03055555559694767 0.021226415410637856
1 0.11342592537403107 0.30896225571632385 0.028703704476356506 0.025157231837511063
1 0.4203703701496124 0.2562893033027649 0.031481482088565826 0.025157231837511063
1 0.5546296238899231 0.6061320900917053 0.03333333507180214 0.02987421303987503
1 0.6685185432434082 0.2845911979675293 0.03703703731298447 0.026729559525847435
0 0.22777777910232544 0.3824685513973236 0.07962962985038757 0.038522012531757355
0 0.43101853132247925 0.3895440399646759 0.0694444477558136 0.06367924809455872
0 0.1666666716337204 0.41430819034576416 0.04259259253740311 0.06761006265878677
0 0.2152777761220932 0.3191823959350586 0.03611111268401146 0.03616352379322052
0 0.44999998807907104 0.24685534834861755 0.0962962955236435 0.0487421378493309
0 0.22777777910232544 0.4512578547000885 0.07222222536802292 0.05503144487738609
0 0.15416666865348816 0.5 0.05462963134050369 0.06446541100740433
0 0.6513888835906982 0.30778300762176514 0.07500000298023224 0.07154087722301483
0 0.43888887763023376 0.5876572132110596 0.08518518507480621 0.05267295613884926
0 0.42222222685813904 0.44929245114326477 0.08518518507480621 0.044811319559812546
0 0.5268518328666687 0.6112421154975891 0.08148147910833359 0.04638364911079407
0 0.08981481194496155 0.4445754587650299 0.05370370298624039 0.06367924809455872
0 0.12824073433876038 0.3191823959350586 0.0694444477558136 0.05817610025405884