1 0.45885416865348816 0.604629635810852 0.01354166679084301 0.020370369777083397
1 0.5135416388511658 0.6888889074325562 0.012500000186264515 0.024074073880910873
1 0.3934895694255829 0.7504629492759705 0.010937499813735485 0.01944444514811039
1 0.4763020873069763 0.6550925970077515 0.01197916641831398 0.015740741044282913
1 0.42265623807907104 0.7736111283302307 0.01197916641831398 0.021296296268701553
1 0.5713541507720947 0.3236111104488373 0.015625 0.02500000037252903
1 0.5450521111488342 0.3087962865829468 0.01406249962747097 0.026851851493120193
1 0.49296873807907104 0.5055555701255798 0.01197916641831398 0.02222222276031971
0 0.4729166626930237 0.8162037134170532 0.02187499962747097 0.028703704476356506
1 0.5184895992279053 0.5064814686775208 0.01406249962747097 0.020370369777083397
1 0.4424479305744171 0.46203702688217163 0.013020833022892475 0.024074073880910873
0 0.512499988079071 0.7976852059364319 0.02291666716337204 0.037962961941957474
0 0.4533854126930237 0.6157407164573669 0.02656250074505806 0.0555555559694767
0 0.4229166805744171 0.7842592597007751 0.02083333395421505 0.051851850003004074
0 0.48098957538604736 0.6370370388031006 0.02239583246409893 0.05925925821065903
0 0.4020833373069763 0.7370370626449585 0.03125 0.05000000074505806
0 0.5177083611488342 0.5212963223457336 0.02187499962747097 0.06111111119389534
0 0.5054687261581421 0.697685182094574 0.02968749962747097 0.04722222313284874
0 0.43437498807907104 0.4694444537162781 0.03437500074505806 0.046296294778585434
0 0.4841145873069763 0.5134259462356567 0.02968749962747097 0.04722222313284874
0 0.559374988079071 0.31388887763023376 0.04270833358168602 0.05000000074505806