1 0.5552083253860474 0.8745370507240295 0.01875000074505806 0.03055555559694767
1 0.41067707538604736 0.19629628956317902 0.015104166232049465 0.025925925001502037
1 0.5505208373069763 0.5217592716217041 0.015625 0.032407406717538834
1 0.508593738079071 0.6074073910713196 0.015104166232049465 0.02777777798473835
1 0.5104166865348816 0.7532407641410828 0.01770833320915699 0.03055555559694767
1 0.7182291746139526 0.42592594027519226 0.01770833320915699 0.024074073880910873
1 0.3291666805744171 0.34398147463798523 0.015625 0.023148147389292717
1 0.3994791805744171 0.3185185194015503 0.01770833320915699 0.031481482088565826
0 0.4169270694255829 0.18611110746860504 0.03072916716337204 0.05000000074505806
1 0.5669270753860474 0.20277777314186096 0.015104166232049465 0.029629629105329514
0 0.4479166567325592 0.16620370745658875 0.03333333507180214 0.04722222313284874
1 0.46875 0.23055554926395416 0.01666666753590107 0.031481482088565826
0 0.3828125 0.2203703671693802 0.02708333358168602 0.05370370298624039
0 0.5138021111488342 0.5884259343147278 0.03281249850988388 0.08055555820465088
0 0.5562499761581421 0.8671296238899231 0.02708333358168602 0.05462963134050369
0 0.7174479365348816 0.40324074029922485 0.02968749962747097 0.08611111342906952
0 0.3309895694255829 0.32685184478759766 0.02968749962747097 0.06111111119389534
0 0.47994792461395264 0.1458333283662796 0.02968749962747097 0.04722222313284874
0 0.5145833492279053 0.772685170173645 0.03333333507180214 0.08796296268701553
0 0.45703125 0.22777777910232544 0.04218750074505806 0.05370370298624039
0 0.5822916626930237 0.2004629671573639 0.04791666567325592 0.06388889253139496
0 0.5648437738418579 0.5305555462837219 0.04739583283662796 0.06851851940155029
0 0.38880208134651184 0.3273148238658905 0.04635416716337204 0.07500000298023224