3 0.3348958194255829 0.7449073791503906 0.0625 0.11759259551763535
1 0.31692707538604736 0.6995370388031006 0.01822916604578495 0.02500000037252903
1 0.6617187261581421 0.6777777671813965 0.01822916604578495 0.029629629105329514
1 0.3606770932674408 0.792129635810852 0.01718750037252903 0.028703704476356506
1 0.6031249761581421 0.22361111640930176 0.02083333395421505 0.028703704476356506
1 0.592968761920929 0.8087962865829468 0.01614583283662796 0.028703704476356506
1 0.5575520992279053 0.5657407641410828 0.01718750037252903 0.02777777798473835
1 0.4440104067325592 0.5550925731658936 0.01822916604578495 0.032407406717538834
1 0.5036458373069763 0.4217592477798462 0.01770833320915699 0.032407406717538834
1 0.3499999940395355 0.2925925850868225 0.01770833320915699 0.029629629105329514
1 0.6182291507720947 0.3819444477558136 0.01770833320915699 0.03055555559694767
1 0.48750001192092896 0.3342592716217041 0.01875000074505806 0.02777777798473835
0 0.32109373807907104 0.717129647731781 0.02968749962747097 0.06759259104728699
0 0.6018229126930237 0.7884259223937988 0.0338541679084301 0.07685185223817825
1 0.6208333373069763 0.5518518686294556 0.01875000074505806 0.025925925001502037
0 0.3513020873069763 0.7810184955596924 0.03281249850988388 0.06018518656492233
0 0.6661458611488342 0.6657407283782959 0.03020833246409893 0.06666667014360428
0 0.36328125 0.2777777910232544 0.04322916641831398 0.06111111119389534
0 0.561718761920929 0.5412036776542664 0.03281249850988388 0.08796296268701553
0 0.3973958194255829 0.800000011920929 0.02916666679084301 0.08148147910833359
0 0.4895833432674408 0.3106481432914734 0.02916666679084301 0.08611111342906952
0 0.49010416865348816 0.4337962865829468 0.05000000074505806 0.06759259104728699
0 0.598437488079071 0.24629630148410797 0.03229166567325592 0.08518518507480621
0 0.6221354007720947 0.5800926089286804 0.03177083283662796 0.08981481194496155
0 0.45781248807907104 0.5407407283782959 0.04895833507180214 0.07592592388391495
0 0.6315104365348816 0.3680555522441864 0.04843749850988388 0.07314814627170563