1 0.47604167461395264 0.8467592597007751 0.01979166641831398 0.03055555559694767
1 0.3528645932674408 0.2518518567085266 0.01822916604578495 0.029629629105329514
1 0.6364583373069763 0.7643518447875977 0.01770833320915699 0.032407406717538834
3 0.36276042461395264 0.23657406866550446 0.04010416567325592 0.06388889253139496
3 0.38489583134651184 0.18703703582286835 0.05520833283662796 0.07407407462596893
0 0.3609375059604645 0.23981481790542603 0.03750000149011612 0.05740740895271301
1 0.3734374940395355 0.36342594027519226 0.01666666753590107 0.023148147389292717
1 0.4085937440395355 0.2569444477558136 0.01822916604578495 0.023148147389292717
1 0.39140623807907104 0.4333333373069763 0.01718750037252903 0.02777777798473835
1 0.6122395992279053 0.7537037134170532 0.01927083358168602 0.029629629105329514
1 0.6971353888511658 0.5800926089286804 0.01614583283662796 0.02500000037252903
1 0.2958333194255829 0.4393518567085266 0.01875000074505806 0.03055555559694767
1 0.44999998807907104 0.4254629611968994 0.01875000074505806 0.026851851493120193
0 0.39895832538604736 0.4087963104248047 0.03437500074505806 0.07314814627170563
1 0.3252604305744171 0.44305557012557983 0.01718750037252903 0.02500000037252903
0 0.6408854126930237 0.7680555582046509 0.03177083283662796 0.06388889253139496
1 0.32630208134651184 0.7365740537643433 0.01822916604578495 0.028703704476356506
0 0.4088541567325592 0.28240740299224854 0.02708333358168602 0.0833333358168602
0 0.3921875059604645 0.18287037312984467 0.0416666679084301 0.06203703582286835
0 0.6098958253860474 0.7754629850387573 0.02708333358168602 0.08796296268701553
0 0.2945312559604645 0.4671296179294586 0.02864583395421505 0.08981481194496155
0 0.33125001192092896 0.41712963581085205 0.03229166567325592 0.07685185223817825
0 0.4505208432674408 0.39629629254341125 0.02812499925494194 0.08518518507480621
0 0.7005208134651184 0.5578703880310059 0.03229166567325592 0.0972222238779068
0 0.33515626192092896 0.7555555701255798 0.04218750074505806 0.07962962985038757
0 0.37291666865348816 0.3361110985279083 0.02812499925494194 0.0833333358168602