1 0.5333333611488342 0.8745370507240295 0.015625 0.02500000037252903
1 0.43359375 0.8592592477798462 0.01927083358168602 0.029629629105329514
1 0.5033854246139526 0.7370370626449585 0.01822916604578495 0.02777777798473835
1 0.3333333432674408 0.729629635810852 0.014583333395421505 0.025925925001502037
1 0.7005208134651184 0.39953702688217163 0.01770833320915699 0.028703704476356506
1 0.44869792461395264 0.8439815044403076 0.01822916604578495 0.026851851493120193
1 0.4749999940395355 0.7388888597488403 0.015625 0.02777777798473835
1 0.4869791567325592 0.5138888955116272 0.015625 0.02777777798473835
1 0.6950520873069763 0.572685182094574 0.01822916604578495 0.028703704476356506
0 0.43802082538604736 0.8708333373069763 0.03229166567325592 0.06759259104728699
1 0.40234375 0.7282407283782959 0.01718750037252903 0.026851851493120193
1 0.6656249761581421 0.7384259104728699 0.014583333395421505 0.028703704476356506
1 0.3083333373069763 0.3523148000240326 0.01770833320915699 0.021296296268701553
1 0.6752604246139526 0.3384259343147278 0.01927083358168602 0.026851851493120193
0 0.3265624940395355 0.7222222089767456 0.03437500074505806 0.06666667014360428
1 0.5809895992279053 0.29305556416511536 0.01614583283662796 0.03055555559694767
0 0.44479167461395264 0.8189814686775208 0.03333333507180214 0.07129629701375961
0 0.3101562559604645 0.3333333432674408 0.02864583395421505 0.06851851940155029
0 0.6940104365348816 0.38333332538604736 0.04635416716337204 0.07037036865949631
0 0.5005208253860474 0.7532407641410828 0.03020833246409893 0.08796296268701553
0 0.4664062559604645 0.7199074029922485 0.03593749925494194 0.08055555820465088
0 0.4921875 0.494907408952713 0.04062499850988388 0.0824074074625969
0 0.67578125 0.7263888716697693 0.0390625 0.07314814627170563
0 0.39921873807907104 0.7074074149131775 0.04010416567325592 0.09074074029922485
0 0.6708333492279053 0.3087962865829468 0.0364583320915699 0.08425925672054291
0 0.6880208253860474 0.5560185313224792 0.04583333432674408 0.08611111342906952
0 0.5927083492279053 0.2819444537162781 0.04791666567325592 0.07129629701375961