1 0.49557292461395264 0.7907407283782959 0.015104166232049465 0.02777777798473835
1 0.629687488079071 0.730555534362793 0.01666666753590107 0.025925925001502037
1 0.5408853888511658 0.17314815521240234 0.01614583283662796 0.035185184329748154
3 0.4247395694255829 0.18425926566123962 0.06614582985639572 0.08148147910833359
1 0.6049479246139526 0.7736111283302307 0.01614583283662796 0.03055555559694767
1 0.6158854365348816 0.47453704476356506 0.01614583283662796 0.026851851493120193
1 0.38880208134651184 0.802314817905426 0.01406249962747097 0.026851851493120193
1 0.5494791865348816 0.6930555701255798 0.01354166679084301 0.028703704476356506
0 0.5260416865348816 0.8032407164573669 0.0364583320915699 0.06759259104728699
0 0.49791666865348816 0.31990739703178406 0.03541666641831398 0.08055555820465088
0 0.6338541507720947 0.7083333134651184 0.02812499925494194 0.06851851940155029
0 0.40963542461395264 0.20000000298023224 0.03802083432674408 0.04814814776182175
0 0.38072916865348816 0.7893518805503845 0.03958333283662796 0.07685185223817825
0 0.4893229305744171 0.8064814805984497 0.02760416641831398 0.06666667014360428
0 0.6135416626930237 0.7699074149131775 0.03229166567325592 0.05462963134050369
0 0.4950520694255829 0.5800926089286804 0.04010416567325592 0.07685185223817825
0 0.44192707538604736 0.16111111640930176 0.03281249850988388 0.046296294778585434
0 0.6239583492279053 0.48842594027519226 0.04062499850988388 0.07500000298023224
0 0.5388020873069763 0.6953703761100769 0.0442708320915699 0.05925925821065903
0 0.532031238079071 0.1666666716337204 0.03697916492819786 0.06111111119389534