1 0.29765623807907104 0.5925925970077515 0.02239583246409893 0.03703703731298447
1 0.3541666567325592 0.6620370149612427 0.01666666753590107 0.03333333507180214
0 0.553906261920929 0.6620370149612427 0.04531250149011612 0.08888889104127884
1 0.35364583134651184 0.6837962865829468 0.01770833320915699 0.028703704476356506
3 0.2984375059604645 0.5907407402992249 0.03333333507180214 0.1259259283542633
0 0.2919270694255829 0.4902777671813965 0.02656250074505806 0.05648148059844971
0 0.30000001192092896 0.5486111044883728 0.03020833246409893 0.06759259104728699
0 0.3463541567325592 0.6328703761100769 0.03854166716337204 0.06018518656492233
1 0.6065104007720947 0.22685185074806213 0.01406249962747097 0.025925925001502037
1 0.4117187559604645 0.7532407641410828 0.01406249962747097 0.032407406717538834
1 0.31432291865348816 0.6712962985038757 0.01718750037252903 0.024074073880910873
1 0.6072916388511658 0.5263888835906982 0.015625 0.034259259700775146
1 0.47187501192092896 0.7185184955596924 0.015625 0.031481482088565826
0 0.2979166805744171 0.6134259104728699 0.02708333358168602 0.0694444477558136
0 0.31692707538604736 0.6893518567085266 0.02760416641831398 0.06574074178934097
1 0.5395833253860474 0.6865741014480591 0.015625 0.028703704476356506
0 0.35885417461395264 0.7055555582046509 0.02916666679084301 0.06666667014360428
0 0.3388020694255829 0.5601851940155029 0.02760416641831398 0.07037036865949631
3 0.2942708432674408 0.519444465637207 0.03333333507180214 0.11296296119689941
3 0.34427082538604736 0.5930555462837219 0.04374999925494194 0.125
0 0.6187499761581421 0.5171296000480652 0.05000000074505806 0.07500000298023224
0 0.616406261920929 0.23657406866550446 0.03593749925494194 0.06388889253139496
0 0.48489582538604736 0.706944465637207 0.046875 0.06759259104728699
0 0.42526042461395264 0.7439814805984497 0.04635416716337204 0.06759259104728699