3 0.5989583134651184 0.2796296179294586 0.03333333507180214 0.11296296119689941
1 0.3453125059604645 0.26435184478759766 0.01770833320915699 0.01944444514811039
1 0.3257812559604645 0.3662036955356598 0.01614583283662796 0.026851851493120193
0 0.42395833134651184 0.8310185074806213 0.03020833246409893 0.034259259700775146
3 0.6057291626930237 0.3254629671573639 0.0416666679084301 0.10462962836027145
0 0.6109374761581421 0.41203704476356506 0.04062499850988388 0.05925925821065903
1 0.598437488079071 0.26759257912635803 0.014583333395421505 0.02222222276031971
1 0.41197916865348816 0.7425925731658936 0.014583333395421505 0.029629629105329514
3 0.5893229246139526 0.2569444477558136 0.03802083432674408 0.10462962836027145
3 0.6143229007720947 0.38425925374031067 0.04218750074505806 0.1111111119389534
1 0.6661458611488342 0.3712962865829468 0.01770833320915699 0.02777777798473835
1 0.5763021111488342 0.2203703671693802 0.015104166232049465 0.025925925001502037
0 0.3958333432674408 0.8064814805984497 0.03229166567325592 0.0555555559694767
3 0.40833333134651184 0.8106481432914734 0.05937499925494194 0.07314814627170563
0 0.5859375 0.23101851344108582 0.03437500074505806 0.05648148059844971
0 0.6690104007720947 0.3898148238658905 0.0234375 0.07037036865949631
0 0.34765625 0.24583333730697632 0.02968749962747097 0.06203703582286835
0 0.31848958134651184 0.3453703820705414 0.03697916492819786 0.07777778059244156
0 0.39791667461395264 0.7365740537643433 0.04583333432674408 0.05648148059844971