3 0.42500001192092896 0.8689814805984497 0.05624999850988388 0.08611111342906952
0 0.3382812440395355 0.7263888716697693 0.04635416716337204 0.1101851835846901
3 0.34296876192092896 0.7277777791023254 0.04843749850988388 0.11851851642131805
1 0.4833333194255829 0.255092591047287 0.01770833320915699 0.03055555559694767
1 0.6888020634651184 0.3523148000240326 0.01822916604578495 0.026851851493120193
1 0.5325520634651184 0.875 0.01718750037252903 0.025925925001502037
0 0.3486979305744171 0.7361111044883728 0.02760416641831398 0.08703703433275223
1 0.4427083432674408 0.8541666865348816 0.02291666716337204 0.032407406717538834
1 0.43567708134651184 0.8578703999519348 0.01822916604578495 0.034259259700775146
1 0.35234373807907104 0.7606481313705444 0.01614583283662796 0.03055555559694767
0 0.41197916865348816 0.8486111164093018 0.03125 0.05092592537403107
1 0.49557292461395264 0.8402777910232544 0.01718750037252903 0.03055555559694767
1 0.4046874940395355 0.37453705072402954 0.014583333395421505 0.032407406717538834
0 0.44062501192092896 0.8787037134170532 0.02708333358168602 0.07037036865949631
1 0.4013020694255829 0.6532407402992249 0.01718750037252903 0.028703704476356506
1 0.4348958432674408 0.44398146867752075 0.015625 0.03055555559694767
1 0.6466146111488342 0.7546296119689941 0.01614583283662796 0.024074073880910873
1 0.4049479067325592 0.8388888835906982 0.01822916604578495 0.029629629105329514
1 0.5080729126930237 0.1310185194015503 0.01406249962747097 0.028703704476356506
1 0.37708333134651184 0.8157407641410828 0.01770833320915699 0.029629629105329514
1 0.48828125 0.6356481313705444 0.01822916604578495 0.028703704476356506
1 0.32630208134651184 0.7291666865348816 0.01822916604578495 0.026851851493120193
0 0.3674479126930237 0.8037037253379822 0.03281249850988388 0.06296296417713165
0 0.32343751192092896 0.7092592716217041 0.02291666716337204 0.07407407462596893
0 0.6916666626930237 0.3652777671813965 0.03125 0.08055555820465088
0 0.6419270634651184 0.7393518686294556 0.04010416567325592 0.07870370149612427
0 0.49010416865348816 0.6101852059364319 0.03437500074505806 0.10000000149011612
0 0.4984374940395355 0.12870369851589203 0.03854166716337204 0.0555555559694767
0 0.4830729067325592 0.23749999701976776 0.02760416641831398 0.09907407313585281
0 0.44843751192092896 0.43101853132247925 0.04583333432674408 0.07500000298023224
0 0.41718751192092896 0.3768518567085266 0.04791666567325592 0.06851851940155029
0 0.39895832538604736 0.6268518567085266 0.0364583320915699 0.09814814478158951