1 0.7749999761581421 0.25046294927597046 0.02083333395421505 0.034259259700775146
1 0.16692708432674408 0.6490740776062012 0.02447916753590107 0.03703703731298447
1 0.5622395873069763 0.8037037253379822 0.02239583246409893 0.031481482088565826
1 0.7734375 0.34074074029922485 0.02083333395421505 0.029629629105329514
1 0.3760416805744171 0.37453705072402954 0.02083333395421505 0.034259259700775146
0 0.17604166269302368 0.6282407641410828 0.046875 0.07870370149612427
1 0.625781238079071 0.6703703999519348 0.02552083320915699 0.03703703731298447
0 0.7838541865348816 0.23425926268100739 0.03958333283662796 0.06481481343507767
0 0.7713541388511658 0.364814817905426 0.03541666641831398 0.08148147910833359
0 0.20598958432674408 0.8074073791503906 0.0494791679084301 0.06481481343507767
0 0.4007812440395355 0.33472222089767456 0.04322916641831398 0.06388889253139496
0 0.359375 0.39444443583488464 0.05000000074505806 0.07592592388391495
0 0.6273437738418579 0.7097222208976746 0.0442708320915699 0.10277777910232544
0 0.5627604126930237 0.7787036895751953 0.04114583507180214 0.08703703433275223