0 0.5932291746139526 0.8472222089767456 0.02500000037252903 0.05370370298624039
1 0.3369791805744171 0.2726851999759674 0.01770833320915699 0.02500000037252903
1 0.4752604067325592 0.8472222089767456 0.02031249925494194 0.029629629105329514
1 0.5882812738418579 0.8282407522201538 0.01718750037252903 0.02500000037252903
1 0.38723957538604736 0.8148148059844971 0.01614583283662796 0.02777777798473835
1 0.4494791626930237 0.427314817905426 0.01875000074505806 0.03055555559694767
1 0.3734374940395355 0.3652777671813965 0.01666666753590107 0.02500000037252903
1 0.39010417461395264 0.4375 0.01770833320915699 0.026851851493120193
1 0.6664062738418579 0.3134259283542633 0.01718750037252903 0.026851851493120193
0 0.39765626192092896 0.41203704476356506 0.03593749925494194 0.07407407462596893
1 0.6953125 0.5907407402992249 0.01666666753590107 0.031481482088565826
1 0.5005208253860474 0.14120370149612427 0.015625 0.03055555559694767
1 0.42395833134651184 0.24675926566123962 0.01979166641831398 0.032407406717538834
1 0.6346353888511658 0.3324074149131775 0.02031249925494194 0.02777777798473835
0 0.3440104126930237 0.2509259283542633 0.03072916716337204 0.06666667014360428
1 0.3244791626930237 0.4444444477558136 0.01875000074505806 0.02777777798473835
0 0.31562501192092896 0.3134259283542633 0.03333333507180214 0.06203703582286835
0 0.6752604246139526 0.33009257912635803 0.0338541679084301 0.08055555820465088
0 0.37317708134651184 0.34074074029922485 0.02864583395421505 0.08518518507480621
0 0.3296875059604645 0.4185185134410858 0.0364583320915699 0.07962962985038757
0 0.6848958134651184 0.6120370626449585 0.04374999925494194 0.0833333358168602
0 0.62890625 0.3027777671813965 0.03177083283662796 0.08888889104127884
0 0.4151041805744171 0.2606481611728668 0.03958333283662796 0.06759259104728699
0 0.39401042461395264 0.8291666507720947 0.03489583358168602 0.06574074178934097
0 0.45104166865348816 0.3976851999759674 0.03229166567325592 0.09537036716938019
0 0.4885416626930237 0.13703703880310059 0.04374999925494194 0.06666667014360428