1 0.1101851835846901 0.3533805012702942 0.06481481343507767 0.05424528196454048
0 0.3125 0.30306604504585266 0.05833333358168602 0.07783018797636032
0 0.7365740537643433 0.28223270177841187 0.032407406717538834 0.026729559525847435
0 0.4555555582046509 0.27476415038108826 0.031481482088565826 0.025943396613001823
1 0.07268518209457397 0.4661949574947357 0.028703704476356506 0.022012578323483467
1 0.5986111164093018 0.35691824555397034 0.034259259700775146 0.01886792480945587
4 0.37453705072402954 0.3203616440296173 0.06574074178934097 0.057389937341213226
0 0.3768518567085266 0.31603774428367615 0.06111111119389534 0.05188679322600365
1 0.7370370626449585 0.2853773534297943 0.029629629105329514 0.01886792480945587
1 0.07222222536802292 0.4948899447917938 0.03333333507180214 0.025943396613001823
0 0.5976851582527161 0.35770440101623535 0.043518517166376114 0.028301887214183807
1 0.3092592656612396 0.2692610025405884 0.03703703731298447 0.021226415410637856
1 0.09861110895872116 0.347484290599823 0.03611111268401146 0.02987421303987503
1 0.19166666269302368 0.4158805012702942 0.029629629105329514 0.025157231837511063
1 0.657870352268219 0.5369496941566467 0.032407406717538834 0.022012578323483467
1 0.17314815521240234 0.38443395495414734 0.031481482088565826 0.025157231837511063
1 0.45370370149612427 0.27319180965423584 0.02777777798473835 0.021226415410637856
1 0.44212964177131653 0.3345125913619995 0.032407406717538834 0.019654087722301483
1 0.302314817905426 0.3317610025405884 0.03055555559694767 0.022012578323483467
3 0.602314829826355 0.3832547068595886 0.06018518656492233 0.0762578621506691
1 0.7550926208496094 0.34944969415664673 0.03055555559694767 0.019654087722301483
1 0.3921296298503876 0.31682389974594116 0.026851851493120193 0.01886792480945587
0 0.4810185134410858 0.28694969415664673 0.08425925672054291 0.05345911905169487
0 0.31018519401550293 0.2716194987297058 0.040740739554166794 0.027515722438693047
0 0.602314829826355 0.3812893033027649 0.05833333358168602 0.07704402506351471
1 0.1458333283662796 0.5542452931404114 0.034259259700775146 0.026729559525847435
0 0.644444465637207 0.5613207817077637 0.06111111119389534 0.07232704758644104
0 0.4555555582046509 0.35809749364852905 0.06296296417713165 0.06682389974594116
1 0.33796295523643494 0.6253930926322937 0.03888889029622078 0.02908805012702942
1 0.23425926268100739 0.5165094137191772 0.03333333507180214 0.026729559525847435
0 0.1666666716337204 0.4249213933944702 0.07962962985038757 0.04638364911079407
0 0.7208333611488342 0.2649371027946472 0.0694444477558136 0.06761006265878677
0 0.13379628956317902 0.5345911979675293 0.05648148059844971 0.069182388484478
0 0.36250001192092896 0.6104559898376465 0.08425925672054291 0.06053459271788597
0 0.21805556118488312 0.49803459644317627 0.07129629701375961 0.06996855139732361
0 0.7541666626930237 0.3317610025405884 0.04722222313284874 0.05974842607975006
0 0.1893518567085266 0.365959107875824 0.06018518656492233 0.05896226316690445
0 0.07592592388391495 0.4799528419971466 0.05370370298624039 0.06682389974594116
0 0.11064814776182175 0.3541666567325592 0.06574074178934097 0.05424528196454048