1 0.4807291626930237 0.8921296000480652 0.01875000074505806 0.026851851493120193
1 0.5036458373069763 0.7365740537643433 0.01770833320915699 0.028703704476356506
1 0.6393229365348816 0.23796296119689941 0.02031249925494194 0.03333333507180214
1 0.43359375 0.8592592477798462 0.01822916604578495 0.02777777798473835
1 0.4479166567325592 0.8444444537162781 0.01770833320915699 0.025925925001502037
1 0.694531261920929 0.5722222328186035 0.01614583283662796 0.029629629105329514
1 0.3346354067325592 0.730555534362793 0.013020833022892475 0.025925925001502037
1 0.6661458611488342 0.7402777671813965 0.014583333395421505 0.026851851493120193
3 0.6135416626930237 0.3097222149372101 0.06458333134651184 0.0972222238779068
1 0.6661458611488342 0.29398149251937866 0.02187499962747097 0.034259259700775146
1 0.30807292461395264 0.35185185074806213 0.01718750037252903 0.020370369777083397
0 0.4377604126930237 0.8736110925674438 0.03072916716337204 0.06388889253139496
1 0.4729166626930237 0.7379629611968994 0.014583333395421505 0.02777777798473835
0 0.5989583134651184 0.27824074029922485 0.03750000149011612 0.049074072390794754
1 0.6153646111488342 0.30509260296821594 0.01614583283662796 0.02500000037252903
1 0.4033854305744171 0.7259259223937988 0.01614583283662796 0.02777777798473835
0 0.6640625 0.2736110985279083 0.03229166567325592 0.07685185223817825
0 0.32630208134651184 0.7217592597007751 0.0338541679084301 0.06388889253139496
0 0.6234375238418579 0.32407405972480774 0.0364583320915699 0.07222222536802292
3 0.6460937261581421 0.25231480598449707 0.07343749701976776 0.11759259551763535
1 0.5885416865348816 0.28425925970077515 0.01666666753590107 0.029629629105329514
0 0.4453125 0.8162037134170532 0.03229166567325592 0.0694444477558136
0 0.31067708134651184 0.3324074149131775 0.02864583395421505 0.06851851940155029
0 0.6291666626930237 0.2222222238779068 0.0364583320915699 0.06111111119389534
0 0.500781238079071 0.7513889074325562 0.03072916716337204 0.08425925672054291
0 0.4661458432674408 0.7185184955596924 0.03437500074505806 0.07777778059244156
0 0.3984375 0.7064814567565918 0.03854166716337204 0.08518518507480621
0 0.6755208373069763 0.7268518805503845 0.03750000149011612 0.07222222536802292
0 0.6872395873069763 0.5550925731658936 0.04322916641831398 0.0824074074625969