1 0.3895833194255829 0.5 0.01875000074505806 0.029629629105329514
1 0.5291666388511658 0.307407408952713 0.01666666753590107 0.02777777798473835
1 0.5278645753860474 0.4680555462837219 0.01614583283662796 0.028703704476356506
1 0.48489582538604736 0.7055555582046509 0.014583333395421505 0.02777777798473835
1 0.539843738079071 0.35740742087364197 0.01718750037252903 0.031481482088565826
1 0.67578125 0.4148148000240326 0.01822916604578495 0.029629629105329514
1 0.5648437738418579 0.4962962865829468 0.01718750037252903 0.025925925001502037
1 0.5171874761581421 0.17037037014961243 0.01666666753590107 0.031481482088565826
1 0.6174479126930237 0.7629629373550415 0.01822916604578495 0.02777777798473835
1 0.4794270694255829 0.30416667461395264 0.01614583283662796 0.026851851493120193
1 0.41979166865348816 0.1856481432914734 0.01979166641831398 0.03055555559694767
0 0.5348958373069763 0.28425925970077515 0.02500000037252903 0.07407407462596893
0 0.6690104007720947 0.4365740716457367 0.03072916716337204 0.07870370149612427
0 0.5716145634651184 0.4749999940395355 0.03281249850988388 0.07777778059244156
0 0.3828125 0.5208333134651184 0.03541666641831398 0.07685185223817825
0 0.5210937261581421 0.48750001192092896 0.03281249850988388 0.07314814627170563
0 0.4885416626930237 0.2865740656852722 0.0364583320915699 0.06574074178934097
0 0.6231771111488342 0.7393518686294556 0.02864583395421505 0.08055555820465088
0 0.4307291805744171 0.8370370268821716 0.03229166567325592 0.06111111119389534
0 0.5044270753860474 0.16944444179534912 0.04218750074505806 0.04444444552063942
0 0.5236979126930237 0.35555556416511536 0.0494791679084301 0.05000000074505806
0 0.42395833134651184 0.21064814925193787 0.02812499925494194 0.0824074074625969
0 0.4684895873069763 0.7027778029441833 0.04739583283662796 0.05370370298624039