0 0.31328123807907104 0.6888889074325562 0.0442708320915699 0.06666667014360428
1 0.6213541626930237 0.26435184478759766 0.012500000186264515 0.02500000037252903
3 0.484375 0.677314817905426 0.0520833320915699 0.10092592239379883
3 0.3138020932674408 0.6884258985519409 0.0442708320915699 0.07685185223817825
1 0.3010416626930237 0.6736111044883728 0.01666666753590107 0.028703704476356506
0 0.5778645873069763 0.8245370388031006 0.0338541679084301 0.037962961941957474
0 0.6057291626930237 0.7833333611488342 0.03437500074505806 0.05000000074505806
3 0.6052083373069763 0.7819444537162781 0.03541666641831398 0.05462963134050369
1 0.4658854305744171 0.635185182094574 0.01718750037252903 0.024074073880910873
0 0.49531251192092896 0.7037037014961243 0.03541666641831398 0.06666667014360428
1 0.46666666865348816 0.7458333373069763 0.014583333395421505 0.023148147389292717
1 0.5104166865348816 0.7749999761581421 0.01666666753590107 0.029629629105329514
1 0.33203125 0.26342591643333435 0.015104166232049465 0.02500000037252903
1 0.3864583373069763 0.4888888895511627 0.01666666753590107 0.02777777798473835
1 0.2776041626930237 0.5189814567565918 0.01875000074505806 0.02500000037252903
0 0.32630208134651184 0.7458333373069763 0.02447916753590107 0.05833333358168602
0 0.46875 0.6532407402992249 0.02395833283662796 0.06203703582286835
0 0.32343751192092896 0.2819444537162781 0.02916666679084301 0.06388889253139496
0 0.49921876192092896 0.7717592716217041 0.03802083432674408 0.04537037014961243
0 0.2763020694255829 0.49953705072402954 0.02760416641831398 0.06759259104728699
0 0.6302083134651184 0.2777777910232544 0.03020833246409893 0.06111111119389534
0 0.39765626192092896 0.4749999940395355 0.04531250149011612 0.07037036865949631
0 0.45755207538604736 0.7365740537643433 0.03072916716337204 0.04537037014961243