0 0.5934895873069763 0.8199074268341064 0.02447916753590107 0.03055555559694767
1 0.41588541865348816 0.5212963223457336 0.01406249962747097 0.020370369777083397
1 0.48359376192092896 0.5699074268341064 0.01614583283662796 0.026851851493120193
1 0.5083333253860474 0.5361111164093018 0.015625 0.02777777798473835
1 0.4078125059604645 0.47268518805503845 0.01145833358168602 0.023148147389292717
1 0.4723958373069763 0.31203705072402954 0.015625 0.025925925001502037
1 0.5247395634651184 0.28148147463798523 0.015104166232049465 0.025925925001502037
1 0.3127604126930237 0.5685185194015503 0.01406249962747097 0.025925925001502037
1 0.4143229126930237 0.6041666865348816 0.01406249962747097 0.023148147389292717
0 0.49609375 0.28518518805503845 0.02968749962747097 0.04814814776182175
1 0.62890625 0.6194444298744202 0.01718750037252903 0.024074073880910873
0 0.4976562559604645 0.5449073910713196 0.04114583507180214 0.04722222313284874
1 0.33385416865348816 0.3819444477558136 0.014583333395421505 0.02500000037252903
1 0.28515625 0.4833333194255829 0.01614583283662796 0.024074073880910873
0 0.4765625 0.5958333611488342 0.03333333507180214 0.05833333358168602
0 0.5333333611488342 0.2995370328426361 0.03125 0.06018518656492233
0 0.32499998807907104 0.3638888895511627 0.0416666679084301 0.07592592388391495
0 0.4088541567325592 0.6208333373069763 0.03020833246409893 0.06203703582286835
0 0.4778645932674408 0.33194443583488464 0.02760416641831398 0.06203703582286835
0 0.4544270932674408 0.5222222208976746 0.03593749925494194 0.04444444552063942
0 0.4216145873069763 0.5416666865348816 0.02760416641831398 0.05925925821065903
0 0.2854166626930237 0.4601851999759674 0.03125 0.07407407462596893
0 0.3981770873069763 0.48564815521240234 0.03177083283662796 0.05092592537403107
0 0.625 0.6435185074806213 0.03125 0.07592592388391495
0 0.3231770694255829 0.5601851940155029 0.04322916641831398 0.07037036865949631