0 0.41588541865348816 0.8564814925193787 0.03489583358168602 0.03703703731298447
0 0.3062500059604645 0.36759260296821594 0.03541666641831398 0.09814814478158951
1 0.2822916805744171 0.4384259283542633 0.01666666753590107 0.02500000037252903
0 0.40442708134651184 0.8467592597007751 0.05572916567325592 0.06574074178934097
1 0.2776041626930237 0.5245370268821716 0.01770833320915699 0.02500000037252903
1 0.643750011920929 0.3046296238899231 0.014583333395421505 0.02222222276031971
1 0.29114583134651184 0.3768518567085266 0.014583333395421505 0.02222222276031971
1 0.44348958134651184 0.8745370507240295 0.013020833022892475 0.028703704476356506
1 0.6130208373069763 0.24537037312984467 0.015625 0.025925925001502037
1 0.5015624761581421 0.16342592239379883 0.015625 0.028703704476356506
1 0.3877604305744171 0.8305555582046509 0.01822916604578495 0.02777777798473835
1 0.5255208611488342 0.3777777850627899 0.01770833320915699 0.02777777798473835
1 0.4296875 0.16527777910232544 0.015625 0.032407406717538834
0 0.2848958373069763 0.41712963581085205 0.02708333358168602 0.07314814627170563
0 0.6200520992279053 0.25555557012557983 0.03072916716337204 0.06296296417713165
0 0.6510416865348816 0.3231481611728668 0.03437500074505806 0.06296296417713165
0 0.27812498807907104 0.5453703999519348 0.03020833246409893 0.0833333358168602
0 0.4544270932674408 0.8736110925674438 0.0338541679084301 0.043518517166376114
0 0.5270833373069763 0.3550925850868225 0.02916666679084301 0.08981481194496155
0 0.3372395932674408 0.24583333730697632 0.03177083283662796 0.06388889253139496
0 0.4411458373069763 0.15740740299224854 0.04270833358168602 0.05925925821065903
0 0.5127604007720947 0.1597222238779068 0.03802083432674408 0.05092592537403107