1 0.3880208432674408 0.3092592656612396 0.01666666753590107 0.029629629105329514
1 0.6640625 0.6615740656852722 0.01770833320915699 0.026851851493120193
1 0.4242187440395355 0.4731481373310089 0.01614583283662796 0.031481482088565826
1 0.6539062261581421 0.442592591047287 0.01718750037252903 0.02777777798473835
1 0.3205729126930237 0.7134259343147278 0.01927083358168602 0.028703704476356506
1 0.6080729365348816 0.7763888835906982 0.01927083358168602 0.028703704476356506
1 0.4270833432674408 0.38333332538604736 0.015625 0.029629629105329514
0 0.41354167461395264 0.38935184478759766 0.04374999925494194 0.05092592537403107
1 0.3955729305744171 0.23101851344108582 0.01614583283662796 0.032407406717538834
1 0.6739583611488342 0.4287036955356598 0.01979166641831398 0.025925925001502037
1 0.5861979126930237 0.5361111164093018 0.01614583283662796 0.03333333507180214
1 0.539843738079071 0.18287037312984467 0.01614583283662796 0.028703704476356506
1 0.4114583432674408 0.5990740656852722 0.02083333395421505 0.02777777798473835
1 0.5786458253860474 0.4347222149372101 0.01666666753590107 0.03055555559694767
0 0.671875 0.40324074029922485 0.03125 0.07500000298023224
0 0.6567708253860474 0.46990740299224854 0.02812499925494194 0.08425925672054291
0 0.4104166626930237 0.46481481194496155 0.0416666679084301 0.06111111119389534
0 0.3739583194255829 0.31805557012557983 0.04270833358168602 0.05462963134050369
0 0.38333332538604736 0.24351851642131805 0.03958333283662796 0.05740740895271301
0 0.66015625 0.6814814805984497 0.02968749962747097 0.07037036865949631
0 0.602343738079071 0.7972221970558167 0.03281249850988388 0.06666667014360428
0 0.52734375 0.17407406866550446 0.03697916492819786 0.05370370298624039
0 0.4151041805744171 0.5759259462356567 0.03125 0.08703703433275223
0 0.5723958611488342 0.5462962985038757 0.04895833507180214 0.07222222536802292
0 0.3291666805744171 0.7342592477798462 0.03750000149011612 0.07407407462596893
0 0.5934895873069763 0.4435185194015503 0.04843749850988388 0.07592592388391495