1 0.36536458134651184 0.7620370388031006 0.01406249962747097 0.024074073880910873
1 0.5033854246139526 0.8379629850387573 0.015104166232049465 0.02777777798473835
1 0.32630208134651184 0.6462963223457336 0.01614583283662796 0.025925925001502037
1 0.38723957538604736 0.664814829826355 0.01822916604578495 0.02777777798473835
0 0.5299479365348816 0.8449074029922485 0.03072916716337204 0.034259259700775146
1 0.3153645694255829 0.5708333253860474 0.01822916604578495 0.021296296268701553
1 0.40156251192092896 0.19583334028720856 0.01354166679084301 0.026851851493120193
1 0.3864583373069763 0.5236111283302307 0.015625 0.028703704476356506
0 0.3138020932674408 0.542129635810852 0.02760416641831398 0.07870370149612427
1 0.40416666865348816 0.3712962865829468 0.015625 0.025925925001502037
1 0.6994791626930237 0.42129629850387573 0.01770833320915699 0.025925925001502037
1 0.635937511920929 0.3523148000240326 0.01666666753590107 0.026851851493120193
0 0.38880208134651184 0.2074074000120163 0.0390625 0.05925925821065903
0 0.48828125 0.8287037014961243 0.0390625 0.051851850003004074
0 0.702343761920929 0.44305557012557983 0.02760416641831398 0.08425925672054291
0 0.32369792461395264 0.6236110925674438 0.02968749962747097 0.08055555820465088
0 0.3971354067325592 0.3490740656852722 0.03489583358168602 0.07777778059244156
0 0.3971354067325592 0.5402777791023254 0.04531250149011612 0.0824074074625969
0 0.6622396111488342 0.27222222089767456 0.03281249850988388 0.06111111119389534
0 0.6307291388511658 0.3222222328186035 0.03125 0.09259258955717087
0 0.38880208134651184 0.6875 0.03177083283662796 0.0824074074625969
0 0.3723958432674408 0.7685185074806213 0.0364583320915699 0.05740740895271301