0 0.4466145932674408 0.7328703999519348 0.0598958320915699 0.125
1 0.4963541626930237 0.8870370388031006 0.01979166641831398 0.029629629105329514
1 0.4299479126930237 0.779629647731781 0.02031249925494194 0.02777777798473835
1 0.04505208507180214 0.2958333194255829 0.015104166232049465 0.02500000037252903
1 0.7403646111488342 0.5393518805503845 0.01822916604578495 0.026851851493120193
1 0.01536458358168602 0.5259259343147278 0.01822916604578495 0.029629629105329514
1 0.04531250149011612 0.38425925374031067 0.01770833320915699 0.02777777798473835
1 0.4091145694255829 0.8370370268821716 0.015104166232049465 0.025925925001502037
1 0.4945312440395355 0.18703703582286835 0.01614583283662796 0.029629629105329514
1 0.6338541507720947 0.730555534362793 0.01875000074505806 0.029629629105329514
0 0.01406249962747097 0.18888889253139496 0.02812499925494194 0.03703703731298447
1 0.58984375 0.8532407283782959 0.01822916604578495 0.028703704476356506
1 0.7320312261581421 0.4634259343147278 0.01718750037252903 0.028703704476356506
1 0.03489583358168602 0.22962963581085205 0.012500000186264515 0.02222222276031971
0 0.04479166492819786 0.3722222149372101 0.02604166604578495 0.07777778059244156
1 0.5697916746139526 0.7925925850868225 0.01666666753590107 0.029629629105329514
0 0.45885416865348816 0.7106481194496155 0.0364583320915699 0.07314814627170563
0 0.507031261920929 0.9050925970077515 0.03281249850988388 0.05648148059844971
0 0.014322916977107525 0.5078703761100769 0.02760416641831398 0.08055555820465088
0 0.7348958253860474 0.4800925850868225 0.03125 0.07685185223817825
0 0.737500011920929 0.5592592358589172 0.03333333507180214 0.07962962985038757
0 0.04114583507180214 0.3143518567085266 0.02604166604578495 0.0694444477558136
0 0.03072916716337204 0.2430555522441864 0.02916666679084301 0.05648148059844971
3 0.4468750059604645 0.729629635810852 0.05937499925494194 0.12222222238779068
0 0.42890626192092896 0.7574074268341064 0.02656250074505806 0.07037036865949631
0 0.4846354126930237 0.20185184478759766 0.03593749925494194 0.06851851940155029
0 0.3960937559604645 0.8277778029441833 0.0442708320915699 0.07222222536802292
0 0.5815104246139526 0.8685185313224792 0.03802083432674408 0.06481481343507767
0 0.6361979246139526 0.7550926208496094 0.02864583395421505 0.08611111342906952
0 0.5575520992279053 0.7810184955596924 0.04843749850988388 0.07129629701375961