0 0.42109376192092896 0.854629635810852 0.03072916716337204 0.046296294778585434
0 0.43359375 0.8263888955116272 0.02552083320915699 0.05092592537403107
1 0.522656261920929 0.3810185194015503 0.01718750037252903 0.02500000037252903
1 0.4619791805744171 0.1606481522321701 0.01770833320915699 0.03055555559694767
1 0.3671875 0.21898147463798523 0.014583333395421505 0.026851851493120193
1 0.4950520694255829 0.7092592716217041 0.01822916604578495 0.024074073880910873
1 0.6791666746139526 0.5287036895751953 0.01666666753590107 0.02222222276031971
1 0.33203125 0.760185182094574 0.01614583283662796 0.02777777798473835
1 0.6695312261581421 0.6120370626449585 0.01718750037252903 0.025925925001502037
1 0.6791666746139526 0.44999998807907104 0.015625 0.024074073880910873
0 0.6752604246139526 0.5486111044883728 0.03072916716337204 0.06759259104728699
1 0.5260416865348816 0.5143518447875977 0.01770833320915699 0.02500000037252903
0 0.5356770753860474 0.855555534362793 0.03072916716337204 0.046296294778585434
1 0.5289062261581421 0.8657407164573669 0.01718750037252903 0.029629629105329514
0 0.42369791865348816 0.8425925970077515 0.04635416716337204 0.0833333358168602
0 0.6796875 0.4703703820705414 0.02604166604578495 0.07777778059244156
0 0.6669270992279053 0.635185182094574 0.02864583395421505 0.07777778059244156
0 0.4752604067325592 0.15601852536201477 0.0390625 0.0416666679084301
0 0.33984375 0.7768518328666687 0.03802083432674408 0.07222222536802292
0 0.528124988079071 0.5356481671333313 0.03125 0.08796296268701553
0 0.4385416805744171 0.1657407432794571 0.03229166567325592 0.05370370298624039
0 0.5255208611488342 0.35740742087364197 0.02916666679084301 0.08888889104127884
0 0.49427083134651184 0.6879629492759705 0.03020833246409893 0.08703703433275223
0 0.3778645694255829 0.2134259194135666 0.03697916492819786 0.04722222313284874