3 0.36119791865348816 0.7337962985038757 0.05260416492819786 0.06388889253139496
3 0.37421876192092896 0.7745370268821716 0.04218750074505806 0.11944444477558136
1 0.6536458134651184 0.7060185074806213 0.015625 0.028703704476356506
3 0.6432291865348816 0.6884258985519409 0.03854166716337204 0.07685185223817825
0 0.6408854126930237 0.6842592358589172 0.0338541679084301 0.06481481343507767
1 0.5294271111488342 0.29629629850387573 0.01614583283662796 0.029629629105329514
1 0.528124988079071 0.46898147463798523 0.01666666753590107 0.028703704476356506
1 0.37291666865348816 0.7388888597488403 0.01875000074505806 0.02777777798473835
1 0.5692708492279053 0.4749999940395355 0.015625 0.025925925001502037
1 0.6820312738418579 0.43101853132247925 0.01822916604578495 0.028703704476356506
0 0.5408853888511658 0.8504629731178284 0.03072916716337204 0.034259259700775146
1 0.5205729007720947 0.33194443583488464 0.01614583283662796 0.028703704476356506
1 0.38489583134651184 0.8189814686775208 0.01770833320915699 0.03055555559694767
1 0.4802083373069763 0.2953703701496124 0.01770833320915699 0.02777777798473835
1 0.41874998807907104 0.18981482088565826 0.01875000074505806 0.029629629105329514
1 0.34817707538604736 0.6504629850387573 0.01822916604578495 0.032407406717538834
0 0.6763020753860474 0.45601850748062134 0.03072916716337204 0.07500000298023224
0 0.359375 0.7254629731178284 0.04270833358168602 0.04722222313284874
0 0.5760416388511658 0.4546296298503876 0.03229166567325592 0.07222222536802292
1 0.47213542461395264 0.17222222685813904 0.01822916604578495 0.03333333507180214
0 0.4593749940395355 0.17407406866550446 0.046875 0.040740739554166794
0 0.5385416746139526 0.2777777910232544 0.03333333507180214 0.06666667014360428
0 0.5216146111488342 0.4893518388271332 0.03281249850988388 0.07129629701375961
0 0.4231770932674408 0.21250000596046448 0.02760416641831398 0.06759259104728699
0 0.5098958611488342 0.3532407283782959 0.0364583320915699 0.05833333358168602
0 0.4893229305744171 0.27824074029922485 0.03281249850988388 0.06574074178934097
0 0.37812501192092896 0.7981481552124023 0.03020833246409893 0.07407407462596893
0 0.3343749940395355 0.6449074149131775 0.04479166492819786 0.06388889253139496