1 0.38229167461395264 0.7037037014961243 0.01875000074505806 0.03333333507180214
0 0.3908854126930237 0.7194444537162781 0.03593749925494194 0.05000000074505806
0 0.39635416865348816 0.6847222447395325 0.04270833358168602 0.04722222313284874
3 0.4049479067325592 0.7333333492279053 0.06614582985639572 0.07592592388391495
3 0.3942708373069763 0.697685182094574 0.04791666567325592 0.06203703582286835
1 0.6617187261581421 0.39120370149612427 0.015104166232049465 0.021296296268701553
1 0.6494791507720947 0.34259259700775146 0.01666666753590107 0.025925925001502037
1 0.41067707538604736 0.6930555701255798 0.013020833022892475 0.023148147389292717
1 0.6294270753860474 0.6569444537162781 0.015104166232049465 0.028703704476356506
1 0.33932292461395264 0.7449073791503906 0.01614583283662796 0.032407406717538834
1 0.30781251192092896 0.6689814925193787 0.01875000074505806 0.02500000037252903
1 0.2992187440395355 0.5319444537162781 0.01927083358168602 0.03055555559694767
0 0.33020833134651184 0.7333333492279053 0.03333333507180214 0.06666667014360428
0 0.6656249761581421 0.3712962865829468 0.02500000037252903 0.07222222536802292
1 0.3773437440395355 0.5564814805984497 0.015104166232049465 0.031481482088565826
0 0.3046875 0.6518518328666687 0.02916666679084301 0.07037036865949631
0 0.6427083611488342 0.3222222328186035 0.03229166567325592 0.06111111119389534
0 0.4244791567325592 0.7546296119689941 0.03541666641831398 0.0555555559694767
0 0.3544270694255829 0.7041666507720947 0.02864583395421505 0.04722222313284874
0 0.6380208134651184 0.6398147940635681 0.03750000149011612 0.07592592388391495
0 0.2992187440395355 0.5097222328186035 0.02968749962747097 0.08796296268701553
0 0.3856770694255829 0.8134258985519409 0.03281249850988388 0.049074072390794754
0 0.3895833194255829 0.5643518567085266 0.04583333432674408 0.0694444477558136