3 0.5570312738418579 0.15000000596046448 0.0755208358168602 0.051851850003004074
3 0.6028645634651184 0.6990740895271301 0.05364583432674408 0.08518518507480621
0 0.6499999761581421 0.2300925999879837 0.02395833283662796 0.043518517166376114
0 0.6260416507720947 0.20370370149612427 0.02812499925494194 0.0555555559694767
0 0.6020833253860474 0.17407406866550446 0.03125 0.04444444552063942
0 0.5729166865348816 0.1537037044763565 0.03333333507180214 0.04444444552063942
0 0.6369791626930237 0.21666666865348816 0.04791666567325592 0.06666667014360428
1 0.5744791626930237 0.7731481194496155 0.01770833320915699 0.029629629105329514
1 0.5315104126930237 0.8777777552604675 0.015104166232049465 0.029629629105329514
1 0.5572916865348816 0.5305555462837219 0.015625 0.031481482088565826
1 0.5861979126930237 0.27638888359069824 0.01927083358168602 0.028703704476356506
1 0.6135416626930237 0.6000000238418579 0.01875000074505806 0.024074073880910873
3 0.5872395634651184 0.7300925850868225 0.0390625 0.11759259551763535
0 0.5833333134651184 0.7611111402511597 0.03229166567325592 0.06111111119389534
0 0.542187511920929 0.14074073731899261 0.03750000149011612 0.040740739554166794
0 0.520312488079071 0.8800926208496094 0.03854166716337204 0.0416666679084301
0 0.6421874761581421 0.6518518328666687 0.03020833246409893 0.05740740895271301
3 0.6294270753860474 0.6638888716697693 0.0598958320915699 0.07777778059244156
0 0.6127604246139526 0.5763888955116272 0.02447916753590107 0.07500000298023224
0 0.5989583134651184 0.2648148238658905 0.04479166492819786 0.05740740895271301
0 0.5700520873069763 0.5208333134651184 0.04322916641831398 0.06388889253139496