0 0.6510416865348816 0.8449074029922485 0.05624999850988388 0.09351851791143417
0 0.5002604126930237 0.8912037014961243 0.04114583507180214 0.07314814627170563
3 0.4794270694255829 0.38240739703178406 0.05885416641831398 0.06666667014360428
1 0.04322916641831398 0.2967592477798462 0.01666666753590107 0.02500000037252903
1 0.33411458134651184 0.5731481313705444 0.01614583283662796 0.029629629105329514
1 0.014843749813735485 0.5259259343147278 0.01718750037252903 0.02777777798473835
0 0.4989583194255829 0.3620370328426361 0.03333333507180214 0.040740739554166794
0 0.5096353888511658 0.9041666388511658 0.02968749962747097 0.06018518656492233
0 0.014843749813735485 0.19120369851589203 0.02760416641831398 0.03611111268401146
1 0.0455729179084301 0.385185182094574 0.01822916604578495 0.02777777798473835
1 0.32890623807907104 0.4555555582046509 0.01822916604578495 0.02777777798473835
3 0.51171875 0.3888888955116272 0.05156249925494194 0.09074074029922485
0 0.04505208507180214 0.3722222149372101 0.02552083320915699 0.07592592388391495
1 0.03541666641831398 0.22962963581085205 0.012500000186264515 0.02222222276031971
0 0.668749988079071 0.8162037134170532 0.02916666679084301 0.03981481492519379
1 0.5835937261581421 0.5407407283782959 0.02135416679084301 0.02777777798473835
3 0.6539062261581421 0.8412036895751953 0.05781250074505806 0.0972222238779068
0 0.640625 0.8629629611968994 0.03125 0.05925925821065903
0 0.5239583253860474 0.4027777910232544 0.02604166604578495 0.07037036865949631
0 0.4703125059604645 0.38842591643333435 0.0364583320915699 0.05092592537403107
0 0.01380208320915699 0.5083333253860474 0.02656250074505806 0.07777778059244156
0 0.32604166865348816 0.47592592239379883 0.02916666679084301 0.0833333358168602
0 0.03072916716337204 0.2430555522441864 0.02916666679084301 0.05462963134050369
0 0.04114583507180214 0.31388887763023376 0.02395833283662796 0.06666667014360428
0 0.34062498807907104 0.5893518328666687 0.03750000149011612 0.07314814627170563
0 0.5846354365348816 0.5166666507720947 0.02864583395421505 0.07777778059244156