0 0.5824074149131775 0.30110064148902893 0.07592592388391495 0.0487421378493309
4 0.581944465637207 0.30110064148902893 0.07685185223817825 0.0487421378493309
0 0.3194444477558136 0.3187893033027649 0.04444444552063942 0.051100630313158035
0 0.6717592477798462 0.3038522005081177 0.037962961941957474 0.02437106892466545
1 0.33009257912635803 0.2861635088920593 0.03055555559694767 0.0172955971211195
1 0.2944444417953491 0.3549528419971466 0.024074073880910873 0.016509434208273888
0 0.29398149251937866 0.3691037595272064 0.043518517166376114 0.049528300762176514
1 0.6074073910713196 0.3113207519054413 0.029629629105329514 0.022012578323483467
0 0.3453703820705414 0.26847484707832336 0.07037036865949631 0.049528300762176514
3 0.4564814865589142 0.36477985978126526 0.07037036865949631 0.06446541100740433
1 0.3375000059604645 0.28183960914611816 0.032407406717538834 0.01808176189661026
0 0.4583333432674408 0.36477985978126526 0.07037036865949631 0.0628930851817131
1 0.369907408952713 0.33765724301338196 0.028703704476356506 0.019654087722301483
0 0.6000000238418579 0.3691037595272064 0.03888889029622078 0.025943396613001823
0 0.369907408952713 0.32193395495414734 0.049074072390794754 0.06525157392024994
3 0.317592591047287 0.3069968521595001 0.05370370298624039 0.07468553632497787
1 0.07685185223817825 0.5019654035568237 0.035185184329748154 0.02279874123632908
1 0.1726851910352707 0.43946540355682373 0.03611111268401146 0.022012578323483467
1 0.23888888955116272 0.5251572132110596 0.031481482088565826 0.02358490601181984
1 0.40231481194496155 0.5868710875511169 0.03611111268401146 0.02437106892466545
3 0.33981481194496155 0.2688679099082947 0.08148147910833359 0.05503144487738609
1 0.6763888597488403 0.303459107875824 0.028703704476356506 0.022012578323483467
1 0.4555555582046509 0.28262579441070557 0.02777777798473835 0.02279874123632908
1 0.44305557012557983 0.34433960914611816 0.032407406717538834 0.020440252497792244
1 0.5962963104248047 0.36360064148902893 0.02777777798473835 0.016509434208273888
1 0.10046296566724777 0.3561320900917053 0.03055555559694767 0.028301887214183807
0 0.6606481671333313 0.3050314486026764 0.06574074178934097 0.033018868416547775
0 0.4810185134410858 0.29520440101623535 0.07870370149612427 0.051100630313158035
1 0.15138888359069824 0.56092768907547 0.034259259700775146 0.027515722438693047
0 0.39444443583488464 0.5613207817077637 0.0555555559694767 0.07075471431016922
1 0.28240740299224854 0.24606917798519135 0.02777777798473835 0.022012578323483467
1 0.6601851582527161 0.5448113083839417 0.031481482088565826 0.02358490601181984
0 0.6430555582046509 0.5683962106704712 0.06574074178934097 0.07075471431016922
0 0.17731481790542603 0.4241352081298828 0.05462963134050369 0.06367924809455872
0 0.6050925850868225 0.39268869161605835 0.05648148059844971 0.07154087722301483
0 0.2976851761341095 0.23034590482711792 0.06388889253139496 0.05345911905169487
0 0.14212962985038757 0.544418215751648 0.05648148059844971 0.06682389974594116
0 0.2240740805864334 0.5070754885673523 0.06851851940155029 0.06761006265878677
0 0.08009259402751923 0.4862421452999115 0.05833333358168602 0.06682389974594116
0 0.11435185372829437 0.36438679695129395 0.0694444477558136 0.05424528196454048