0 0.49817708134651184 0.3907407522201538 0.03072916716337204 0.10185185074806213
1 0.49531251192092896 0.8444444537162781 0.012500000186264515 0.031481482088565826
3 0.5041666626930237 0.3569444417953491 0.05000000074505806 0.06203703582286835
1 0.43828123807907104 0.7749999761581421 0.01927083358168602 0.029629629105329514
1 0.528124988079071 0.8592592477798462 0.015625 0.031481482088565826
0 0.5200520753860474 0.4384259283542633 0.03177083283662796 0.05092592537403107
0 0.5549479126930237 0.43796294927597046 0.02760416641831398 0.05000000074505806
3 0.3489583432674408 0.5412036776542664 0.07604166865348816 0.08611111342906952
3 0.5442708134651184 0.35092592239379883 0.05624999850988388 0.06111111119389534
1 0.5471354126930237 0.4472222328186035 0.01406249962747097 0.02777777798473835
1 0.6460937261581421 0.21574074029922485 0.01822916604578495 0.024074073880910873
1 0.4559895694255829 0.8500000238418579 0.01718750037252903 0.03333333507180214
0 0.3479166626930237 0.5435185432434082 0.06979166716337204 0.07777778059244156
0 0.3348958194255829 0.550000011920929 0.04062499850988388 0.05740740895271301
1 0.5651041865348816 0.37268519401550293 0.015625 0.026851851493120193
1 0.37812501192092896 0.5212963223457336 0.01979166641831398 0.035185184329748154
3 0.5716145634651184 0.44907405972480774 0.05781250074505806 0.07222222536802292
0 0.582812488079071 0.4555555582046509 0.03958333283662796 0.05370370298624039
0 0.4986979067325592 0.4185185134410858 0.0234375 0.06666667014360428
0 0.5562499761581421 0.3620370328426361 0.03541666641831398 0.05370370298624039
3 0.5122395753860474 0.42592594027519226 0.05156249925494194 0.07592592388391495
1 0.703125 0.33101850748062134 0.01770833320915699 0.023148147389292717
0 0.37109375 0.5273148417472839 0.03697916492819786 0.05462963134050369
0 0.49921876192092896 0.36250001192092896 0.0390625 0.05277777835726738
0 0.702343761920929 0.3087962865829468 0.02864583395421505 0.0694444477558136
0 0.4674479067325592 0.8583333492279053 0.04218750074505806 0.0555555559694767
0 0.43802082538604736 0.7972221970558167 0.02708333358168602 0.08148147910833359
0 0.6447916626930237 0.20000000298023224 0.03020833246409893 0.06111111119389534