0 0.49921876192092896 0.8930555582046509 0.02239583246409893 0.0416666679084301
1 0.04348958283662796 0.29722222685813904 0.01718750037252903 0.025925925001502037
1 0.015104166232049465 0.5259259343147278 0.01770833320915699 0.02777777798473835
1 0.62890625 0.21759259700775146 0.01718750037252903 0.029629629105329514
0 0.625 0.29027777910232544 0.0364583320915699 0.06203703582286835
0 0.01406249962747097 0.19027778506278992 0.02812499925494194 0.037962961941957474
0 0.6356770992279053 0.21851852536201477 0.03281249850988388 0.051851850003004074
1 0.0455729179084301 0.3856481611728668 0.01822916604578495 0.026851851493120193
1 0.6619791388511658 0.7967592477798462 0.01666666753590107 0.028703704476356506
1 0.4007812440395355 0.7263888716697693 0.01822916604578495 0.03055555559694767
1 0.6630208492279053 0.5824074149131775 0.01666666753590107 0.035185184329748154
0 0.04505208507180214 0.3722222149372101 0.02552083320915699 0.07407407462596893
1 0.3463541567325592 0.7032407522201538 0.01875000074505806 0.02500000037252903
0 0.3734374940395355 0.7833333611488342 0.03750000149011612 0.07222222536802292
1 0.03541666641831398 0.2300925999879837 0.012500000186264515 0.021296296268701553
1 0.46562498807907104 0.8486111164093018 0.01770833320915699 0.03055555559694767
3 0.6302083134651184 0.2606481611728668 0.04479166492819786 0.12129629403352737
0 0.3453125059604645 0.7217592597007751 0.02395833283662796 0.07314814627170563
0 0.01380208320915699 0.5078703761100769 0.02656250074505806 0.07685185223817825
0 0.0403645820915699 0.31481480598449707 0.02552083320915699 0.06851851940155029
0 0.671875 0.8074073791503906 0.0364583320915699 0.06851851940155029
0 0.03098958358168602 0.2430555522441864 0.02864583395421505 0.05462963134050369
0 0.4815104305744171 0.8374999761581421 0.0546875 0.06203703582286835
0 0.4153645932674408 0.7226851582527161 0.04739583283662796 0.06018518656492233
0 0.6760416626930237 0.5800926089286804 0.0520833320915699 0.07314814627170563
0 0.7005208134651184 0.49166667461395264 0.04791666567325592 0.07407407462596893