1 0.3088541626930237 0.3712962865829468 0.01770833320915699 0.024074073880910873
1 0.5270833373069763 0.1537037044763565 0.01666666753590107 0.031481482088565826
3 0.2942708432674408 0.39537036418914795 0.03854166716337204 0.1259259283542633
1 0.39010417461395264 0.4347222149372101 0.015625 0.028703704476356506
1 0.5484374761581421 0.45092591643333435 0.02083333395421505 0.035185184329748154
1 0.3721354305744171 0.3652777671813965 0.01614583283662796 0.023148147389292717
1 0.3361979126930237 0.7004629373550415 0.01614583283662796 0.026851851493120193
1 0.4468750059604645 0.4277777671813965 0.01666666753590107 0.029629629105329514
1 0.507031261920929 0.14398148655891418 0.01927083358168602 0.032407406717538834
1 0.32630208134651184 0.44999998807907104 0.01927083358168602 0.02777777798473835
0 0.3114583194255829 0.3481481373310089 0.02500000037252903 0.07037036865949631
1 0.45494791865348816 0.14074073731899261 0.01718750037252903 0.031481482088565826
0 0.3984375 0.4148148000240326 0.03333333507180214 0.0833333358168602
1 0.4296875 0.244907408952713 0.01875000074505806 0.032407406717538834
0 0.29244792461395264 0.40324074029922485 0.0338541679084301 0.10833333432674408
0 0.543749988079071 0.15555556118488312 0.04479166492819786 0.046296294778585434
0 0.4950520694255829 0.13425925374031067 0.04114583507180214 0.046296294778585434
0 0.3736979067325592 0.3421296179294586 0.02760416641831398 0.09166666865348816
0 0.3317708373069763 0.6745370626449585 0.03854166716337204 0.09166666865348816
0 0.44973957538604736 0.4018518626689911 0.03177083283662796 0.0962962955236435
0 0.3317708373069763 0.4263888895511627 0.03125 0.08425925672054291
0 0.5492187738418579 0.4277777671813965 0.03177083283662796 0.0962962955236435
0 0.4398437440395355 0.14537036418914795 0.04218750074505806 0.05740740895271301
0 0.4151041805744171 0.2597222328186035 0.04895833507180214 0.07129629701375961