0 0.5947916507720947 0.8532407283782959 0.03958333283662796 0.06388889253139496
3 0.4156250059604645 0.8129629492759705 0.06354166567325592 0.06111111119389534
0 0.3557291626930237 0.7217592597007751 0.03333333507180214 0.06388889253139496
3 0.4398437440395355 0.8018518686294556 0.04635416716337204 0.0962962955236435
3 0.4440104067325592 0.8430555462837219 0.05364583432674408 0.0694444477558136
0 0.3372395932674408 0.6782407164573669 0.02447916753590107 0.05462963134050369
1 0.3335937559604645 0.6018518805503845 0.01927083358168602 0.02777777798473835
0 0.4059895873069763 0.8111110925674438 0.0338541679084301 0.06296296417713165
0 0.3799479305744171 0.770370364189148 0.03802083432674408 0.05740740895271301
1 0.31562501192092896 0.550000011920929 0.01666666753590107 0.02777777798473835
0 0.3205729126930237 0.5629629492759705 0.03177083283662796 0.06111111119389534
3 0.39453125 0.7902777791023254 0.0598958320915699 0.09351851791143417
1 0.528124988079071 0.8592592477798462 0.01666666753590107 0.031481482088565826
1 0.5255208611488342 0.3453703820705414 0.01770833320915699 0.029629629105329514
3 0.36666667461395264 0.7300925850868225 0.06562499701976776 0.09351851791143417
0 0.4533854126930237 0.855555534362793 0.03177083283662796 0.051851850003004074
0 0.4450520873069763 0.7875000238418579 0.02760416641831398 0.06388889253139496
1 0.7098958492279053 0.3620370328426361 0.01770833320915699 0.024074073880910873
1 0.5747395753860474 0.7106481194496155 0.01718750037252903 0.034259259700775146
3 0.3307291567325592 0.6467592716217041 0.03437500074505806 0.11388888955116272
3 0.3244791626930237 0.5990740656852722 0.03854166716337204 0.1259259283542633
0 0.5197916626930237 0.3236111104488373 0.03437500074505806 0.0824074074625969
0 0.7093750238418579 0.3361110985279083 0.03020833246409893 0.07777778059244156
0 0.7242187261581421 0.5606481432914734 0.03281249850988388 0.07870370149612427
0 0.590624988079071 0.7060185074806213 0.05416666716337204 0.07870370149612427