1 0.6169270873069763 0.779629647731781 0.01406249962747097 0.02777777798473835
1 0.33802083134651184 0.3384259343147278 0.01770833320915699 0.026851851493120193
1 0.35234373807907104 0.26435184478759766 0.015104166232049465 0.021296296268701553
0 0.4065104126930237 0.29305556416511536 0.01718750037252903 0.032407406717538834
1 0.3151041567325592 0.38333332538604736 0.01666666753590107 0.025925925001502037
1 0.625781238079071 0.21388888359069824 0.013020833022892475 0.024074073880910873
1 0.3057291805744171 0.48055556416511536 0.014583333395421505 0.025925925001502037
1 0.5562499761581421 0.3421296179294586 0.01666666753590107 0.026851851493120193
1 0.48645833134651184 0.3055555522441864 0.015625 0.029629629105329514
1 0.5018228888511658 0.8134258985519409 0.01718750037252903 0.026851851493120193
3 0.6135416626930237 0.7745370268821716 0.07708333432674408 0.06759259104728699
0 0.31067708134651184 0.40231481194496155 0.02656250074505806 0.0694444477558136
0 0.4742187559604645 0.3222222328186035 0.04322916641831398 0.06666667014360428
1 0.690625011920929 0.5949074029922485 0.015625 0.026851851493120193
0 0.6307291388511658 0.7666666507720947 0.03541666641831398 0.05000000074505806
0 0.4973958432674408 0.8287037014961243 0.02604166604578495 0.051851850003004074
0 0.5955728888511658 0.7870370149612427 0.04010416567325592 0.046296294778585434
1 0.6536458134651184 0.2620370388031006 0.01770833320915699 0.025925925001502037
0 0.6138020753860474 0.19814814627170563 0.03593749925494194 0.0555555559694767
0 0.5627604126930237 0.364814817905426 0.03593749925494194 0.08148147910833359
0 0.3226562440395355 0.4879629611968994 0.04739583283662796 0.051851850003004074
0 0.6450520753860474 0.24629630148410797 0.03489583358168602 0.06111111119389534
0 0.3434895873069763 0.317592591047287 0.03281249850988388 0.07407407462596893
0 0.6955729126930237 0.5777778029441833 0.03281249850988388 0.07962962985038757
0 0.35546875 0.24722221493721008 0.02760416641831398 0.05370370298624039