1 0.21666666865348816 0.3278301954269409 0.02777777798473835 0.02358490601181984
3 0.35740742087364197 0.2912735939025879 0.0962962955236435 0.07311321049928665
3 0.125 0.44889935851097107 0.10740740597248077 0.07547169923782349
4 0.35555556416511536 0.3667452931404114 0.07407407462596893 0.05267295613884926
0 0.33194443583488464 0.28223270177841187 0.049074072390794754 0.05503144487738609
1 0.08935185521841049 0.4359276592731476 0.032407406717538834 0.02437106892466545
0 0.41898149251937866 0.4567610025405884 0.05648148059844971 0.028301887214183807
0 0.2222222238779068 0.33018869161605835 0.046296294778585434 0.03616352379322052
1 0.1666666716337204 0.5267295837402344 0.035185184329748154 0.028301887214183807
1 0.4870370328426361 0.47680819034576416 0.031481482088565826 0.02437106892466545
1 0.39907407760620117 0.5766509175300598 0.03333333507180214 0.025943396613001823
1 0.08935185521841049 0.4669811427593231 0.034259259700775146 0.026729559525847435
1 0.37731480598449707 0.3604559600353241 0.026851851493120193 0.021226415410637856
1 0.4009259343147278 0.4587264060974121 0.025925925001502037 0.02279874123632908
1 0.5148147940635681 0.3663522005081177 0.03703703731298447 0.025157231837511063
1 0.45972222089767456 0.2354559749364853 0.03055555559694767 0.02279874123632908
1 0.47453704476356506 0.597484290599823 0.034259259700775146 0.028301887214183807
1 0.21296297013759613 0.375786155462265 0.040740739554166794 0.026729559525847435
1 0.11527777463197708 0.321540892124176 0.028703704476356506 0.026729559525847435
1 0.3402777910232544 0.26100629568099976 0.03055555559694767 0.01886792480945587
0 0.09398148208856583 0.4516509473323822 0.05462963134050369 0.062106918543577194
0 0.15694443881511688 0.5055031180381775 0.05648148059844971 0.07547169923782349
1 0.657870352268219 0.3128930926322937 0.03611111268401146 0.028301887214183807
0 0.4495370388031006 0.6002358198165894 0.08981481194496155 0.04323899373412132
0 0.5277777910232544 0.3470911979675293 0.07222222536802292 0.06682389974594116
0 0.4921296238899231 0.24213837087154388 0.08796296268701553 0.05188679322600365
0 0.5143518447875977 0.473270446062088 0.08796296268701553 0.04559748247265816
0 0.6412037014961243 0.3333333432674408 0.07129629701375961 0.07232704758644104
0 0.4513888955116272 0.4091981053352356 0.06574074178934097 0.049528300762176514
0 0.37268519401550293 0.5593553185462952 0.07500000298023224 0.055817611515522
0 0.2240740805864334 0.40015724301338196 0.06666667014360428 0.07232704758644104
0 0.130092591047287 0.3266509473323822 0.07314814627170563 0.05896226316690445