1 0.46692708134651184 0.8662037253379822 0.013020833022892475 0.026851851493120193
0 0.514843761920929 0.8462963104248047 0.03802083432674408 0.04814814776182175
0 0.6236979365348816 0.7550926208496094 0.04739583283662796 0.08611111342906952
3 0.637499988079071 0.3569444417953491 0.04062499850988388 0.07685185223817825
0 0.643750011920929 0.25833332538604736 0.02500000037252903 0.0555555559694767
3 0.6041666865348816 0.39722222089767456 0.04583333432674408 0.0555555559694767
0 0.4299479126930237 0.854629635810852 0.03072916716337204 0.031481482088565826
0 0.6236979365348816 0.2518518567085266 0.02656250074505806 0.04814814776182175
1 0.4684895873069763 0.8296296000480652 0.013020833022892475 0.02777777798473835
0 0.6356770992279053 0.7361111044883728 0.02552083320915699 0.040740739554166794
1 0.5015624761581421 0.8833333253860474 0.015625 0.025925925001502037
3 0.6351562738418579 0.2611111104488373 0.05260416492819786 0.07592592388391495
0 0.13776041567325592 0.22546295821666718 0.02447916753590107 0.037962961941957474
1 0.5919271111488342 0.3986110985279083 0.015104166232049465 0.03055555559694767
1 0.6395833492279053 0.7300925850868225 0.01666666753590107 0.028703704476356506
1 0.3570312559604645 0.2560185194015503 0.01614583283662796 0.03055555559694767
1 0.3114583194255829 0.30092594027519226 0.01666666753590107 0.029629629105329514
0 0.45364582538604736 0.8296296000480652 0.0416666679084301 0.04259259253740311
0 0.6338541507720947 0.25833332538604736 0.046875 0.06666667014360428
0 0.6111978888511658 0.7675926089286804 0.02447916753590107 0.05000000074505806
1 0.3697916567325592 0.7856481671333313 0.014583333395421505 0.02500000037252903
0 0.6041666865348816 0.4000000059604645 0.03541666641831398 0.05000000074505806
0 0.667187511920929 0.3236111104488373 0.03333333507180214 0.05462963134050369
3 0.6205729246139526 0.3837963044643402 0.07343749701976776 0.07685185223817825
0 0.6372395753860474 0.3768518567085266 0.03593749925494194 0.04814814776182175
3 0.6239583492279053 0.7541666626930237 0.05104166641831398 0.08981481194496155
0 0.3203125 0.28611111640930176 0.03541666641831398 0.05925925821065903
0 0.37161457538604736 0.24675926566123962 0.04218750074505806 0.05833333358168602
0 0.36119791865348816 0.7754629850387573 0.03697916492819786 0.06203703582286835