0 0.592968761920929 0.8467592597007751 0.02447916753590107 0.05462963134050369
1 0.585156261920929 0.8282407522201538 0.01614583283662796 0.028703704476356506
1 0.5395833253860474 0.9013888835906982 0.014583333395421505 0.028703704476356506
1 0.508593738079071 0.1458333283662796 0.01822916604578495 0.034259259700775146
1 0.5276041626930237 0.15416666865348816 0.01770833320915699 0.03055555559694767
1 0.3020833432674408 0.3620370328426361 0.01770833320915699 0.029629629105329514
1 0.390625 0.43518519401550293 0.01770833320915699 0.031481482088565826
1 0.45911458134651184 0.13750000298023224 0.01718750037252903 0.03055555559694767
1 0.3726562559604645 0.3731481432914734 0.01718750037252903 0.024074073880910873
1 0.32734376192092896 0.45092591643333435 0.01718750037252903 0.025925925001502037
1 0.4468750059604645 0.427314817905426 0.01666666753590107 0.03055555559694767
0 0.39921873807907104 0.41527777910232544 0.0338541679084301 0.08055555820465088
1 0.37682291865348816 0.5722222328186035 0.01927083358168602 0.03703703731298447
1 0.28567707538604736 0.5504629611968994 0.01927083358168602 0.03055555559694767
1 0.4309895932674408 0.24629630148410797 0.01822916604578495 0.03333333507180214
1 0.6742187738418579 0.6259258985519409 0.01822916604578495 0.029629629105329514
0 0.37447917461395264 0.35185185074806213 0.02916666679084301 0.0962962955236435
0 0.4950520694255829 0.14027777314186096 0.04531250149011612 0.04537037014961243
0 0.44843751192092896 0.40324074029922485 0.03229166567325592 0.09537036716938019
0 0.543749988079071 0.1546296328306198 0.04374999925494194 0.046296294778585434
0 0.2942708432674408 0.41342592239379883 0.03333333507180214 0.07314814627170563
0 0.44869792461395264 0.14120370149612427 0.03593749925494194 0.05462963134050369
0 0.3101562559604645 0.34583333134651184 0.03593749925494194 0.05833333358168602
0 0.28125 0.5249999761581421 0.03333333507180214 0.08888889104127884
0 0.3895833194255829 0.5842592716217041 0.0520833320915699 0.07407407462596893
0 0.6682291626930237 0.6518518328666687 0.03750000149011612 0.08518518507480621
0 0.4182291626930237 0.25648146867752075 0.04479166492819786 0.06296296417713165
0 0.3317708373069763 0.4263888895511627 0.03229166567325592 0.08425925672054291