1 0.38984376192092896 0.7120370268821716 0.01822916604578495 0.02777777798473835
1 0.38619792461395264 0.7805555462837219 0.01822916604578495 0.029629629105329514
3 0.3893229067325592 0.7314814925193787 0.03072916716337204 0.07592592388391495
0 0.37161457538604736 0.2671296298503876 0.02656250074505806 0.0416666679084301
3 0.3604166805744171 0.2726851999759674 0.05416666716337204 0.10462962836027145
0 0.3877604305744171 0.7328703999519348 0.02447916753590107 0.06574074178934097
0 0.35364583134651184 0.2935185134410858 0.03437500074505806 0.05925925821065903
0 0.3309895694255829 0.35046297311782837 0.03177083283662796 0.05277777835726738
1 0.5580729246139526 0.5342592597007751 0.015104166232049465 0.02777777798473835
1 0.6005208492279053 0.6569444537162781 0.01770833320915699 0.026851851493120193
1 0.32421875 0.36157408356666565 0.01718750037252903 0.026851851493120193
1 0.5841146111488342 0.6587963104248047 0.01406249962747097 0.028703704476356506
1 0.5127604007720947 0.8537036776542664 0.01718750037252903 0.029629629105329514
1 0.6786458492279053 0.27824074029922485 0.015625 0.034259259700775146
0 0.39140623807907104 0.7990740537643433 0.0338541679084301 0.06111111119389534
0 0.567187488079071 0.6657407283782959 0.03958333283662796 0.04814814776182175
0 0.35624998807907104 0.7444444298744202 0.03333333507180214 0.04444444552063942
0 0.526562511920929 0.8412036895751953 0.04270833358168602 0.04722222313284874
0 0.3955729305744171 0.21203704178333282 0.03489583358168602 0.06296296417713165
0 0.4950520694255829 0.8828703761100769 0.0390625 0.04537037014961243
3 0.38359373807907104 0.23333333432674408 0.05572916567325592 0.10925926268100739
0 0.60546875 0.6328703761100769 0.02864583395421505 0.08055555820465088
0 0.5684896111488342 0.5208333134651184 0.04322916641831398 0.07129629701375961
3 0.34062498807907104 0.3254629671573639 0.0520833320915699 0.10092592239379883
0 0.6658853888511658 0.27916666865348816 0.04531250149011612 0.0694444477558136