0 0.5596354007720947 0.8393518328666687 0.04322916641831398 0.05092592537403107
3 0.6070312261581421 0.831944465637207 0.0442708320915699 0.06018518656492233
0 0.5744791626930237 0.8009259104728699 0.02083333395421505 0.06666667014360428
0 0.5481770634651184 0.7254629731178284 0.02864583395421505 0.05833333358168602
3 0.5375000238418579 0.7541666626930237 0.03437500074505806 0.11574073880910873
0 0.6197916865348816 0.8273147940635681 0.02395833283662796 0.049074072390794754
0 0.539843738079071 0.7699074149131775 0.0234375 0.05833333358168602
1 0.5218750238418579 0.4245370328426361 0.01666666753590107 0.03055555559694767
3 0.5760416388511658 0.8111110925674438 0.03333333507180214 0.10370370000600815
0 0.5822916626930237 0.8560185432434082 0.02187499962747097 0.03981481492519379
1 0.6734374761581421 0.26527777314186096 0.015625 0.02500000037252903
1 0.567187488079071 0.5129629373550415 0.01875000074505806 0.029629629105329514
3 0.5552083253860474 0.7476851940155029 0.05000000074505806 0.10462962836027145
1 0.5286458134651184 0.16944444179534912 0.01770833320915699 0.029629629105329514
0 0.5223958492279053 0.8138889074325562 0.02916666679084301 0.040740739554166794
0 0.5736979246139526 0.5319444537162781 0.03489583358168602 0.07500000298023224
0 0.532031238079071 0.40740740299224854 0.04218750074505806 0.07777778059244156
0 0.5408853888511658 0.17870371043682098 0.0442708320915699 0.07037036865949631
0 0.6640625 0.2518518567085266 0.04062499850988388 0.06666667014360428