1 0.5075520873069763 0.5013889074325562 0.01614583283662796 0.028703704476356506
1 0.5276041626930237 0.4523148238658905 0.02604166604578495 0.03055555559694767
0 0.5434895753860474 0.4236111044883728 0.03489583358168602 0.06018518656492233
3 0.5002604126930237 0.4902777671813965 0.07656250149011612 0.07314814627170563
1 0.5388020873069763 0.3782407343387604 0.01822916604578495 0.028703704476356506
1 0.5283854007720947 0.8587962985038757 0.015104166232049465 0.028703704476356506
1 0.4450520873069763 0.737500011920929 0.01927083358168602 0.026851851493120193
0 0.543749988079071 0.3629629611968994 0.03541666641831398 0.05925925821065903
0 0.4768229126930237 0.5009258985519409 0.04114583507180214 0.06111111119389534
1 0.48645833134651184 0.3125 0.01666666753590107 0.028703704476356506
1 0.4424479305744171 0.8347222208976746 0.01614583283662796 0.02500000037252903
1 0.6263020634651184 0.8074073791503906 0.015104166232049465 0.029629629105329514
1 0.7213541865348816 0.5680555701255798 0.01666666753590107 0.02500000037252903
1 0.49010416865348816 0.5152778029441833 0.01354166679084301 0.021296296268701553
0 0.5166666507720947 0.317592591047287 0.02916666679084301 0.0555555559694767
1 0.4898437559604645 0.5949074029922485 0.02031249925494194 0.028703704476356506
3 0.546093761920929 0.38657405972480774 0.0390625 0.11944444477558136
3 0.5252603888511658 0.47777777910232544 0.05781250074505806 0.0833333358168602
0 0.4505208432674408 0.8509259223937988 0.03854166716337204 0.06851851940155029
3 0.5289062261581421 0.33888888359069824 0.05364583432674408 0.10185185074806213
0 0.6127604246139526 0.7976852059364319 0.04010416567325592 0.06018518656492233
0 0.7229166626930237 0.5504629611968994 0.03020833246409893 0.08611111342906952
0 0.49427083134651184 0.5777778029441833 0.03333333507180214 0.07407407462596893
0 0.4403645694255829 0.7569444179534912 0.03072916716337204 0.08055555820465088
0 0.47187501192092896 0.3018518388271332 0.04479166492819786 0.0555555559694767
0 0.6552083492279053 0.21111111342906952 0.03437500074505806 0.06111111119389534