1 0.49609375 0.8888888955116272 0.02031249925494194 0.035185184329748154
1 0.04322916641831398 0.2967592477798462 0.01770833320915699 0.026851851493120193
1 0.015104166232049465 0.5263888835906982 0.01770833320915699 0.028703704476356506
1 0.6869791746139526 0.34351852536201477 0.01666666753590107 0.029629629105329514
1 0.5903645753860474 0.6402778029441833 0.01614583283662796 0.034259259700775146
1 0.4622395932674408 0.6259258985519409 0.01927083358168602 0.031481482088565826
1 0.04531250149011612 0.3847222328186035 0.01770833320915699 0.026851851493120193
1 0.6138020753860474 0.21296297013759613 0.015104166232049465 0.02777777798473835
1 0.7291666865348816 0.46898147463798523 0.01875000074505806 0.026851851493120193
0 0.5518229007720947 0.9106481671333313 0.02968749962747097 0.04722222313284874
0 0.014322916977107525 0.18796296417713165 0.02760416641831398 0.040740739554166794
1 0.03541666641831398 0.22962963581085205 0.012500000186264515 0.02222222276031971
1 0.50390625 0.6583333611488342 0.01718750037252903 0.031481482088565826
0 0.04479166492819786 0.3712962865829468 0.02604166604578495 0.07777778059244156
1 0.6528645753860474 0.8300926089286804 0.01614583283662796 0.032407406717538834
1 0.6156250238418579 0.8050925731658936 0.01979166641831398 0.03055555559694767
0 0.5062500238418579 0.9027777910232544 0.03541666641831398 0.0555555559694767
0 0.5190104246139526 0.6615740656852722 0.04531250149011612 0.05092592537403107
0 0.01406249962747097 0.5087962746620178 0.02708333358168602 0.07870370149612427
0 0.4710937440395355 0.6388888955116272 0.04010416567325592 0.06296296417713165
0 0.0416666679084301 0.31296294927597046 0.02395833283662796 0.06851851940155029
0 0.7276041507720947 0.49074074625968933 0.03750000149011612 0.08888889104127884
0 0.03098958358168602 0.24351851642131805 0.02968749962747097 0.05740740895271301
0 0.6669270992279053 0.8236111402511597 0.04322916641831398 0.05648148059844971
0 0.5809895992279053 0.6259258985519409 0.04531250149011612 0.08148147910833359
0 0.6270833611488342 0.21574074029922485 0.0416666679084301 0.06111111119389534
0 0.6786458492279053 0.35277777910232544 0.0416666679084301 0.07777778059244156
0 0.6283854246139526 0.7907407283782959 0.04843749850988388 0.07037036865949631