1 0.4986979067325592 0.8865740895271301 0.01822916604578495 0.034259259700775146
1 0.4166666567325592 0.5486111044883728 0.01354166679084301 0.032407406717538834
0 0.7166666388511658 0.6004629731178284 0.0572916679084301 0.09907407313585281
1 0.7161458134651184 0.7152777910232544 0.01875000074505806 0.02500000037252903
1 0.01536458358168602 0.5273148417472839 0.01822916604578495 0.028703704476356506
1 0.7216145992279053 0.5837963223457336 0.01614583283662796 0.028703704476356506
1 0.0455729179084301 0.385185182094574 0.015104166232049465 0.024074073880910873
1 0.38723957538604736 0.6199073791503906 0.01614583283662796 0.03055555559694767
1 0.36640626192092896 0.5699074268341064 0.01406249962747097 0.034259259700775146
1 0.03437500074505806 0.2606481611728668 0.012500000186264515 0.026851851493120193
1 0.6317708492279053 0.7226851582527161 0.01875000074505806 0.026851851493120193
1 0.5213541388511658 0.8541666865348816 0.02083333395421505 0.03055555559694767
0 0.014322916977107525 0.18888889253139496 0.02864583395421505 0.04444444552063942
1 0.7276041507720947 0.6384259462356567 0.01770833320915699 0.028703704476356506
1 0.46692708134651184 0.47268518805503845 0.01822916604578495 0.034259259700775146
1 0.46302083134651184 0.7365740537643433 0.01875000074505806 0.032407406717538834
0 0.7085937261581421 0.5856481194496155 0.04531250149011612 0.05833333358168602
0 0.4052083194255829 0.5490740537643433 0.04479166492819786 0.06111111119389534
0 0.014322916977107525 0.510185182094574 0.02864583395421505 0.07777778059244156
0 0.5223958492279053 0.8796296119689941 0.02708333358168602 0.07592592388391495
0 0.35208332538604736 0.5638889074325562 0.04374999925494194 0.05925925821065903
0 0.3726562559604645 0.6282407641410828 0.04635416716337204 0.05462963134050369
0 0.02395833283662796 0.2541666626930237 0.03854166716337204 0.05833333358168602
0 0.7338541746139526 0.6217592358589172 0.02708333358168602 0.07314814627170563
0 0.47317707538604736 0.7175925970077515 0.04531250149011612 0.07962962985038757
0 0.714062511920929 0.7300925850868225 0.03333333507180214 0.06574074178934097
0 0.6351562738418579 0.7486110925674438 0.02968749962747097 0.08981481194496155
0 0.046875 0.3731481432914734 0.03020833246409893 0.07037036865949631
0 0.02604166604578495 0.44212964177131653 0.0416666679084301 0.07129629701375961
0 0.4546875059604645 0.4625000059604645 0.04895833507180214 0.07314814627170563