0 0.46692708134651184 0.6324074268341064 0.04739583283662796 0.11296296119689941
1 0.49817708134651184 0.8425925970077515 0.013020833022892475 0.02777777798473835
0 0.4768229126930237 0.6583333611488342 0.02760416641831398 0.07777778059244156
1 0.38203126192092896 0.7805555462837219 0.015104166232049465 0.025925925001502037
1 0.6273437738418579 0.802314817905426 0.015104166232049465 0.028703704476356506
0 0.47994792461395264 0.7212963104248047 0.02968749962747097 0.05000000074505806
0 0.39010417461395264 0.7810184955596924 0.03854166716337204 0.07129629701375961
0 0.3828125 0.7712963223457336 0.02500000037252903 0.04444444552063942
3 0.4700520932674408 0.7342592477798462 0.05052083358168602 0.07222222536802292
0 0.4320312440395355 0.7699074149131775 0.03489583358168602 0.05277777835726738
3 0.48124998807907104 0.6796296238899231 0.03125 0.10740740597248077
3 0.4046874940395355 0.7805555462837219 0.06458333134651184 0.07777778059244156
1 0.5283854007720947 0.8592592477798462 0.01614583283662796 0.02777777798473835
1 0.47864583134651184 0.6875 0.015625 0.023148147389292717
0 0.40286457538604736 0.7962962985038757 0.0234375 0.051851850003004074
1 0.4411458373069763 0.8337963223457336 0.01666666753590107 0.026851851493120193
1 0.5260416865348816 0.34398147463798523 0.01770833320915699 0.028703704476356506
1 0.4401041567325592 0.7004629373550415 0.01354166679084301 0.02500000037252903
0 0.6143229007720947 0.8018518686294556 0.04218750074505806 0.04814814776182175
1 0.684374988079071 0.2828703820705414 0.01875000074505806 0.026851851493120193
1 0.7205728888511658 0.5694444179534912 0.01822916604578495 0.025925925001502037
3 0.45494791865348816 0.7509258985519409 0.06822916865348816 0.07222222536802292
0 0.4583333432674408 0.6078703999519348 0.03229166567325592 0.06759259104728699
0 0.4507812559604645 0.852314829826355 0.03697916492819786 0.06388889253139496
0 0.4270833432674408 0.7013888955116272 0.03958333283662796 0.043518517166376114
0 0.5190104246139526 0.32407405972480774 0.0338541679084301 0.07592592388391495
0 0.7213541865348816 0.5518518686294556 0.03020833246409893 0.08148147910833359
3 0.4674479067325592 0.6342592835426331 0.04739583283662796 0.11481481790542603
0 0.6809895634651184 0.2606481611728668 0.0338541679084301 0.07314814627170563