1 0.6630208492279053 0.3013888895511627 0.015625 0.02500000037252903
1 0.31562501192092896 0.3787037134170532 0.01666666753590107 0.024074073880910873
1 0.3479166626930237 0.3958333432674408 0.014583333395421505 0.02500000037252903
1 0.6382812261581421 0.2532407343387604 0.01614583283662796 0.026851851493120193
1 0.4085937440395355 0.4861111044883728 0.01718750037252903 0.025925925001502037
0 0.3023437559604645 0.4800925850868225 0.02760416641831398 0.08425925672054291
1 0.6408854126930237 0.7453703880310059 0.015104166232049465 0.024074073880910873
1 0.56640625 0.35555556416511536 0.01718750037252903 0.02777777798473835
0 0.3044270873069763 0.4268518388271332 0.03072916716337204 0.051851850003004074
1 0.3942708373069763 0.23935185372829437 0.01666666753590107 0.034259259700775146
1 0.43828123807907104 0.4851851761341095 0.01822916604578495 0.031481482088565826
0 0.6330729126930237 0.7592592835426331 0.03489583358168602 0.06111111119389534
0 0.40416666865348816 0.5046296119689941 0.02812499925494194 0.08518518507480621
1 0.4020833373069763 0.5611110925674438 0.01666666753590107 0.024074073880910873
0 0.44062501192092896 0.5078703761100769 0.03020833246409893 0.08981481194496155
0 0.31588542461395264 0.3560185134410858 0.02968749962747097 0.06759259104728699
0 0.35234373807907104 0.41712963581085205 0.03177083283662796 0.09166666865348816
0 0.4098958373069763 0.5842592716217041 0.03958333283662796 0.06851851940155029
0 0.4098958373069763 0.2351851910352707 0.046875 0.05925925821065903
0 0.6716145873069763 0.3185185194015503 0.03593749925494194 0.07962962985038757
0 0.6286458373069763 0.23657406866550446 0.0416666679084301 0.0694444477558136
0 0.5716145634651184 0.37453705072402954 0.03281249850988388 0.09166666865348816