1 0.49609375 0.8180555701255798 0.01718750037252903 0.02500000037252903
0 0.4817708432674408 0.8259259462356567 0.0364583320915699 0.03888889029622078
0 0.4778645932674408 0.8527777791023254 0.03489583358168602 0.029629629105329514
1 0.4898437559604645 0.7050926089286804 0.013020833022892475 0.023148147389292717
1 0.6348958611488342 0.6314814686775208 0.01666666753590107 0.02777777798473835
0 0.5192708373069763 0.8004629611968994 0.03854166716337204 0.07685185223817825
1 0.660937488079071 0.4564814865589142 0.01770833320915699 0.02777777798473835
1 0.553906261920929 0.6699073910713196 0.015104166232049465 0.02500000037252903
0 0.4885416626930237 0.7615740895271301 0.02083333395421505 0.05833333358168602
1 0.6643229126930237 0.5254629850387573 0.015104166232049465 0.023148147389292717
1 0.5028645992279053 0.6083333492279053 0.015104166232049465 0.02777777798473835
0 0.48359376192092896 0.8134258985519409 0.03593749925494194 0.032407406717538834
1 0.49166667461395264 0.14953704178333282 0.014583333395421505 0.028703704476356506
0 0.6481770873069763 0.6217592358589172 0.0442708320915699 0.049074072390794754
0 0.5049479007720947 0.7004629373550415 0.04010416567325592 0.04537037014961243
0 0.6273437738418579 0.6694444417953491 0.03489583358168602 0.06296296417713165
0 0.4976562559604645 0.5916666388511658 0.0338541679084301 0.06851851940155029
0 0.6692708134651184 0.5037037134170532 0.03229166567325592 0.07962962985038757
0 0.561718761920929 0.6513888835906982 0.03281249850988388 0.06574074178934097
0 0.47864583134651184 0.14907407760620117 0.04374999925494194 0.06111111119389534
0 0.65234375 0.43101853132247925 0.03697916492819786 0.07500000298023224