1 0.4677083194255829 0.8537036776542664 0.03333333507180214 0.03888889029622078
1 0.5270833373069763 0.34166666865348816 0.015625 0.02777777798473835
0 0.31458333134651184 0.572685182094574 0.02395833283662796 0.049074072390794754
0 0.3161458373069763 0.5120370388031006 0.03229166567325592 0.03703703731298447
0 0.5523437261581421 0.4342592656612396 0.02864583395421505 0.040740739554166794
3 0.5677083134651184 0.4472222328186035 0.0572916679084301 0.06851851940155029
0 0.4971354305744171 0.3782407343387604 0.02552083320915699 0.05462963134050369
1 0.49557292461395264 0.8583333492279053 0.01406249962747097 0.03333333507180214
0 0.3148437440395355 0.5513888597488403 0.03593749925494194 0.1101851835846901
3 0.53515625 0.4402777850627899 0.05572916567325592 0.05277777835726738
0 0.514843761920929 0.34074074029922485 0.03593749925494194 0.03888889029622078
1 0.5283854007720947 0.8597221970558167 0.015104166232049465 0.028703704476356506
1 0.6466146111488342 0.21759259700775146 0.01822916604578495 0.024074073880910873
0 0.5192708373069763 0.4407407343387604 0.03020833246409893 0.0555555559694767
3 0.4947916567325592 0.4097222089767456 0.02812499925494194 0.1120370402932167
1 0.45703125 0.8504629731178284 0.01718750037252903 0.034259259700775146
1 0.5651041865348816 0.37037035822868347 0.014583333395421505 0.02777777798473835
3 0.31562501192092896 0.550000011920929 0.0364583320915699 0.10925926268100739
0 0.4950520694255829 0.4333333373069763 0.02239583246409893 0.06851851940155029
1 0.7033854126930237 0.3314814865589142 0.01718750037252903 0.02222222276031971
0 0.5804687738418579 0.4541666805744171 0.03281249850988388 0.06759259104728699
0 0.43437498807907104 0.832870364189148 0.02916666679084301 0.049074072390794754
0 0.4700520932674408 0.8578703999519348 0.0390625 0.04537037014961243
0 0.5552083253860474 0.3583333194255829 0.0364583320915699 0.0555555559694767
0 0.702343761920929 0.3083333373069763 0.02968749962747097 0.07037036865949631
0 0.645312488079071 0.2023148089647293 0.03229166567325592 0.06203703582286835