0 0.5093749761581421 0.34768518805503845 0.0416666679084301 0.03981481492519379
3 0.5377604365348816 0.4930555522441864 0.05885416641831398 0.0694444477558136
1 0.49661457538604736 0.8444444537162781 0.013020833022892475 0.03333333507180214
1 0.5419270992279053 0.3708333373069763 0.01614583283662796 0.02500000037252903
0 0.49921876192092896 0.3888888955116272 0.02135416679084301 0.05925925821065903
3 0.5401041507720947 0.35462963581085205 0.03125 0.06666667014360428
0 0.5596354007720947 0.4782407283782959 0.03072916716337204 0.04722222313284874
3 0.5736979246139526 0.4625000059604645 0.05572916567325592 0.1120370402932167
1 0.72265625 0.5805555582046509 0.01822916604578495 0.025925925001502037
1 0.5286458134651184 0.8587962985038757 0.015625 0.03055555559694767
0 0.5390625 0.3532407283782959 0.02500000037252903 0.06574074178934097
0 0.5942708253860474 0.8509259223937988 0.03437500074505806 0.05925925821065903
1 0.4736979305744171 0.3569444417953491 0.01927083358168602 0.028703704476356506
0 0.5252603888511658 0.49861112236976624 0.04218750074505806 0.06018518656492233
0 0.5523437261581421 0.41342592239379883 0.03593749925494194 0.05277777835726738
1 0.6546875238418579 0.21898147463798523 0.014583333395421505 0.02500000037252903
0 0.4846354126930237 0.4226851761341095 0.02968749962747097 0.06018518656492233
3 0.58984375 0.4722222089767456 0.03281249850988388 0.11481481790542603
0 0.5817708373069763 0.43703705072402954 0.02395833283662796 0.05370370298624039
1 0.5138021111488342 0.48379629850387573 0.01614583283662796 0.028703704476356506
1 0.4544270932674408 0.8500000238418579 0.01718750037252903 0.031481482088565826
3 0.547656238079071 0.38055557012557983 0.0390625 0.10740740597248077
3 0.5049479007720947 0.3787037134170532 0.03489583358168602 0.10185185074806213
0 0.46432292461395264 0.37453705072402954 0.03281249850988388 0.05833333358168602
0 0.59375 0.4967592656612396 0.02708333358168602 0.0694444477558136
0 0.7260416746139526 0.5629629492759705 0.03229166567325592 0.0833333358168602
0 0.6458333134651184 0.20601852238178253 0.0364583320915699 0.05833333358168602
0 0.4671874940395355 0.8564814925193787 0.05000000074505806 0.06481481343507767