0 0.3986979126930237 0.7310185432434082 0.03177083283662796 0.05277777835726738
0 0.39505207538604736 0.7087963223457336 0.04218750074505806 0.10462962836027145
1 0.3880208432674408 0.7453703880310059 0.01875000074505806 0.02777777798473835
0 0.5059896111488342 0.8680555820465088 0.03697916492819786 0.043518517166376114
1 0.553906261920929 0.20324073731899261 0.01614583283662796 0.023148147389292717
1 0.5869791507720947 0.5694444179534912 0.014583333395421505 0.025925925001502037
3 0.5218750238418579 0.29629629850387573 0.04062499850988388 0.10555555671453476
1 0.5052083134651184 0.30416667461395264 0.015625 0.02500000037252903
1 0.5903645753860474 0.4967592656612396 0.01718750037252903 0.026851851493120193
1 0.3671875 0.5782407522201538 0.01770833320915699 0.02500000037252903
0 0.5151041746139526 0.3194444477558136 0.03541666641831398 0.05740740895271301
0 0.5317708253860474 0.27222222089767456 0.02500000037252903 0.06666667014360428
1 0.45390623807907104 0.2101851850748062 0.01822916604578495 0.02777777798473835
1 0.6098958253860474 0.7740740776062012 0.01770833320915699 0.02777777798473835
1 0.6645833253860474 0.3898148238658905 0.01979166641831398 0.025925925001502037
0 0.3856770694255829 0.6907407641410828 0.0234375 0.07222222536802292
3 0.39375001192092896 0.7097222208976746 0.04479166492819786 0.10833333432674408
1 0.3645833432674408 0.5143518447875977 0.02083333395421505 0.026851851493120193
0 0.55078125 0.18703703582286835 0.02760416641831398 0.05740740895271301
0 0.6031249761581421 0.7962962985038757 0.03125 0.06666667014360428
0 0.36276042461395264 0.6032407283782959 0.03177083283662796 0.08055555820465088
0 0.4632812440395355 0.2273148149251938 0.03593749925494194 0.06203703582286835
0 0.3674479126930237 0.4833333194255829 0.03177083283662796 0.08888889104127884
0 0.5770833492279053 0.552314817905426 0.03437500074505806 0.06388889253139496
0 0.6000000238418579 0.47777777910232544 0.03750000149011612 0.06666667014360428
0 0.6638020873069763 0.36157408356666565 0.02864583395421505 0.07685185223817825