0 0.6216145753860474 0.6740740537643433 0.05156249925494194 0.07777778059244156
3 0.6315104365348816 0.6935185194015503 0.04010416567325592 0.05925925821065903
1 0.6377604007720947 0.4337962865829468 0.01614583283662796 0.02500000037252903
0 0.6338541507720947 0.46851852536201477 0.03333333507180214 0.09444444626569748
1 0.5385416746139526 0.8337963223457336 0.01770833320915699 0.03055555559694767
1 0.5953124761581421 0.7541666626930237 0.01666666753590107 0.026851851493120193
1 0.5518229007720947 0.720370352268219 0.01614583283662796 0.02777777798473835
1 0.31848958134651184 0.5222222208976746 0.01614583283662796 0.02777777798473835
3 0.6276041865348816 0.5444444417953491 0.03437500074505806 0.13518518209457397
3 0.6216145753860474 0.7162036895751953 0.0651041641831398 0.08981481194496155
0 0.6276041865348816 0.5703703761100769 0.02812499925494194 0.07407407462596893
1 0.3763020932674408 0.7879629731178284 0.013020833022892475 0.02777777798473835
0 0.5481770634651184 0.8037037253379822 0.02031249925494194 0.07037036865949631
0 0.6117187738418579 0.6509259343147278 0.03593749925494194 0.05370370298624039
0 0.5453125238418579 0.7370370626449585 0.02916666679084301 0.05370370298624039
3 0.6325520873069763 0.47175925970077515 0.03697916492819786 0.1101851835846901
0 0.6356770992279053 0.6930555701255798 0.03281249850988388 0.05648148059844971
0 0.6497395634651184 0.3513889014720917 0.0338541679084301 0.08055555820465088
0 0.6026041507720947 0.7356481552124023 0.03125 0.05833333358168602
0 0.31302082538604736 0.5050926208496094 0.03541666641831398 0.0824074074625969
0 0.3671875 0.7787036895751953 0.0364583320915699 0.06666667014360428