1 0.3604166805744171 0.7504629492759705 0.01666666753590107 0.026851851493120193
1 0.34947916865348816 0.6939814686775208 0.014583333395421505 0.026851851493120193
1 0.39531248807907104 0.7314814925193787 0.014583333395421505 0.025925925001502037
3 0.37682291865348816 0.7537037134170532 0.05260416492819786 0.07222222536802292
1 0.5848958492279053 0.8064814805984497 0.014583333395421505 0.02777777798473835
1 0.516406238079071 0.7106481194496155 0.01718750037252903 0.028703704476356506
1 0.3994791805744171 0.44398146867752075 0.01979166641831398 0.028703704476356506
1 0.36640626192092896 0.4791666567325592 0.02031249925494194 0.028703704476356506
1 0.6354166865348816 0.3523148000240326 0.01770833320915699 0.026851851493120193
1 0.3773437440395355 0.6708333492279053 0.01614583283662796 0.028703704476356506
1 0.6994791626930237 0.4236111044883728 0.01875000074505806 0.026851851493120193
0 0.3684895932674408 0.7643518447875977 0.0338541679084301 0.05648148059844971
1 0.49010416865348816 0.14953704178333282 0.014583333395421505 0.028703704476356506
0 0.7033854126930237 0.44583332538604736 0.02864583395421505 0.0824074074625969
0 0.3903645873069763 0.6837962865829468 0.04322916641831398 0.06388889253139496
0 0.5651041865348816 0.8189814686775208 0.03333333507180214 0.04722222313284874
0 0.40026041865348816 0.46666666865348816 0.0338541679084301 0.10000000149011612
0 0.3414062559604645 0.6759259104728699 0.03281249850988388 0.07407407462596893
0 0.3684895932674408 0.45370370149612427 0.02864583395421505 0.09814814478158951
0 0.6309896111488342 0.32777777314186096 0.03072916716337204 0.09074074029922485
0 0.5098958611488342 0.7337962985038757 0.03750000149011612 0.08425925672054291
0 0.6619791388511658 0.2736110985279083 0.03437500074505806 0.06203703582286835
0 0.4776041805744171 0.14953704178333282 0.0416666679084301 0.05833333358168602