3 0.3055555522441864 0.4441823959350586 0.07037036865949631 0.04716981202363968
0 0.39027777314186096 0.2838050425052643 0.07129629701375961 0.03773584961891174
3 0.3939814865589142 0.28223270177841187 0.07129629701375961 0.039308175444602966
1 0.2143518477678299 0.3832547068595886 0.032407406717538834 0.02437106892466545
3 0.36064815521240234 0.3746069073677063 0.05833333358168602 0.062106918543577194
3 0.3560185134410858 0.3270440399646759 0.0694444477558136 0.05974842607975006
1 0.3638888895511627 0.4371069073677063 0.031481482088565826 0.028301887214183807
1 0.36157408356666565 0.3600628972053528 0.028703704476356506 0.0172955971211195
1 0.10046296566724777 0.43435534834861755 0.03055555559694767 0.02279874123632908
1 0.2717592716217041 0.40683960914611816 0.026851851493120193 0.01808176189661026
1 0.3731481432914734 0.31721699237823486 0.025925925001502037 0.01808176189661026
1 0.41712963581085205 0.2853773534297943 0.023148147389292717 0.01886792480945587
1 0.21574074029922485 0.42059749364852905 0.031481482088565826 0.01886792480945587
1 0.28518518805503845 0.42688679695129395 0.02777777798473835 0.020440252497792244
0 0.3620370328426361 0.37971699237823486 0.046296294778585434 0.05503144487738609
1 0.442592591047287 0.2629716992378235 0.031481482088565826 0.021226415410637856
1 0.0962962955236435 0.4654088020324707 0.031481482088565826 0.02358490601181984
0 0.22083333134651184 0.3254716992378235 0.034259259700775146 0.028301887214183807
1 0.5245370268821716 0.6073113083839417 0.032407406717538834 0.027515722438693047
1 0.1736111044883728 0.5271226167678833 0.034259259700775146 0.02279874123632908
3 0.33888888359069824 0.2786949574947357 0.05000000074505806 0.062106918543577194
1 0.6768518686294556 0.2928459048271179 0.03333333507180214 0.025943396613001823
1 0.12361110746860504 0.31564465165138245 0.03055555559694767 0.025943396613001823
0 0.25833332538604736 0.39268869161605835 0.05370370298624039 0.04323899373412132
1 0.605555534362793 0.608097493648529 0.031481482088565826 0.025943396613001823
0 0.46851852536201477 0.25393080711364746 0.0833333358168602 0.04245283082127571
0 0.3064814805984497 0.4441823959350586 0.06666667014360428 0.04088050499558449
0 0.1875 0.3824685513973236 0.07500000298023224 0.03694968670606613
0 0.4921296238899231 0.6041666865348816 0.08796296268701553 0.04638364911079407
0 0.6583333611488342 0.313286155462265 0.07407407462596893 0.06996855139732361
0 0.39259257912635803 0.43356919288635254 0.0833333358168602 0.0416666679084301
0 0.16805554926395416 0.5027515888214111 0.05092592537403107 0.07154087722301483
0 0.5842592716217041 0.6092767119407654 0.07407407462596893 0.04088050499558449
0 0.10092592239379883 0.4500786066055298 0.05370370298624039 0.06682389974594116
0 0.2203703671693802 0.44693395495414734 0.046296294778585434 0.06525157392024994
0 0.13703703880310059 0.32468554377555847 0.07222222536802292 0.05503144487738609