1 0.7138020992279053 0.38240739703178406 0.01614583283662796 0.024074073880910873
1 0.5091145634651184 0.6009259223937988 0.01406249962747097 0.025925925001502037
1 0.390625 0.24166665971279144 0.01354166679084301 0.024074073880910873
1 0.4192708432674408 0.1884259283542633 0.015625 0.026851851493120193
1 0.55078125 0.5212963223457336 0.01614583283662796 0.031481482088565826
0 0.45703125 0.1597222238779068 0.03281249850988388 0.04537037014961243
1 0.46145832538604736 0.2291666716337204 0.01666666753590107 0.028703704476356506
1 0.3994791805744171 0.3194444477558136 0.01770833320915699 0.031481482088565826
1 0.3291666805744171 0.34351852536201477 0.015625 0.024074073880910873
1 0.5078125 0.7805555462837219 0.01770833320915699 0.02777777798473835
1 0.5661458373069763 0.19583334028720856 0.014583333395421505 0.028703704476356506
0 0.42578125 0.17638888955116272 0.02968749962747097 0.04722222313284874
0 0.4494791626930237 0.2231481522321701 0.04270833358168602 0.04444444552063942
0 0.5562499761581421 0.8694444298744202 0.02708333358168602 0.05370370298624039
0 0.48906248807907104 0.14074073731899261 0.0364583320915699 0.04259259253740311
0 0.33125001192092896 0.32685184478759766 0.03020833246409893 0.06296296417713165
0 0.5161458253860474 0.5833333134651184 0.03125 0.0833333358168602
0 0.710156261920929 0.3643518388271332 0.03489583358168602 0.07314814627170563
0 0.5182291865348816 0.7972221970558167 0.04062499850988388 0.07407407462596893
0 0.3804687559604645 0.23333333432674408 0.03177083283662796 0.046296294778585434
0 0.5807291865348816 0.19907407462596893 0.04583333432674408 0.06296296417713165
0 0.5645833611488342 0.5314815044403076 0.046875 0.06666667014360428
0 0.38880208134651184 0.32870370149612427 0.04531250149011612 0.07407407462596893