0 0.3601851761341095 0.2727987468242645 0.051851850003004074 0.06603773683309555
4 0.7208333611488342 0.5436320900917053 0.07685185223817825 0.06839622557163239
0 0.3513889014720917 0.24528302252292633 0.037962961941957474 0.025157231837511063
0 0.22175925970077515 0.38600629568099976 0.06388889253139496 0.07075471431016922
4 0.28842592239379883 0.3816823959350586 0.06759259104728699 0.049528300762176514
1 0.4166666567325592 0.2637578547000885 0.02777777798473835 0.019654087722301483
4 0.2240740805864334 0.38561320304870605 0.06666667014360428 0.06996855139732361
3 0.25648146867752075 0.3812893033027649 0.1259259283542633 0.06761006265878677
0 0.4532407522201538 0.2555031478404999 0.07685185223817825 0.039308175444602966
0 0.28796297311782837 0.3816823959350586 0.06296296417713165 0.04638364911079407
3 0.25740739703178406 0.2779088020324707 0.11666666716337204 0.06996855139732361
0 0.720370352268219 0.5432389974594116 0.07777778059244156 0.06603773683309555
1 0.3212963044643402 0.46226415038108826 0.03333333507180214 0.026729559525847435
1 0.6754629611968994 0.534984290599823 0.02500000037252903 0.02279874123632908
1 0.1449074000120163 0.2904874086380005 0.032407406717538834 0.025943396613001823
1 0.35185185074806213 0.24174527823925018 0.03333333507180214 0.02279874123632908
1 0.2717592716217041 0.39229559898376465 0.026851851493120193 0.022012578323483467
3 0.44675925374031067 0.25275155901908875 0.09537036716938019 0.044811319559812546
1 0.32592591643333435 0.28891509771347046 0.025925925001502037 0.021226415410637856
1 0.11388888955116272 0.4386792480945587 0.03333333507180214 0.026729559525847435
1 0.25740739703178406 0.2763364911079407 0.029629629105329514 0.027515722438693047
1 0.21759259700775146 0.4091981053352356 0.035185184329748154 0.025943396613001823
1 0.6870370507240295 0.276729553937912 0.035185184329748154 0.028301887214183807
1 0.4962962865829468 0.30935534834861755 0.03333333507180214 0.025943396613001823
1 0.18703703582286835 0.499213844537735 0.035185184329748154 0.026729559525847435
1 0.25046294927597046 0.4563679099082947 0.028703704476356506 0.02279874123632908
3 0.3689814805984497 0.26808175444602966 0.07129629701375961 0.07389937341213226
1 0.22453702986240387 0.17531447112560272 0.032407406717538834 0.026729559525847435
0 0.26944443583488464 0.44732704758644104 0.07037036865949631 0.04245283082127571
1 0.7407407164573669 0.525943398475647 0.029629629105329514 0.022012578323483467
0 0.3444444537162781 0.46265724301338196 0.08518518507480621 0.0416666679084301
0 0.23240740597248077 0.26768869161605835 0.07222222536802292 0.051100630313158035
0 0.20416666567325592 0.19143082201480865 0.07314814627170563 0.06367924809455872
0 0.519444465637207 0.2928459048271179 0.07592592388391495 0.062106918543577194
0 0.182407408952713 0.4799528419971466 0.04814814776182175 0.06839622557163239
0 0.12175925821065903 0.4245283007621765 0.05833333358168602 0.06603773683309555
0 0.6384259462356567 0.544025182723999 0.08055555820465088 0.04716981202363968
0 0.668055534362793 0.29441824555397034 0.07314814627170563 0.06682389974594116
0 0.15509259700775146 0.30227985978126526 0.0694444477558136 0.057389937341213226