1 0.532870352268219 0.2853773534297943 0.023148147389292717 0.01886792480945587
0 0.4277777671813965 0.25314465165138245 0.04444444552063942 0.028301887214183807
0 0.23101851344108582 0.1808176040649414 0.07500000298023224 0.07075471431016922
1 0.4046296179294586 0.26061320304870605 0.024074073880910873 0.019654087722301483
0 0.23287037014961243 0.44221699237823486 0.05833333358168602 0.04009433835744858
3 0.44907405972480774 0.2562893033027649 0.07777778059244156 0.03773584961891174
1 0.21250000596046448 0.42727985978126526 0.026851851493120193 0.021226415410637856
0 0.2944444417953491 0.3875786066055298 0.06111111119389534 0.04245283082127571
1 0.6935185194015503 0.275943398475647 0.029629629105329514 0.022012578323483467
1 0.3611111044883728 0.24567610025405884 0.025925925001502037 0.019654087722301483
1 0.11851851642131805 0.4426100552082062 0.031481482088565826 0.025157231837511063
1 0.2796296179294586 0.3954402506351471 0.02777777798473835 0.02358490601181984
1 0.27824074029922485 0.2908805012702942 0.028703704476356506 0.022012578323483467
3 0.23055554926395416 0.1804245263338089 0.07962962985038757 0.06996855139732361
1 0.34074074029922485 0.31053459644317627 0.02777777798473835 0.022012578323483467
1 0.23333333432674408 0.40526729822158813 0.031481482088565826 0.02279874123632908
1 0.19305555522441864 0.5043238997459412 0.03055555559694767 0.021226415410637856
1 0.25555557012557983 0.1595911979675293 0.02777777798473835 0.022012578323483467
1 0.5004629492759705 0.31682389974594116 0.03055555559694767 0.025157231837511063
1 0.7606481313705444 0.5125786066055298 0.034259259700775146 0.026729559525847435
1 0.15000000596046448 0.29520440101623535 0.029629629105329514 0.02437106892466545
0 0.31990739703178406 0.30817610025405884 0.06574074178934097 0.03616352379322052
1 0.6930555701255798 0.5302672982215881 0.032407406717538834 0.025943396613001823
3 0.25555557012557983 0.2783018946647644 0.0833333358168602 0.05974842607975006
0 0.31296294927597046 0.4669811427593231 0.07407407462596893 0.044025156646966934
3 0.37037035822868347 0.26690250635147095 0.07222222536802292 0.05896226316690445
0 0.6745370626449585 0.2991352081298828 0.0694444477558136 0.06682389974594116
0 0.6601851582527161 0.5385220050811768 0.0833333358168602 0.04245283082127571
0 0.23055554926395416 0.3836477994918823 0.05000000074505806 0.06761006265878677
0 0.5217592716217041 0.30031445622444153 0.07500000298023224 0.05974842607975006
0 0.2532407343387604 0.2771226465702057 0.07314814627170563 0.05267295613884926
0 0.1875 0.48349055647850037 0.049074072390794754 0.06603773683309555
0 0.7425925731658936 0.5334119200706482 0.07037036865949631 0.06367924809455872
0 0.12777778506278992 0.42727985978126526 0.05740740895271301 0.06682389974594116
0 0.16249999403953552 0.3054245412349701 0.06759259104728699 0.057389937341213226