1 0.5645833611488342 0.8634259104728699 0.01875000074505806 0.03055555559694767
3 0.4026041626930237 0.8083333373069763 0.06875000149011612 0.07222222536802292
1 0.3499999940395355 0.29120370745658875 0.01666666753590107 0.028703704476356506
1 0.3294270932674408 0.36574074625968933 0.01718750037252903 0.024074073880910873
1 0.36250001192092896 0.5310184955596924 0.01875000074505806 0.026851851493120193
1 0.5119791626930237 0.5069444179534912 0.015625 0.03055555559694767
1 0.5864583253860474 0.2768518626689911 0.01770833320915699 0.029629629105329514
0 0.5653645992279053 0.8712962865829468 0.02656250074505806 0.04814814776182175
1 0.5625 0.5486111044883728 0.01666666753590107 0.028703704476356506
1 0.7200520634651184 0.47870370745658875 0.01718750037252903 0.025925925001502037
1 0.5101562738418579 0.6569444537162781 0.01614583283662796 0.026851851493120193
0 0.4195312559604645 0.8180555701255798 0.03593749925494194 0.05092592537403107
0 0.38072916865348816 0.7842592597007751 0.0364583320915699 0.04259259253740311
0 0.53515625 0.8671296238899231 0.04531250149011612 0.03981481492519379
0 0.34322917461395264 0.3046296238899231 0.03541666641831398 0.07222222536802292
0 0.5705729126930237 0.5291666388511658 0.03593749925494194 0.07314814627170563
0 0.3291666805744171 0.3879629671573639 0.03229166567325592 0.08888889104127884
0 0.7203124761581421 0.5037037134170532 0.03020833246409893 0.08518518507480621
0 0.5971354246139526 0.25555557012557983 0.04322916641831398 0.07407407462596893
0 0.5239583253860474 0.5111111402511597 0.04583333432674408 0.06296296417713165
0 0.36406248807907104 0.5560185313224792 0.03437500074505806 0.09537036716938019
0 0.5210937261581421 0.667129635810852 0.04218750074505806 0.06759259104728699