3 0.3929687440395355 0.7805555462837219 0.06822916865348816 0.07037036865949631
3 0.4026041626930237 0.762499988079071 0.0625 0.05462963134050369
0 0.4208333194255829 0.7814815044403076 0.02812499925494194 0.04444444552063942
3 0.37890625 0.7939814925193787 0.05677083507180214 0.06388889253139496
1 0.3570312559604645 0.7745370268821716 0.01197916641831398 0.023148147389292717
0 0.36927083134651184 0.7837963104248047 0.03750000149011612 0.04722222313284874
1 0.620312511920929 0.27546295523643494 0.01666666753590107 0.02500000037252903
0 0.48255208134651184 0.8111110925674438 0.03489583358168602 0.03333333507180214
1 0.6036458611488342 0.3018518388271332 0.014583333395421505 0.031481482088565826
1 0.6684895753860474 0.4541666805744171 0.01614583283662796 0.026851851493120193
1 0.28723958134651184 0.46851852536201477 0.01822916604578495 0.024074073880910873
0 0.3903645873069763 0.7504629492759705 0.03489583358168602 0.037962961941957474
0 0.3934895694255829 0.8148148059844971 0.03489583358168602 0.0555555559694767
1 0.2979166805744171 0.6162037253379822 0.01770833320915699 0.02500000037252903
1 0.37421876192092896 0.21666666865348816 0.01718750037252903 0.03333333507180214
0 0.29635417461395264 0.5935184955596924 0.02708333358168602 0.08148147910833359
0 0.62109375 0.2527777850627899 0.02656250074505806 0.06666667014360428
0 0.663281261920929 0.43101853132247925 0.03177083283662796 0.0824074074625969
0 0.28854167461395264 0.44675925374031067 0.02916666679084301 0.07500000298023224
0 0.5888020992279053 0.30601853132247925 0.0442708320915699 0.06018518656492233
0 0.39010417461395264 0.21064814925193787 0.04791666567325592 0.06388889253139496