1 0.3138020932674408 0.3888888955116272 0.01614583283662796 0.025925925001502037
0 0.4963541626930237 0.14722222089767456 0.04062499850988388 0.03333333507180214
1 0.5229166746139526 0.8393518328666687 0.014583333395421505 0.028703704476356506
1 0.5223958492279053 0.14953704178333282 0.014583333395421505 0.028703704476356506
1 0.5596354007720947 0.16435185074806213 0.01614583283662796 0.028703704476356506
1 0.37812501192092896 0.23194444179534912 0.010416666977107525 0.02500000037252903
1 0.6630208492279053 0.7041666507720947 0.015625 0.028703704476356506
1 0.4841145873069763 0.15000000596046448 0.015104166232049465 0.02777777798473835
3 0.37812501192092896 0.2240740805864334 0.06041666492819786 0.09074074029922485
0 0.534375011920929 0.15509259700775146 0.03541666641831398 0.0416666679084301
1 0.4481770694255829 0.16342592239379883 0.01718750037252903 0.026851851493120193
1 0.573437511920929 0.8041666746139526 0.01666666753590107 0.032407406717538834
1 0.5619791746139526 0.35277777910232544 0.01875000074505806 0.029629629105329514
0 0.6513020992279053 0.6930555701255798 0.04635416716337204 0.08055555820465088
0 0.5322916507720947 0.8379629850387573 0.03229166567325592 0.03703703731298447
0 0.5739583373069763 0.16388888657093048 0.04270833358168602 0.046296294778585434
0 0.45703125 0.15601852536201477 0.0338541679084301 0.04722222313284874
0 0.3968749940395355 0.19768518209457397 0.02812499925494194 0.04722222313284874
0 0.31067708134651184 0.4046296179294586 0.02968749962747097 0.07222222536802292
0 0.36406248807907104 0.24166665971279144 0.03750000149011612 0.05925925821065903
0 0.32369792461395264 0.3444444537162781 0.02760416641831398 0.0555555559694767
0 0.5833333134651184 0.7805555462837219 0.03437500074505806 0.07407407462596893
0 0.5674479007720947 0.3759259283542633 0.03281249850988388 0.09074074029922485