0 0.3265624940395355 0.27453702688217163 0.02187499962747097 0.03981481492519379
1 0.38593751192092896 0.8231481313705444 0.01770833320915699 0.029629629105329514
3 0.3200520873069763 0.3106481432914734 0.03281249850988388 0.12129629403352737
0 0.34557291865348816 0.7731481194496155 0.02031249925494194 0.05925925821065903
1 0.32604166865348816 0.27453702688217163 0.01979166641831398 0.034259259700775146
1 0.6419270634651184 0.7032407522201538 0.01718750037252903 0.026851851493120193
0 0.5294271111488342 0.8527777791023254 0.03072916716337204 0.03703703731298447
1 0.6078125238418579 0.7782407402992249 0.015625 0.026851851493120193
1 0.46536457538604736 0.494907408952713 0.01406249962747097 0.03055555559694767
0 0.6000000238418579 0.7935185432434082 0.03437500074505806 0.06666667014360428
1 0.5278645753860474 0.5393518805503845 0.01614583283662796 0.028703704476356506
1 0.2796874940395355 0.522685170173645 0.01666666753590107 0.02500000037252903
0 0.3203125 0.3263888955116272 0.02708333358168602 0.0824074074625969
1 0.5916666388511658 0.22083333134651184 0.01666666753590107 0.026851851493120193
1 0.4507812559604645 0.1745370328426361 0.01718750037252903 0.032407406717538834
0 0.32604166865348816 0.7356481552124023 0.03437500074505806 0.04722222313284874
0 0.6361979246139526 0.7212963104248047 0.0338541679084301 0.07037036865949631
0 0.3799479305744171 0.8111110925674438 0.02864583395421505 0.04814814776182175
3 0.3330729305744171 0.7555555701255798 0.0494791679084301 0.09074074029922485
0 0.5236979126930237 0.5189814567565918 0.03072916716337204 0.07870370149612427
0 0.27812498807907104 0.5472221970558167 0.02395833283662796 0.07592592388391495
0 0.4544270932674408 0.5055555701255798 0.0442708320915699 0.06296296417713165
0 0.43828123807907104 0.18379630148410797 0.04322916641831398 0.06759259104728699
0 0.58203125 0.20648148655891418 0.04010416567325592 0.06481481343507767