1 0.6427083611488342 0.31481480598449707 0.01666666753590107 0.02777777798473835
1 0.6567708253860474 0.6499999761581421 0.01770833320915699 0.025925925001502037
1 0.33281248807907104 0.7495370507240295 0.01666666753590107 0.028703704476356506
1 0.612500011920929 0.5837963223457336 0.01666666753590107 0.03055555559694767
1 0.37708333134651184 0.3592592477798462 0.01979166641831398 0.025925925001502037
1 0.6270833611488342 0.7518518567085266 0.01875000074505806 0.029629629105329514
1 0.6723958253860474 0.644444465637207 0.01770833320915699 0.029629629105329514
1 0.4294270873069763 0.1865740716457367 0.01718750037252903 0.028703704476356506
1 0.5278645753860474 0.44907405972480774 0.01927083358168602 0.031481482088565826
1 0.4020833373069763 0.7055555582046509 0.01666666753590107 0.03333333507180214
1 0.3395833373069763 0.6032407283782959 0.01770833320915699 0.03055555559694767
1 0.6830729246139526 0.49768519401550293 0.01822916604578495 0.02500000037252903
1 0.5184895992279053 0.16435185074806213 0.01718750037252903 0.032407406717538834
0 0.684374988079071 0.4782407283782959 0.02812499925494194 0.07129629701375961
0 0.5213541388511658 0.427314817905426 0.03229166567325592 0.07500000298023224
0 0.6197916865348816 0.7722222208976746 0.03437500074505806 0.07777778059244156
0 0.6635416746139526 0.6662036776542664 0.03750000149011612 0.0824074074625969
0 0.44192707538604736 0.17175926268100739 0.04114583507180214 0.05833333358168602
0 0.5080729126930237 0.1587962955236435 0.04010416567325592 0.049074072390794754
0 0.37447917461395264 0.3333333432674408 0.02812499925494194 0.09259258955717087
0 0.6533854007720947 0.3236111104488373 0.03593749925494194 0.0694444477558136
0 0.6044270992279053 0.5657407641410828 0.03802083432674408 0.08518518507480621
0 0.3486979305744171 0.6208333373069763 0.04010416567325592 0.08425925672054291
0 0.3239583373069763 0.7347221970558167 0.0364583320915699 0.0824074074625969
0 0.41588541865348816 0.6958333253860474 0.0494791679084301 0.06388889253139496