1 0.5130208134651184 0.20277777314186096 0.01875000074505806 0.02777777798473835
1 0.3174479305744171 0.4791666567325592 0.015104166232049465 0.023148147389292717
0 0.49036458134651184 0.17129629850387573 0.02968749962747097 0.05740740895271301
1 0.31302082538604736 0.3810185194015503 0.01666666753590107 0.028703704476356506
1 0.6156250238418579 0.4740740656852722 0.01666666753590107 0.031481482088565826
1 0.5213541388511658 0.5087962746620178 0.015625 0.026851851493120193
1 0.3473958373069763 0.699999988079071 0.01666666753590107 0.025925925001502037
1 0.5364583134651184 0.4532407522201538 0.01770833320915699 0.028703704476356506
1 0.4351562559604645 0.6939814686775208 0.01614583283662796 0.026851851493120193
0 0.3111979067325592 0.4921296238899231 0.03593749925494194 0.05833333358168602
1 0.5846354365348816 0.4486111104488373 0.01822916604578495 0.026851851493120193
1 0.48359376192092896 0.15324074029922485 0.01614583283662796 0.028703704476356506
1 0.3033854067325592 0.5337963104248047 0.01614583283662796 0.021296296268701553
0 0.31067708134651184 0.40324074029922485 0.02552083320915699 0.07685185223817825
1 0.42786458134651184 0.3638888895511627 0.015104166232049465 0.025925925001502037
0 0.30677083134651184 0.5564814805984497 0.02812499925494194 0.07592592388391495
0 0.5179687738418579 0.22962963581085205 0.02552083320915699 0.06851851940155029
0 0.5348958373069763 0.47592592239379883 0.02604166604578495 0.07962962985038757
0 0.510937511920929 0.5268518328666687 0.03229166567325592 0.05740740895271301
0 0.5786458253860474 0.4722222089767456 0.02916666679084301 0.08518518507480621
0 0.6299479007720947 0.48055556416511536 0.05052083358168602 0.06666667014360428
0 0.43359375 0.3402777910232544 0.03072916716337204 0.07500000298023224
3 0.5036458373069763 0.20324073731899261 0.05312500149011612 0.11574073880910873
0 0.4385416805744171 0.7162036895751953 0.03333333507180214 0.0824074074625969
0 0.35364583134651184 0.7175925970077515 0.03541666641831398 0.07407407462596893