1 0.4424479305744171 0.6268518567085266 0.01927083358168602 0.031481482088565826
1 0.42265623807907104 0.6777777671813965 0.01614583283662796 0.024074073880910873
0 0.42760416865348816 0.6782407164573669 0.03958333283662796 0.09907407313585281
1 0.620312511920929 0.2152777761220932 0.01770833320915699 0.026851851493120193
1 0.5182291865348816 0.6861110925674438 0.01770833320915699 0.025925925001502037
1 0.553906261920929 0.19722221791744232 0.01614583283662796 0.02777777798473835
1 0.3661458194255829 0.6837962865829468 0.01354166679084301 0.028703704476356506
1 0.3296875059604645 0.6731481552124023 0.01770833320915699 0.025925925001502037
1 0.6351562738418579 0.3490740656852722 0.01614583283662796 0.025925925001502037
1 0.6916666626930237 0.5912036895751953 0.01875000074505806 0.02500000037252903
1 0.69921875 0.42314815521240234 0.01822916604578495 0.02777777798473835
1 0.36770832538604736 0.5694444179534912 0.01979166641831398 0.02777777798473835
0 0.7028645873069763 0.4453703761100769 0.02864583395421505 0.08148147910833359
0 0.6127604246139526 0.2023148089647293 0.03489583358168602 0.05462963134050369
0 0.33255207538604736 0.6898148059844971 0.03072916716337204 0.06481481343507767
0 0.4164062440395355 0.699999988079071 0.03072916716337204 0.06296296417713165
0 0.43697917461395264 0.6430555582046509 0.03437500074505806 0.0694444477558136
0 0.6911458373069763 0.6162037253379822 0.02916666679084301 0.08611111342906952
0 0.6294270753860474 0.3194444477558136 0.03281249850988388 0.09259258955717087
0 0.6622396111488342 0.27453702688217163 0.03489583358168602 0.06203703582286835
0 0.37838542461395264 0.6814814805984497 0.0390625 0.051851850003004074
0 0.3695312440395355 0.5449073910713196 0.0338541679084301 0.10092592239379883
0 0.5408853888511658 0.20601852238178253 0.0442708320915699 0.06203703582286835
0 0.5119791626930237 0.710185170173645 0.0364583320915699 0.0833333358168602