0 0.38359373807907104 0.7666666507720947 0.03697916492819786 0.05740740895271301
3 0.42109376192092896 0.8097222447395325 0.06197916716337204 0.06574074178934097
0 0.3427083194255829 0.6847222447395325 0.03020833246409893 0.06574074178934097
3 0.36770832538604736 0.7250000238418579 0.06875000149011612 0.10740740597248077
0 0.3192708194255829 0.574999988079071 0.02708333358168602 0.06481481343507767
0 0.4260416626930237 0.8194444179534912 0.04895833507180214 0.046296294778585434
0 0.4088541567325592 0.8097222447395325 0.02916666679084301 0.05092592537403107
1 0.5283854007720947 0.8583333492279053 0.015104166232049465 0.02777777798473835
0 0.4440104067325592 0.8430555462837219 0.0442708320915699 0.06574074178934097
0 0.35546875 0.7245370149612427 0.03072916716337204 0.07129629701375961
3 0.39765626192092896 0.7875000238418579 0.06927083432674408 0.08055555820465088
1 0.5947916507720947 0.6949074268341064 0.01770833320915699 0.034259259700775146
1 0.31458333134651184 0.5592592358589172 0.01666666753590107 0.025925925001502037
1 0.5255208611488342 0.3444444537162781 0.01770833320915699 0.029629629105329514
3 0.4442708194255829 0.8407407402992249 0.05312500149011612 0.07407407462596893
0 0.5953124761581421 0.8518518805503845 0.0364583320915699 0.06481481343507767
1 0.7104166746139526 0.3601851761341095 0.01770833320915699 0.024074073880910873
1 0.45494791865348816 0.782870352268219 0.01822916604578495 0.03055555559694767
3 0.3369791805744171 0.6597222089767456 0.04895833507180214 0.11944444477558136
3 0.3513020873069763 0.7060185074806213 0.04843749850988388 0.1120370402932167
0 0.4528645873069763 0.8532407283782959 0.03072916716337204 0.05092592537403107
0 0.4622395932674408 0.762499988079071 0.03072916716337204 0.06018518656492233
0 0.5190104246139526 0.3245370388031006 0.0338541679084301 0.08055555820465088
3 0.3213541805744171 0.6000000238418579 0.03541666641831398 0.11481481790542603
0 0.7085937261581421 0.3351851999759674 0.02864583395421505 0.07407407462596893
0 0.7247396111488342 0.5592592358589172 0.03177083283662796 0.07592592388391495
0 0.6057291626930237 0.7037037014961243 0.05416666716337204 0.08703703433275223