1 0.4596354067325592 0.8379629850387573 0.01406249962747097 0.02222222276031971
3 0.542187511920929 0.17314815521240234 0.08229167014360428 0.06296296417713165
1 0.5028645992279053 0.8087962865829468 0.01406249962747097 0.03055555559694767
1 0.5361979007720947 0.17592592537403107 0.01406249962747097 0.02777777798473835
3 0.3411458432674408 0.6717592477798462 0.0520833320915699 0.0972222238779068
1 0.39244791865348816 0.5050926208496094 0.01614583283662796 0.02500000037252903
1 0.5296875238418579 0.8481481671333313 0.01770833320915699 0.02777777798473835
0 0.39140623807907104 0.5865740776062012 0.04218750074505806 0.07500000298023224
0 0.3526041805744171 0.6953703761100769 0.03125 0.05925925821065903
1 0.5739583373069763 0.19814814627170563 0.01666666753590107 0.02777777798473835
1 0.3296875059604645 0.7486110925674438 0.01666666753590107 0.02500000037252903
0 0.29479166865348816 0.6601851582527161 0.02500000037252903 0.051851850003004074
0 0.3278645873069763 0.6435185074806213 0.02552083320915699 0.04814814776182175
1 0.2906250059604645 0.6490740776062012 0.01770833320915699 0.025925925001502037
1 0.45130208134651184 0.17499999701976776 0.01718750037252903 0.031481482088565826
0 0.565625011920929 0.1884259283542633 0.03333333507180214 0.05277777835726738
0 0.5244791507720947 0.8305555582046509 0.02291666716337204 0.05370370298624039
0 0.3375000059604645 0.7657407522201538 0.03750000149011612 0.07037036865949631
0 0.3919270932674408 0.5171296000480652 0.02447916753590107 0.06018518656492233
3 0.3919270932674408 0.5578703880310059 0.04218750074505806 0.13055555522441864
0 0.5236979126930237 0.16620370745658875 0.0390625 0.05092592537403107
0 0.4895833432674408 0.8018518686294556 0.03750000149011612 0.040740739554166794
0 0.4385416805744171 0.18379630148410797 0.04374999925494194 0.06759259104728699
0 0.4580729305744171 0.8574073910713196 0.02656250074505806 0.0555555559694767