1 0.4143229126930237 0.18888889253139496 0.015104166232049465 0.024074073880910873
1 0.4424479305744171 0.24629630148410797 0.015104166232049465 0.029629629105329514
0 0.42760416865348816 0.23564815521240234 0.03958333283662796 0.07500000298023224
1 0.526562511920929 0.2916666567325592 0.015625 0.031481482088565826
0 0.4013020694255829 0.18796296417713165 0.03177083283662796 0.03703703731298447
1 0.5895833373069763 0.5009258985519409 0.01666666753590107 0.02777777798473835
1 0.38854166865348816 0.720370352268219 0.015625 0.025925925001502037
1 0.6526041626930237 0.7032407522201538 0.01666666753590107 0.02500000037252903
1 0.37578123807907104 0.3125 0.01822916604578495 0.028703704476356506
1 0.5885416865348816 0.5722222328186035 0.01770833320915699 0.029629629105329514
1 0.6138020753860474 0.772685170173645 0.01718750037252903 0.026851851493120193
1 0.4390625059604645 0.17731481790542603 0.014583333395421505 0.026851851493120193
1 0.6283854246139526 0.2736110985279083 0.015104166232049465 0.02500000037252903
1 0.5604166388511658 0.31296294927597046 0.01875000074505806 0.029629629105329514
0 0.6458333134651184 0.7231481671333313 0.03437500074505806 0.07222222536802292
0 0.5127604007720947 0.2958333194255829 0.0442708320915699 0.04722222313284874
0 0.60546875 0.7925925850868225 0.0338541679084301 0.06851851940155029
0 0.4520833194255829 0.16342592239379883 0.04270833358168602 0.05462963134050369
0 0.6395833492279053 0.28796297311782837 0.0364583320915699 0.06111111119389534
0 0.5549479126930237 0.29722222685813904 0.03072916716337204 0.05925925821065903
0 0.3604166805744171 0.3018518388271332 0.04583333432674408 0.05370370298624039
0 0.5791666507720947 0.5564814805984497 0.03541666641831398 0.06666667014360428
0 0.5994791388511658 0.48240742087364197 0.0364583320915699 0.06481481343507767
0 0.3864583373069763 0.6949074268341064 0.03125 0.08796296268701553