0 0.565625011920929 0.7916666865348816 0.03229166567325592 0.03703703731298447
3 0.5565103888511658 0.770370364189148 0.06927083432674408 0.07777778059244156
1 0.5822916626930237 0.7740740776062012 0.014583333395421505 0.03703703731298447
1 0.5520833134651184 0.6615740656852722 0.015625 0.023148147389292717
0 0.5726562738418579 0.7814815044403076 0.0442708320915699 0.05740740895271301
1 0.5346354246139526 0.6958333253860474 0.01614583283662796 0.026851851493120193
0 0.532031238079071 0.760185182094574 0.04010416567325592 0.05370370298624039
3 0.5356770753860474 0.6777777671813965 0.06927083432674408 0.10185185074806213
1 0.6369791626930237 0.2787036895751953 0.01666666753590107 0.02777777798473835
1 0.663281261920929 0.5138888955116272 0.01822916604578495 0.025925925001502037
1 0.6080729365348816 0.33101850748062134 0.01614583283662796 0.03055555559694767
1 0.5179687738418579 0.6935185194015503 0.01614583283662796 0.02777777798473835
1 0.6484375 0.6736111044883728 0.01875000074505806 0.02500000037252903
1 0.4411458373069763 0.1935185194015503 0.01979166641831398 0.031481482088565826
0 0.5523437261581421 0.6393518447875977 0.02447916753590107 0.07500000298023224
3 0.5492187738418579 0.6606481671333313 0.03489583358168602 0.11574073880910873
0 0.5473958253860474 0.7050926089286804 0.03958333283662796 0.04537037014961243
0 0.6466146111488342 0.6907407641410828 0.02864583395421505 0.06111111119389534
0 0.660937488079071 0.4902777671813965 0.03125 0.08055555820465088
0 0.5942708253860474 0.3444444537162781 0.03958333283662796 0.05370370298624039
0 0.606249988079071 0.7773148417472839 0.03125 0.05092592537403107
0 0.5138021111488342 0.668055534362793 0.02135416679084301 0.07129629701375961
0 0.4390625059604645 0.2083333283662796 0.02812499925494194 0.07222222536802292
0 0.4833333194255829 0.8120370507240295 0.03437500074505806 0.04444444552063942
0 0.6325520873069763 0.29629629850387573 0.03177083283662796 0.07037036865949631