0 0.3552083373069763 0.6574074029922485 0.03333333507180214 0.04259259253740311
1 0.3252604305744171 0.6550925970077515 0.01822916604578495 0.034259259700775146
3 0.3723958432674408 0.6518518328666687 0.0729166641831398 0.05000000074505806
0 0.503125011920929 0.8847222328186035 0.02395833283662796 0.03611111268401146
1 0.4546875059604645 0.8337963223457336 0.01979166641831398 0.032407406717538834
1 0.4908854067325592 0.8236111402511597 0.01406249962747097 0.028703704476356506
0 0.5138021111488342 0.8814814686775208 0.04218750074505806 0.040740739554166794
1 0.5648437738418579 0.5055555701255798 0.02031249925494194 0.029629629105329514
1 0.6815103888511658 0.7166666388511658 0.01927083358168602 0.02777777798473835
0 0.3934895694255829 0.6504629850387573 0.03802083432674408 0.05092592537403107
3 0.41328126192092896 0.6499999761581421 0.09010417014360428 0.06111111119389534
0 0.5249999761581421 0.8731481432914734 0.03333333507180214 0.035185184329748154
1 0.5864583253860474 0.27731481194496155 0.01875000074505806 0.032407406717538834
1 0.38072916865348816 0.6509259343147278 0.01354166679084301 0.031481482088565826
1 0.42005208134651184 0.654629647731781 0.01406249962747097 0.02777777798473835
0 0.58203125 0.5310184955596924 0.0442708320915699 0.049074072390794754
1 0.5666666626930237 0.5402777791023254 0.01875000074505806 0.03055555559694767
0 0.32734376192092896 0.6574074029922485 0.02447916753590107 0.05925925821065903
0 0.5057291388511658 0.8199074268341064 0.04374999925494194 0.043518517166376114
3 0.5755208134651184 0.4972222149372101 0.05416666716337204 0.11296296119689941
0 0.5604166388511658 0.47870370745658875 0.02916666679084301 0.07777778059244156
0 0.5645833611488342 0.8768518567085266 0.03020833246409893 0.04444444552063942
0 0.4606770873069763 0.8277778029441833 0.03802083432674408 0.0555555559694767
0 0.6763020753860474 0.7388888597488403 0.0338541679084301 0.07407407462596893
0 0.4348958432674408 0.647685170173645 0.0416666679084301 0.05277777835726738
0 0.5973958373069763 0.25833332538604736 0.04270833358168602 0.07222222536802292