0 0.592968761920929 0.8175926208496094 0.0234375 0.03333333507180214
1 0.2942708432674408 0.3810185194015503 0.014583333395421505 0.023148147389292717
1 0.5028645992279053 0.5370370149612427 0.015104166232049465 0.02777777798473835
1 0.598437488079071 0.4046296179294586 0.015625 0.02777777798473835
1 0.6536458134651184 0.447685182094574 0.010416666977107525 0.023148147389292717
0 0.6348958611488342 0.45694443583488464 0.03125 0.06388889253139496
1 0.518750011920929 0.8615740537643433 0.015625 0.02500000037252903
1 0.38619792461395264 0.4722222089767456 0.015104166232049465 0.02777777798473835
3 0.629687488079071 0.43888887763023376 0.06666667014360428 0.09074074029922485
1 0.4515624940395355 0.5254629850387573 0.014583333395421505 0.026851851493120193
0 0.6070312261581421 0.4124999940395355 0.0338541679084301 0.04722222313284874
1 0.40963542461395264 0.6833333373069763 0.01614583283662796 0.02777777798473835
1 0.48906248807907104 0.6060185432434082 0.014583333395421505 0.021296296268701553
1 0.6395833492279053 0.31203705072402954 0.01875000074505806 0.02777777798473835
0 0.5104166865348816 0.8675925731658936 0.02916666679084301 0.046296294778585434
0 0.3851562440395355 0.8291666507720947 0.02656250074505806 0.0416666679084301
0 0.6651041507720947 0.43009260296821594 0.03229166567325592 0.06018518656492233
0 0.49401041865348816 0.6273148059844971 0.02864583395421505 0.07314814627170563
0 0.6395833492279053 0.3333333432674408 0.02604166604578495 0.07592592388391495
0 0.49270832538604736 0.550000011920929 0.03437500074505806 0.0555555559694767
0 0.29765623807907104 0.369907408952713 0.0338541679084301 0.06018518656492233
0 0.3994791805744171 0.6972222328186035 0.04374999925494194 0.06851851940155029
0 0.4789062440395355 0.6962962746620178 0.04114583507180214 0.04814814776182175
0 0.3973958194255829 0.4611110985279083 0.04270833358168602 0.06666667014360428
0 0.4609375 0.5115740895271301 0.03854166716337204 0.06018518656492233