1 0.49687498807907104 0.17546296119689941 0.01875000074505806 0.028703704476356506
1 0.5315104126930237 0.5134259462356567 0.01718750037252903 0.02500000037252903
1 0.507031261920929 0.3888888955116272 0.01718750037252903 0.029629629105329514
1 0.3958333432674408 0.26944443583488464 0.01770833320915699 0.029629629105329514
1 0.4833333194255829 0.4523148238658905 0.01770833320915699 0.026851851493120193
1 0.6252604126930237 0.2717592716217041 0.01614583283662796 0.026851851493120193
1 0.3174479305744171 0.3097222149372101 0.01614583283662796 0.02500000037252903
1 0.5859375 0.5712962746620178 0.01770833320915699 0.029629629105329514
1 0.33515626192092896 0.7523148059844971 0.01718750037252903 0.028703704476356506
1 0.2848958373069763 0.5467592477798462 0.01875000074505806 0.02500000037252903
1 0.4333333373069763 0.7518518567085266 0.01875000074505806 0.02777777798473835
1 0.577343761920929 0.27916666865348816 0.01927083358168602 0.028703704476356506
1 0.4622395932674408 0.16111111640930176 0.01927083358168602 0.029629629105329514
0 0.5018228888511658 0.36851853132247925 0.03281249850988388 0.07962962985038757
0 0.3255208432674408 0.29212963581085205 0.03229166567325592 0.06203703582286835
0 0.598437488079071 0.5837963223457336 0.04895833507180214 0.05277777835726738
0 0.2854166626930237 0.5717592835426331 0.02916666679084301 0.0824074074625969
0 0.3869791626930237 0.2898148000240326 0.03125 0.06851851940155029
0 0.46015626192092896 0.18796296417713165 0.02760416641831398 0.07777778059244156
0 0.4359374940395355 0.727314829826355 0.03125 0.08425925672054291
0 0.52734375 0.4870370328426361 0.03177083283662796 0.08888889104127884
0 0.3434895873069763 0.7699074149131775 0.04010416567325592 0.07314814627170563
0 0.4833333194255829 0.4791666567325592 0.02812499925494194 0.09166666865348816
0 0.504687488079071 0.16805554926395416 0.03437500074505806 0.04722222313284874
0 0.6369791626930237 0.28148147463798523 0.0364583320915699 0.06481481343507767
0 0.5752604007720947 0.25462964177131653 0.02760416641831398 0.08518518507480621