0 0.5648437738418579 0.8583333492279053 0.01822916604578495 0.03703703731298447
1 0.4973958432674408 0.8444444537162781 0.02083333395421505 0.029629629105329514
1 0.3427083194255829 0.380092591047287 0.015625 0.021296296268701553
1 0.4468750059604645 0.3453703820705414 0.01770833320915699 0.02777777798473835
1 0.4494791626930237 0.8527777791023254 0.015625 0.031481482088565826
1 0.6604166626930237 0.3708333373069763 0.01666666753590107 0.03055555559694767
0 0.6786458492279053 0.45185184478759766 0.02604166604578495 0.06851851940155029
1 0.30416667461395264 0.4625000059604645 0.014583333395421505 0.023148147389292717
1 0.4013020694255829 0.8495370149612427 0.015104166232049465 0.026851851493120193
3 0.6752604246139526 0.4185185134410858 0.03593749925494194 0.1259259283542633
1 0.3606770932674408 0.6037036776542664 0.01406249962747097 0.02777777798473835
1 0.4000000059604645 0.5620370507240295 0.01666666753590107 0.03333333507180214
1 0.4997395873069763 0.1615740805864334 0.01614583283662796 0.03055555559694767
0 0.667187511920929 0.38240739703178406 0.03229166567325592 0.07037036865949631
1 0.6158854365348816 0.2787036895751953 0.015104166232049465 0.031481482088565826
1 0.34427082538604736 0.7879629731178284 0.014583333395421505 0.029629629105329514
0 0.49401041865348816 0.8245370388031006 0.02968749962747097 0.0694444477558136
0 0.44062501192092896 0.36157408356666565 0.02916666679084301 0.08055555820465088
0 0.4364583194255829 0.8462963104248047 0.03958333283662796 0.05370370298624039
0 0.34427082538604736 0.3976851999759674 0.02812499925494194 0.08611111342906952
0 0.3020833432674408 0.4763889014720917 0.02812499925494194 0.0694444477558136
0 0.34947916865348816 0.6166666746139526 0.04062499850988388 0.07222222536802292
0 0.3348958194255829 0.7754629850387573 0.0364583320915699 0.0694444477558136
0 0.4124999940395355 0.5671296119689941 0.04791666567325592 0.05833333358168602
0 0.6031249761581421 0.2750000059604645 0.04479166492819786 0.06481481343507767
0 0.3903645873069763 0.8407407402992249 0.03489583358168602 0.05000000074505806
0 0.5130208134651184 0.1587962955236435 0.046875 0.05833333358168602