0 0.4622395932674408 0.8481481671333313 0.03593749925494194 0.03888889029622078
1 0.3382812440395355 0.6800925731658936 0.01614583283662796 0.023148147389292717
1 0.4638020694255829 0.8055555820465088 0.02031249925494194 0.02777777798473835
1 0.38098958134651184 0.7629629373550415 0.01614583283662796 0.025925925001502037
1 0.4635416567325592 0.5236111283302307 0.01770833320915699 0.02500000037252903
0 0.3502604067325592 0.699999988079071 0.0494791679084301 0.06851851940155029
1 0.6895833611488342 0.6157407164573669 0.01770833320915699 0.025925925001502037
1 0.5716145634651184 0.3662036955356598 0.01927083358168602 0.028703704476356506
1 0.3174479305744171 0.6208333373069763 0.01718750037252903 0.026851851493120193
1 0.6721354126930237 0.6398147940635681 0.01614583283662796 0.025925925001502037
1 0.36145833134651184 0.5157407522201538 0.01666666753590107 0.02777777798473835
0 0.31953126192092896 0.6379629373550415 0.02864583395421505 0.06666667014360428
1 0.4528645873069763 0.1597222238779068 0.01614583283662796 0.032407406717538834
0 0.6588541865348816 0.6574074029922485 0.04270833358168602 0.06111111119389534
0 0.694531261920929 0.592129647731781 0.02968749962747097 0.07685185223817825
0 0.46666666865348816 0.5509259104728699 0.03229166567325592 0.09259258955717087
0 0.44062501192092896 0.1587962955236435 0.04374999925494194 0.05462963134050369
0 0.3447916805744171 0.2787036895751953 0.03333333507180214 0.06111111119389534
0 0.37109375 0.529629647731781 0.04218750074505806 0.07407407462596893
0 0.5755208134651184 0.3916666805744171 0.03229166567325592 0.09074074029922485
0 0.3864583373069763 0.779629647731781 0.03333333507180214 0.06851851940155029