1 0.522656261920929 0.668055534362793 0.01614583283662796 0.032407406717538834
1 0.5677083134651184 0.5532407164573669 0.01770833320915699 0.032407406717538834
0 0.2919270694255829 0.42222222685813904 0.02968749962747097 0.07037036865949631
1 0.6122395992279053 0.2532407343387604 0.01406249962747097 0.02500000037252903
1 0.6197916865348816 0.7634259462356567 0.01666666753590107 0.028703704476356506
1 0.5260416865348816 0.3430555462837219 0.01875000074505806 0.028703704476356506
1 0.28463542461395264 0.5245370268821716 0.01927083358168602 0.02500000037252903
0 0.5239583253860474 0.32175925374031067 0.02291666716337204 0.0694444477558136
3 0.5083333253860474 0.3004629611968994 0.05416666716337204 0.10833333432674408
1 0.4752604067325592 0.16018518805503845 0.01718750037252903 0.031481482088565826
1 0.3541666567325592 0.3722222149372101 0.01875000074505806 0.03703703731298447
1 0.5973958373069763 0.35648149251937866 0.01979166641831398 0.029629629105329514
1 0.5455729365348816 0.6875 0.01822916604578495 0.026851851493120193
0 0.30156248807907104 0.36342594027519226 0.02291666716337204 0.06388889253139496
0 0.6072916388511658 0.7509258985519409 0.04270833358168602 0.05925925821065903
0 0.28307291865348816 0.5532407164573669 0.02760416641831398 0.08055555820465088
0 0.48645833134651184 0.1578703671693802 0.04374999925494194 0.049074072390794754
0 0.36927083134651184 0.3689814805984497 0.04895833507180214 0.06018518656492233
3 0.2940104305744171 0.39444443583488464 0.03802083432674408 0.13148148357868195
0 0.5458333492279053 0.6620370149612427 0.02500000037252903 0.08148147910833359
0 0.4958333373069763 0.2750000059604645 0.03125 0.0555555559694767
0 0.5815104246139526 0.5685185194015503 0.04531250149011612 0.06666667014360428
0 0.621874988079071 0.2587963044643402 0.03437500074505806 0.05092592537403107
0 0.5093749761581421 0.6810185313224792 0.03958333283662796 0.05648148059844971
0 0.59375 0.3314814865589142 0.02916666679084301 0.08518518507480621