0 0.3921875059604645 0.8115741014480591 0.0520833320915699 0.07870370149612427
1 0.6617187261581421 0.28240740299224854 0.01718750037252903 0.035185184329748154
0 0.3760416805744171 0.7842592597007751 0.03229166567325592 0.051851850003004074
1 0.5458333492279053 0.7504629492759705 0.01770833320915699 0.032407406717538834
1 0.625781238079071 0.2611111104488373 0.015104166232049465 0.029629629105329514
3 0.6427083611488342 0.25 0.04583333432674408 0.06111111119389534
0 0.3565104305744171 0.7407407164573669 0.03072916716337204 0.05370370298624039
1 0.6299479007720947 0.6449074149131775 0.015104166232049465 0.026851851493120193
1 0.3388020694255829 0.7060185074806213 0.01718750037252903 0.026851851493120193
1 0.5895833373069763 0.2759259343147278 0.01875000074505806 0.025925925001502037
1 0.4401041567325592 0.6782407164573669 0.01875000074505806 0.028703704476356506
1 0.5583333373069763 0.5333333611488342 0.014583333395421505 0.02777777798473835
0 0.5244791507720947 0.7490741014480591 0.03750000149011612 0.04259259253740311
1 0.6385416388511658 0.33379629254341125 0.01770833320915699 0.03055555559694767
1 0.5119791626930237 0.7509258985519409 0.01666666753590107 0.031481482088565826
3 0.37578123807907104 0.7773148417472839 0.06406249850988388 0.1120370402932167
0 0.6499999761581421 0.3245370388031006 0.03958333283662796 0.05833333358168602
0 0.6645833253860474 0.2537037134170532 0.02187499962747097 0.06666667014360428
0 0.5625 0.7412037253379822 0.03750000149011612 0.04722222313284874
0 0.5963541865348816 0.25833332538604736 0.03437500074505806 0.06296296417713165
0 0.33151042461395264 0.6837962865829468 0.02864583395421505 0.0694444477558136
0 0.4033854305744171 0.8254629373550415 0.02864583395421505 0.05648148059844971
3 0.3882812559604645 0.8027777671813965 0.0598958320915699 0.0962962955236435
0 0.6395833492279053 0.6592592597007751 0.03854166716337204 0.07222222536802292
0 0.5690104365348816 0.520370364189148 0.04218750074505806 0.07037036865949631
0 0.44973957538604736 0.6597222089767456 0.04114583507180214 0.07314814627170563