0 0.620312511920929 0.7240740656852722 0.0416666679084301 0.05740740895271301
1 0.608593761920929 0.7148148417472839 0.01718750037252903 0.03333333507180214
1 0.6541666388511658 0.6495370268821716 0.01770833320915699 0.028703704476356506
1 0.39140623807907104 0.2152777761220932 0.01614583283662796 0.026851851493120193
1 0.5846354365348816 0.7587962746620178 0.01406249962747097 0.028703704476356506
0 0.40156251192092896 0.2013888955116272 0.0416666679084301 0.06574074178934097
1 0.3033854067325592 0.3898148238658905 0.01927083358168602 0.029629629105329514
1 0.5450521111488342 0.17870371043682098 0.01614583283662796 0.029629629105329514
1 0.33281248807907104 0.4782407283782959 0.01979166641831398 0.026851851493120193
1 0.6526041626930237 0.4157407283782959 0.01875000074505806 0.029629629105329514
1 0.6372395753860474 0.5930555462837219 0.01927083358168602 0.026851851493120193
1 0.3734374940395355 0.3828703761100769 0.01979166641831398 0.028703704476356506
1 0.5882812738418579 0.42500001192092896 0.01822916604578495 0.029629629105329514
1 0.42369791865348816 0.28611111640930176 0.02031249925494194 0.03333333507180214
0 0.6151041388511658 0.7851851582527161 0.03541666641831398 0.06481481343507767
0 0.29479166865348816 0.4106481373310089 0.03437500074505806 0.07314814627170563
0 0.6424478888511658 0.43287035822868347 0.0390625 0.0694444477558136
0 0.3343749940395355 0.5055555701255798 0.03229166567325592 0.08703703433275223
0 0.5979166626930237 0.40601852536201477 0.03750000149011612 0.07129629701375961
0 0.5703125 0.7476851940155029 0.04270833358168602 0.05462963134050369
0 0.53125 0.1736111044883728 0.04374999925494194 0.05277777835726738
0 0.6393229365348816 0.5675926208496094 0.03177083283662796 0.09259258955717087
0 0.3695312440395355 0.3550925850868225 0.03177083283662796 0.08611111342906952
0 0.6630208492279053 0.6555555462837219 0.03854166716337204 0.05740740895271301
0 0.4182291626930237 0.31018519401550293 0.03437500074505806 0.0833333358168602