3 0.4606770873069763 0.7935185432434082 0.04635416716337204 0.05000000074505806
1 0.5335937738418579 0.8754629492759705 0.01822916604578495 0.026851851493120193
3 0.4463541805744171 0.8064814805984497 0.078125 0.07222222536802292
1 0.4752604067325592 0.7888888716697693 0.01614583283662796 0.029629629105329514
1 0.6361979246139526 0.7620370388031006 0.01718750037252903 0.025925925001502037
1 0.30781251192092896 0.35185185074806213 0.015625 0.025925925001502037
1 0.6106770634651184 0.7546296119689941 0.01718750037252903 0.02777777798473835
0 0.4622395932674408 0.7949073910713196 0.0390625 0.049074072390794754
1 0.667187511920929 0.7435185313224792 0.01666666753590107 0.029629629105329514
1 0.3346354067325592 0.730555534362793 0.015104166232049465 0.029629629105329514
0 0.6221354007720947 0.7393518686294556 0.04635416716337204 0.07500000298023224
0 0.4398437440395355 0.8805555701255798 0.02760416641831398 0.06666667014360428
1 0.4361979067325592 0.8171296119689941 0.01614583283662796 0.028703704476356506
1 0.40572917461395264 0.7453703880310059 0.014583333395421505 0.02777777798473835
1 0.4989583194255829 0.7393518686294556 0.01770833320915699 0.026851851493120193
1 0.42890626192092896 0.637499988079071 0.01406249962747097 0.032407406717538834
1 0.3921875059604645 0.699999988079071 0.015625 0.031481482088565826
0 0.4989583194255829 0.7578703761100769 0.02395833283662796 0.07500000298023224
0 0.3252604305744171 0.7250000238418579 0.03281249850988388 0.06481481343507767
0 0.42630207538604736 0.8277778029441833 0.03489583358168602 0.051851850003004074
1 0.6000000238418579 0.27037036418914795 0.01875000074505806 0.03333333507180214
0 0.6395833492279053 0.7805555462837219 0.02604166604578495 0.06851851940155029
0 0.31328123807907104 0.3333333432674408 0.03593749925494194 0.07592592388391495
0 0.6770833134651184 0.7287036776542664 0.03750000149011612 0.07407407462596893
0 0.6143229007720947 0.2620370388031006 0.04843749850988388 0.06481481343507767
0 0.38072916865348816 0.6851851940155029 0.04062499850988388 0.06851851940155029
0 0.41718751192092896 0.6379629373550415 0.04895833507180214 0.06851851940155029
0 0.3921875059604645 0.7550926208496094 0.04270833358168602 0.06388889253139496