1 0.7169271111488342 0.6953703761100769 0.01927083358168602 0.040740739554166794
0 0.4984374940395355 0.8986111283302307 0.01875000074505806 0.049074072390794754
4 0.42135417461395264 0.5490740537643433 0.05104166641831398 0.0962962955236435
1 0.4986979067325592 0.8865740895271301 0.01718750037252903 0.03055555559694767
0 0.42005208134651184 0.5467592477798462 0.0494791679084301 0.08611111342906952
1 0.43307292461395264 0.5587962865829468 0.01822916604578495 0.028703704476356506
1 0.015625 0.5273148417472839 0.01770833320915699 0.028703704476356506
1 0.33541667461395264 0.6685185432434082 0.01770833320915699 0.02777777798473835
1 0.6312500238418579 0.6018518805503845 0.01770833320915699 0.02777777798473835
1 0.3880208432674408 0.6180555820465088 0.015625 0.03055555559694767
1 0.04531250149011612 0.3847222328186035 0.014583333395421505 0.023148147389292717
1 0.5208333134651184 0.852314829826355 0.01979166641831398 0.03055555559694767
1 0.5518229007720947 0.5837963223457336 0.01614583283662796 0.034259259700775146
1 0.03463541716337204 0.2606481611728668 0.01197916641831398 0.026851851493120193
1 0.6932291388511658 0.33101850748062134 0.01770833320915699 0.03055555559694767
0 0.014583333395421505 0.18888889253139496 0.02916666679084301 0.04444444552063942
1 0.6330729126930237 0.7282407283782959 0.01927083358168602 0.026851851493120193
0 0.7124999761581421 0.7277777791023254 0.02708333358168602 0.0555555559694767
0 0.5218750238418579 0.8717592358589172 0.02500000037252903 0.07314814627170563
0 0.01406249962747097 0.510185182094574 0.02812499925494194 0.07592592388391495
3 0.7169271111488342 0.6953703761100769 0.0390625 0.1240740716457367
0 0.02473958395421505 0.25462964177131653 0.03802083432674408 0.05740740895271301
0 0.5388020873069763 0.5837963223457336 0.05052083358168602 0.06203703582286835
0 0.37552082538604736 0.6240741014480591 0.04583333432674408 0.05370370298624039
0 0.04609375074505806 0.3731481432914734 0.02864583395421505 0.06851851940155029
0 0.6244791746139526 0.5777778029441833 0.03750000149011612 0.08518518507480621
0 0.33802083134651184 0.6879629492759705 0.02812499925494194 0.07962962985038757
0 0.703125 0.34953704476356506 0.03541666641831398 0.07870370149612427
0 0.6341145634651184 0.7527777552604675 0.03177083283662796 0.08518518507480621
0 0.02630208246409893 0.4416666626930237 0.04114583507180214 0.06851851940155029
0 0.7223958373069763 0.6712962985038757 0.02916666679084301 0.06666667014360428