1 0.698437511920929 0.3541666567325592 0.01875000074505806 0.03055555559694767
1 0.3929687440395355 0.4407407343387604 0.013020833022892475 0.031481482088565826
1 0.578125 0.6875 0.014583333395421505 0.028703704476356506
0 0.7028645873069763 0.3777777850627899 0.03072916716337204 0.0833333358168602
0 0.4124999940395355 0.4513888955116272 0.02604166604578495 0.06388889253139496
1 0.41093748807907104 0.5004629492759705 0.01666666753590107 0.026851851493120193
1 0.4361979067325592 0.5055555701255798 0.015104166232049465 0.025925925001502037
3 0.41328126192092896 0.5222222208976746 0.06197916716337204 0.07037036865949631
0 0.710156261920929 0.4305555522441864 0.03489583358168602 0.06111111119389534
1 0.55859375 0.5337963104248047 0.015104166232049465 0.026851851493120193
1 0.7028645873069763 0.47453704476356506 0.01614583283662796 0.023148147389292717
1 0.5567708611488342 0.7361111044883728 0.015625 0.025925925001502037
1 0.5997396111488342 0.18194444477558136 0.01614583283662796 0.03055555559694767
3 0.706250011920929 0.39814814925193787 0.03854166716337204 0.12222222238779068
1 0.6674479246139526 0.7023147940635681 0.01406249962747097 0.03055555559694767
1 0.6213541626930237 0.2439814805984497 0.01770833320915699 0.03055555559694767
3 0.4229166805744171 0.47083333134651184 0.04374999925494194 0.10092592239379883
0 0.5901041626930237 0.6652777791023254 0.0364583320915699 0.0694444477558136
0 0.7046874761581421 0.5004629492759705 0.03020833246409893 0.08055555820465088
0 0.3786458373069763 0.44583332538604736 0.03958333283662796 0.05092592537403107
0 0.3971354067325592 0.5277777910232544 0.0338541679084301 0.05925925821065903
0 0.5588541626930237 0.7124999761581421 0.02812499925494194 0.08425925672054291
0 0.5684896111488342 0.520370364189148 0.04322916641831398 0.07592592388391495
0 0.614062488079071 0.1865740716457367 0.0416666679084301 0.06018518656492233
0 0.633593738079071 0.2532407343387604 0.0442708320915699 0.06018518656492233
0 0.6807291507720947 0.6972222328186035 0.04583333432674408 0.06296296417713165