0 0.5825520753860474 0.4583333432674408 0.05572916567325592 0.08518518507480621
0 0.5484374761581421 0.3888888955116272 0.02395833283662796 0.051851850003004074
0 0.5309895873069763 0.4296296238899231 0.05364583432674408 0.07962962985038757
0 0.5932291746139526 0.8180555701255798 0.02604166604578495 0.037962961941957474
0 0.5666666626930237 0.43981480598449707 0.02916666679084301 0.040740739554166794
1 0.6484375 0.6467592716217041 0.01666666753590107 0.028703704476356506
1 0.6536458134651184 0.6365740895271301 0.01875000074505806 0.026851851493120193
1 0.5390625 0.4384259283542633 0.015625 0.03055555559694767
1 0.4893229305744171 0.41712963581085205 0.01406249962747097 0.028703704476356506
1 0.3669270873069763 0.4000000059604645 0.01614583283662796 0.029629629105329514
1 0.4520833194255829 0.4662036895751953 0.015625 0.02500000037252903
1 0.6020833253860474 0.4870370328426361 0.01666666753590107 0.025925925001502037
1 0.5026041865348816 0.26249998807907104 0.01354166679084301 0.026851851493120193
1 0.2854166626930237 0.48240742087364197 0.01875000074505806 0.025925925001502037
1 0.6205729246139526 0.605555534362793 0.015104166232049465 0.029629629105329514
0 0.6518229246139526 0.6152777671813965 0.02656250074505806 0.06203703582286835
0 0.526562511920929 0.44583332538604736 0.03958333283662796 0.04722222313284874
0 0.608593761920929 0.6009259223937988 0.04322916641831398 0.051851850003004074
0 0.4463541805744171 0.48657408356666565 0.02812499925494194 0.06759259104728699
0 0.5953124761581421 0.4749999940395355 0.03229166567325592 0.0555555559694767
0 0.4778645932674408 0.4254629611968994 0.0390625 0.05277777835726738
3 0.5804687738418579 0.45787036418914795 0.05885416641831398 0.08796296268701553
0 0.6325520873069763 0.6685185432434082 0.0390625 0.05370370298624039
0 0.2848958373069763 0.45601850748062134 0.03125 0.08796296268701553
3 0.5393229126930237 0.4157407283782959 0.06406249850988388 0.10185185074806213
0 0.49166667461395264 0.2717592716217041 0.03229166567325592 0.05462963134050369
0 0.2854166626930237 0.5787037014961243 0.03437500074505806 0.07222222536802292
0 0.3567708432674408 0.3847222328186035 0.04791666567325592 0.07314814627170563