3 0.6226562261581421 0.27037036418914795 0.03281249850988388 0.08518518507480621
1 0.40156251192092896 0.2143518477678299 0.01875000074505806 0.026851851493120193
1 0.6721354126930237 0.3847222328186035 0.01822916604578495 0.028703704476356506
1 0.604687511920929 0.7523148059844971 0.01875000074505806 0.03055555559694767
1 0.612500011920929 0.7787036895751953 0.01666666753590107 0.029629629105329514
1 0.6270833611488342 0.29305556416511536 0.01875000074505806 0.026851851493120193
1 0.6307291388511658 0.3939814865589142 0.015625 0.02500000037252903
1 0.6033853888511658 0.5652777552604675 0.01718750037252903 0.032407406717538834
0 0.6216145753860474 0.26944443583488464 0.03177083283662796 0.07407407462596893
0 0.6135416626930237 0.7365740537643433 0.03333333507180214 0.06018518656492233
0 0.6039062738418579 0.7990740537643433 0.03489583358168602 0.06666667014360428
1 0.5731770992279053 0.6662036776542664 0.01822916604578495 0.028703704476356506
1 0.3322916626930237 0.45370370149612427 0.01770833320915699 0.024074073880910873
0 0.6700521111488342 0.39444443583488464 0.03489583358168602 0.07037036865949631
0 0.6471354365348816 0.6995370388031006 0.02864583395421505 0.049074072390794754
0 0.39661458134651184 0.23796296119689941 0.02760416641831398 0.07407407462596893
0 0.4244791567325592 0.8162037134170532 0.02187499962747097 0.07129629701375961
3 0.629687488079071 0.7180555462837219 0.06562499701976776 0.08981481194496155
1 0.3049479126930237 0.5032407641410828 0.01822916604578495 0.02500000037252903
0 0.6223958134651184 0.3722222149372101 0.03125 0.06481481343507767
0 0.33203125 0.42314815521240234 0.02552083320915699 0.08148147910833359
0 0.3070312440395355 0.4731481373310089 0.02447916753590107 0.08148147910833359
0 0.5658854246139526 0.6467592716217041 0.03489583358168602 0.07129629701375961
0 0.616406261920929 0.572685182094574 0.04531250149011612 0.0694444477558136