1 0.4359374940395355 0.772685170173645 0.01354166679084301 0.023148147389292717
1 0.4559895694255829 0.28148147463798523 0.01614583283662796 0.02222222276031971
1 0.36536458134651184 0.2101851850748062 0.013020833022892475 0.024074073880910873
1 0.4072916805744171 0.17546296119689941 0.01354166679084301 0.028703704476356506
1 0.37447917461395264 0.25555557012557983 0.014583333395421505 0.024074073880910873
1 0.2958333194255829 0.6412037014961243 0.01666666753590107 0.02500000037252903
1 0.6463541388511658 0.4740740656852722 0.01354166679084301 0.025925925001502037
1 0.3088541626930237 0.3222222328186035 0.01666666753590107 0.02777777798473835
1 0.46822917461395264 0.17546296119689941 0.015625 0.026851851493120193
0 0.3763020932674408 0.19722221791744232 0.0390625 0.051851850003004074
0 0.5854166746139526 0.8101851940155029 0.02187499962747097 0.05370370298624039
0 0.4192708432674408 0.17685185372829437 0.03750000149011612 0.04444444552063942
0 0.6575520634651184 0.4749999940395355 0.0390625 0.0555555559694767
0 0.3856770694255829 0.2597222328186035 0.0338541679084301 0.03981481492519379
0 0.4411458373069763 0.7875000238418579 0.02812499925494194 0.06759259104728699
0 0.55078125 0.7740740776062012 0.02864583395421505 0.07222222536802292
0 0.30130207538604736 0.34398147463798523 0.0338541679084301 0.07870370149612427
0 0.29609376192092896 0.6615740656852722 0.02760416641831398 0.07870370149612427
0 0.45520833134651184 0.2648148238658905 0.02916666679084301 0.07962962985038757
0 0.48098957538604736 0.1745370328426361 0.0390625 0.04537037014961243