1 0.30937498807907104 0.3712962865829468 0.01770833320915699 0.024074073880910873
1 0.5401041507720947 0.9009259343147278 0.014583333395421505 0.029629629105329514
0 0.3122395873069763 0.34583333134651184 0.02447916753590107 0.0694444477558136
1 0.5276041626930237 0.1537037044763565 0.01666666753590107 0.03333333507180214
1 0.38984376192092896 0.43518519401550293 0.015104166232049465 0.029629629105329514
1 0.32604166865348816 0.44999998807907104 0.01875000074505806 0.029629629105329514
1 0.37291666865348816 0.364814817905426 0.01666666753590107 0.024074073880910873
0 0.2927083373069763 0.40138888359069824 0.03750000149011612 0.11388888955116272
3 0.2932291626930237 0.3958333432674408 0.0364583320915699 0.12870369851589203
1 0.4468750059604645 0.427314817905426 0.01666666753590107 0.03055555559694767
1 0.5072916746139526 0.14444445073604584 0.01875000074505806 0.03333333507180214
1 0.5479166507720947 0.4532407522201538 0.02187499962747097 0.034259259700775146
1 0.4437499940395355 0.1578703671693802 0.01770833320915699 0.03055555559694767
1 0.3239583373069763 0.6384259462356567 0.015625 0.026851851493120193
0 0.3986979126930237 0.41620370745658875 0.0338541679084301 0.08981481194496155
1 0.4299479126930237 0.24583333730697632 0.01822916604578495 0.032407406717538834
0 0.5440104007720947 0.1537037044763565 0.0442708320915699 0.04814814776182175
0 0.3739583194255829 0.34259259700775146 0.02708333358168602 0.09074074029922485
0 0.3187499940395355 0.6157407164573669 0.03958333283662796 0.09074074029922485
0 0.3317708373069763 0.4268518388271332 0.03333333507180214 0.08703703433275223
0 0.4494791626930237 0.40231481194496155 0.03333333507180214 0.09907407313585281
0 0.4950520694255829 0.13333334028720856 0.04322916641831398 0.05000000074505806
0 0.4299479126930237 0.14907407760620117 0.04218750074505806 0.05925925821065903
0 0.5486978888511658 0.42916667461395264 0.03281249850988388 0.09907407313585281
0 0.4153645932674408 0.25740739703178406 0.05156249925494194 0.07037036865949631