0 0.49427083134651184 0.8495370149612427 0.02187499962747097 0.08055555820465088
1 0.6239583492279053 0.27129629254341125 0.015625 0.029629629105329514
1 0.3502604067325592 0.789814829826355 0.013020833022892475 0.024074073880910873
1 0.5770833492279053 0.20694445073604584 0.012500000186264515 0.028703704476356506
1 0.5565103888511658 0.3578703701496124 0.013020833022892475 0.02500000037252903
0 0.5296875238418579 0.8564814925193787 0.03958333283662796 0.04259259253740311
0 0.4908854067325592 0.822685182094574 0.0234375 0.05648148059844971
1 0.30546873807907104 0.45092591643333435 0.01614583283662796 0.02222222276031971
3 0.6440104246139526 0.30694442987442017 0.05364583432674408 0.1101851835846901
1 0.5098958611488342 0.3143518567085266 0.01354166679084301 0.026851851493120193
1 0.4348958432674408 0.35046297311782837 0.01666666753590107 0.03055555559694767
1 0.3153645694255829 0.730555534362793 0.015104166232049465 0.024074073880910873
0 0.632031261920929 0.2787036895751953 0.02864583395421505 0.05740740895271301
0 0.6557291746139526 0.33009257912635803 0.03229166567325592 0.07129629701375961
0 0.4450520873069763 0.3671296238899231 0.04010416567325592 0.08055555820465088
0 0.31197917461395264 0.4263888895511627 0.03229166567325592 0.0824074074625969
0 0.3414062559604645 0.7833333611488342 0.03281249850988388 0.05740740895271301
0 0.31328123807907104 0.7092592716217041 0.02864583395421505 0.07962962985038757
0 0.5458333492279053 0.3550925850868225 0.03750000149011612 0.05277777835726738
0 0.5869791507720947 0.21157407760620117 0.03854166716337204 0.06203703582286835
0 0.4997395873069763 0.3037036955356598 0.03802083432674408 0.06111111119389534