1 0.6091145873069763 0.24861110746860504 0.01614583283662796 0.032407406717538834
1 0.39244791865348816 0.7972221970558167 0.01614583283662796 0.02222222276031971
0 0.3190104067325592 0.2958333194255829 0.03802083432674408 0.09907407313585281
3 0.6484375 0.3166666626930237 0.03854166716337204 0.07777778059244156
3 0.30156248807907104 0.34953704476356506 0.0416666679084301 0.10462962836027145
3 0.655468761920929 0.3550925850868225 0.0442708320915699 0.13611111044883728
1 0.5723958611488342 0.7689814567565918 0.01770833320915699 0.028703704476356506
0 0.31432291865348816 0.3166666626930237 0.02135416679084301 0.046296294778585434
1 0.27526041865348816 0.4902777671813965 0.01927083358168602 0.026851851493120193
1 0.3309895694255829 0.26249998807907104 0.01614583283662796 0.02500000037252903
1 0.6611979007720947 0.35555556416511536 0.01822916604578495 0.02222222276031971
1 0.48489582538604736 0.5592592358589172 0.014583333395421505 0.025925925001502037
0 0.3268229067325592 0.2708333432674408 0.0234375 0.049074072390794754
0 0.6190103888511658 0.25462964177131653 0.0338541679084301 0.04814814776182175
1 0.589062511920929 0.22453702986240387 0.01666666753590107 0.026851851493120193
3 0.6307291388511658 0.28796297311782837 0.06145833432674408 0.10555555671453476
0 0.5677083134651184 0.7837963104248047 0.03125 0.06388889253139496
1 0.2945312559604645 0.637499988079071 0.01718750037252903 0.023148147389292717
3 0.31848958134651184 0.2976851761341095 0.03802083432674408 0.0972222238779068
1 0.4507812559604645 0.17314815521240234 0.01718750037252903 0.031481482088565826
0 0.6479166746139526 0.3134259283542633 0.03437500074505806 0.06203703582286835
0 0.2971354126930237 0.36574074625968933 0.03281249850988388 0.06666667014360428
0 0.296875 0.6592592597007751 0.03020833246409893 0.08148147910833359
0 0.6645833253860474 0.3810185194015503 0.02916666679084301 0.07314814627170563
0 0.47864583134651184 0.5425925850868225 0.03333333507180214 0.07407407462596893
0 0.27526041865348816 0.5134259462356567 0.02968749962747097 0.08425925672054291
0 0.5804687738418579 0.20555555820465088 0.0338541679084301 0.06296296417713165
0 0.3903645873069763 0.7791666388511658 0.02864583395421505 0.07685185223817825
0 0.4388020932674408 0.1856481432914734 0.04531250149011612 0.06759259104728699