1 0.49687498807907104 0.8907407522201538 0.02083333395421505 0.035185184329748154
1 0.559374988079071 0.8476851582527161 0.01979166641831398 0.032407406717538834
0 0.4976562559604645 0.8995370268821716 0.02031249925494194 0.05462963134050369
0 0.5028645992279053 0.8907407522201538 0.04114583507180214 0.06111111119389534
0 0.37682291865348816 0.2976851761341095 0.06093750149011612 0.1120370402932167
1 0.03411458432674408 0.2611111104488373 0.013020833022892475 0.020370369777083397
1 0.5291666388511658 0.8592592477798462 0.01666666753590107 0.025925925001502037
0 0.5979166626930237 0.37962964177131653 0.03437500074505806 0.07037036865949631
1 0.015104166232049465 0.5259259343147278 0.01770833320915699 0.029629629105329514
1 0.03854166716337204 0.29305556416511536 0.01770833320915699 0.028703704476356506
1 0.04531250149011612 0.3828703761100769 0.01770833320915699 0.028703704476356506
1 0.6338541507720947 0.7300925850868225 0.01875000074505806 0.026851851493120193
1 0.3583333194255829 0.33796295523643494 0.01875000074505806 0.025925925001502037
1 0.3986979126930237 0.6759259104728699 0.01927083358168602 0.031481482088565826
0 0.014583333395421505 0.18888889253139496 0.02916666679084301 0.040740739554166794
1 0.7184895873069763 0.7152777910232544 0.01718750037252903 0.028703704476356506
0 0.3619791567325592 0.3212963044643402 0.02500000037252903 0.06296296417713165
3 0.5934895873069763 0.3412036895751953 0.04114583507180214 0.14166666567325592
0 0.5184895992279053 0.8689814805984497 0.03802083432674408 0.043518517166376114
0 0.03619791567325592 0.31388887763023376 0.02447916753590107 0.07407407462596893
0 0.5755208134651184 0.8430555462837219 0.03541666641831398 0.037962961941957474
0 0.5973958373069763 0.3018518388271332 0.02604166604578495 0.06666667014360428
1 0.5966145992279053 0.2837963104248047 0.01927083358168602 0.028703704476356506
0 0.04479166492819786 0.375 0.02708333358168602 0.07222222536802292
0 0.39114582538604736 0.2768518626689911 0.02916666679084301 0.07222222536802292
0 0.014322916977107525 0.5078703761100769 0.02760416641831398 0.0824074074625969
0 0.02265625074505806 0.2509259283542633 0.0338541679084301 0.04444444552063942
0 0.3908854126930237 0.657870352268219 0.04739583283662796 0.08611111342906952
0 0.7114583253860474 0.7324073910713196 0.03854166716337204 0.07222222536802292
0 0.6348958611488342 0.7564814686775208 0.02916666679084301 0.0833333358168602
3 0.37708333134651184 0.29814815521240234 0.06145833432674408 0.11481481790542603