0 0.5268229246139526 0.8500000238418579 0.02552083320915699 0.035185184329748154
1 0.5872395634651184 0.7870370149612427 0.01406249962747097 0.025925925001502037
0 0.504687488079071 0.8671296238899231 0.03750000149011612 0.049074072390794754
1 0.3658854067325592 0.22175925970077515 0.01927083358168602 0.034259259700775146
1 0.6419270634651184 0.7310185432434082 0.01614583283662796 0.023148147389292717
1 0.5546875 0.7425925731658936 0.015625 0.024074073880910873
1 0.48619791865348816 0.7865740656852722 0.01197916641831398 0.028703704476356506
1 0.3947916626930237 0.38148146867752075 0.015625 0.02777777798473835
1 0.6265624761581421 0.539814829826355 0.01770833320915699 0.025925925001502037
1 0.44583332538604736 0.8643518686294556 0.015625 0.032407406717538834
1 0.44843751192092896 0.2212962955236435 0.01875000074505806 0.02777777798473835
0 0.5536458492279053 0.7615740895271301 0.02291666716337204 0.06203703582286835
0 0.4153645932674408 0.3787037134170532 0.02760416641831398 0.05925925821065903
0 0.3851562440395355 0.3986110985279083 0.0338541679084301 0.07314814627170563
0 0.6270833611488342 0.5675926208496094 0.03333333507180214 0.09074074029922485
0 0.6356770992279053 0.7439814805984497 0.03489583358168602 0.06018518656492233
0 0.37057292461395264 0.21898147463798523 0.03281249850988388 0.05648148059844971
0 0.4489583373069763 0.19907407462596893 0.03020833246409893 0.07777778059244156
0 0.4752604067325592 0.7893518805503845 0.04114583507180214 0.06203703582286835
0 0.42890626192092896 0.8597221970558167 0.05260416492819786 0.06759259104728699