1 0.3213541805744171 0.3680555522441864 0.02187499962747097 0.028703704476356506
1 0.30520832538604736 0.46388888359069824 0.01666666753590107 0.025925925001502037
0 0.3218750059604645 0.3638888895511627 0.02812499925494194 0.046296294778585434
1 0.3369791805744171 0.3055555522441864 0.01875000074505806 0.035185184329748154
1 0.5950520634651184 0.8050925731658936 0.01406249962747097 0.026851851493120193
1 0.375 0.7597222328186035 0.01770833320915699 0.028703704476356506
1 0.42395833134651184 0.17546296119689941 0.01666666753590107 0.028703704476356506
0 0.5765625238418579 0.8078703880310059 0.05104166641831398 0.05462963134050369
1 0.5669270753860474 0.18379630148410797 0.013020833022892475 0.026851851493120193
0 0.3255208432674408 0.33472222089767456 0.04062499850988388 0.10648148506879807
1 0.5625 0.35092592239379883 0.01875000074505806 0.031481482088565826
1 0.6611979007720947 0.2888889014720917 0.01822916604578495 0.029629629105329514
1 0.7013021111488342 0.5092592835426331 0.01614583283662796 0.025925925001502037
0 0.5864583253860474 0.1675925999879837 0.02395833283662796 0.04814814776182175
1 0.45260417461395264 0.1587962955236435 0.01666666753590107 0.028703704476356506
0 0.5544270873069763 0.1935185194015503 0.03697916492819786 0.05000000074505806
0 0.46562498807907104 0.1527777761220932 0.04374999925494194 0.04814814776182175
0 0.703125 0.48657408356666565 0.03125 0.08796296268701553
0 0.41093748807907104 0.1796296238899231 0.03958333283662796 0.04814814776182175
0 0.6695312261581421 0.30694442987442017 0.03593749925494194 0.07870370149612427
0 0.37291666865348816 0.7347221970558167 0.03541666641831398 0.0972222238779068
0 0.3036458194255829 0.4740740656852722 0.03125 0.06851851940155029
0 0.5684896111488342 0.3731481432914734 0.0338541679084301 0.09259258955717087