0 0.5651041865348816 0.8203703761100769 0.02083333395421505 0.051851850003004074
1 0.6674479246139526 0.27222222089767456 0.01406249962747097 0.020370369777083397
1 0.4872395694255829 0.2759259343147278 0.01718750037252903 0.02777777798473835
0 0.5979166626930237 0.7805555462837219 0.04374999925494194 0.0555555559694767
3 0.6127604246139526 0.7773148417472839 0.0703125 0.07129629701375961
3 0.5830729007720947 0.7782407402992249 0.07656250149011612 0.06018518656492233
3 0.5619791746139526 0.7902777791023254 0.03125 0.10277777910232544
3 0.4919270873069763 0.3430555462837219 0.0390625 0.10833333432674408
1 0.3947916626930237 0.19953703880310059 0.01666666753590107 0.032407406717538834
1 0.6502603888511658 0.23148147761821747 0.01822916604578495 0.025925925001502037
1 0.38619792461395264 0.4175925850868225 0.01822916604578495 0.03333333507180214
1 0.5557291507720947 0.7513889074325562 0.01666666753590107 0.026851851493120193
0 0.49791666865348816 0.2518518567085266 0.0364583320915699 0.07037036865949631
3 0.49609375 0.2689814865589142 0.04218750074505806 0.10092592239379883
0 0.5942708253860474 0.8379629850387573 0.03854166716337204 0.05740740895271301
1 0.6268228888511658 0.5615741014480591 0.01927083358168602 0.032407406717538834
1 0.637499988079071 0.7523148059844971 0.01979166641831398 0.028703704476356506
0 0.6421874761581421 0.20787036418914795 0.03437500074505806 0.06574074178934097
0 0.672656238079071 0.25740739703178406 0.02239583246409893 0.05370370298624039
0 0.6348958611488342 0.7787036895751953 0.02708333358168602 0.07777778059244156
0 0.49140626192092896 0.3652777671813965 0.02968749962747097 0.06574074178934097
0 0.3763020932674408 0.43518519401550293 0.0442708320915699 0.07777778059244156
0 0.6356770992279053 0.5800926089286804 0.04010416567325592 0.07685185223817825
0 0.3815104067325592 0.2092592567205429 0.04010416567325592 0.06296296417713165