1 0.3359375 0.4782407283782959 0.014583333395421505 0.028703704476356506
1 0.3218750059604645 0.48657408356666565 0.01354166679084301 0.02500000037252903
1 0.47057291865348816 0.2013888955116272 0.01718750037252903 0.03055555559694767
1 0.5177083611488342 0.1736111044883728 0.01666666753590107 0.028703704476356506
1 0.37161457538604736 0.720370352268219 0.01614583283662796 0.029629629105329514
0 0.35338541865348816 0.47453704476356506 0.04322916641831398 0.04537037014961243
1 0.30000001192092896 0.6319444179534912 0.015625 0.03055555559694767
1 0.5330728888511658 0.7277777791023254 0.01718750037252903 0.029629629105329514
1 0.34296876192092896 0.5379629731178284 0.01718750037252903 0.025925925001502037
1 0.6817708611488342 0.48472222685813904 0.01875000074505806 0.026851851493120193
1 0.3307291567325592 0.7490741014480591 0.01875000074505806 0.03333333507180214
1 0.5958333611488342 0.5731481313705444 0.015625 0.029629629105329514
3 0.3518229126930237 0.5023148059844971 0.04635416716337204 0.10277777910232544
1 0.5986979007720947 0.24259258806705475 0.01614583283662796 0.029629629105329514
0 0.30807292461395264 0.4712963104248047 0.03697916492819786 0.06296296417713165
0 0.45885416865348816 0.18333333730697632 0.03541666641831398 0.07407407462596893
0 0.6841145753860474 0.5023148059844971 0.02760416641831398 0.08055555820465088
0 0.5072916746139526 0.1648148149251938 0.03854166716337204 0.051851850003004074
0 0.3802083432674408 0.7388888597488403 0.03125 0.07037036865949631
0 0.3440104126930237 0.7597222328186035 0.04218750074505806 0.05648148059844971
0 0.31562501192092896 0.6407407522201538 0.046875 0.05740740895271301
0 0.6083333492279053 0.5879629850387573 0.04583333432674408 0.07592592388391495
0 0.5445312261581421 0.7157407402992249 0.04531250149011612 0.07037036865949631
0 0.6119791865348816 0.24583333730697632 0.04270833358168602 0.06203703582286835