1 0.5177083611488342 0.6865741014480591 0.01666666753590107 0.026851851493120193
0 0.44062501192092896 0.6523148417472839 0.0416666679084301 0.10833333432674408
1 0.32890623807907104 0.675000011920929 0.01718750037252903 0.024074073880910873
1 0.6015625 0.244907408952713 0.014583333395421505 0.026851851493120193
1 0.7020833492279053 0.4990740716457367 0.01666666753590107 0.02222222276031971
0 0.4476562440395355 0.6222222447395325 0.02760416641831398 0.05370370298624039
1 0.6216145753860474 0.2171296328306198 0.015104166232049465 0.02500000037252903
1 0.6994791626930237 0.42314815521240234 0.01666666753590107 0.025925925001502037
1 0.40156251192092896 0.6407407522201538 0.015625 0.025925925001502037
1 0.4518229067325592 0.6069444417953491 0.01822916604578495 0.026851851493120193
1 0.32734376192092896 0.6277777552604675 0.01718750037252903 0.02777777798473835
0 0.3335937559604645 0.6898148059844971 0.02864583395421505 0.06666667014360428
1 0.6354166865348816 0.35046297311782837 0.01770833320915699 0.026851851493120193
0 0.703125 0.44305557012557983 0.02708333358168602 0.0694444477558136
0 0.6151041388511658 0.20324073731899261 0.03125 0.05277777835726738
0 0.702343761920929 0.5171296000480652 0.02656250074505806 0.0694444477558136
0 0.33515626192092896 0.637499988079071 0.03489583358168602 0.06018518656492233
0 0.58984375 0.23194444179534912 0.0390625 0.049074072390794754
0 0.4346354305744171 0.6782407164573669 0.03593749925494194 0.06759259104728699
0 0.6302083134651184 0.3236111104488373 0.03125 0.08425925672054291
0 0.3921875059604645 0.6231481432914734 0.03750000149011612 0.06851851940155029
0 0.512499988079071 0.7106481194496155 0.0364583320915699 0.0824074074625969
0 0.6619791388511658 0.27546295523643494 0.03229166567325592 0.05462963134050369