0 0.5174478888511658 0.8671296238899231 0.02447916753590107 0.03611111268401146
0 0.47317707538604736 0.8092592358589172 0.04010416567325592 0.06481481343507767
3 0.47317707538604736 0.8111110925674438 0.05052083358168602 0.07592592388391495
1 0.48645833134651184 0.6759259104728699 0.01770833320915699 0.02777777798473835
3 0.5408853888511658 0.8236111402511597 0.06093750149011612 0.06574074178934097
1 0.04348958283662796 0.2967592477798462 0.01718750037252903 0.026851851493120193
0 0.504687488079071 0.9023148417472839 0.03854166716337204 0.05648148059844971
1 0.015625 0.5263888835906982 0.01875000074505806 0.03055555559694767
1 0.4609375 0.8273147940635681 0.01770833320915699 0.026851851493120193
1 0.5348958373069763 0.8296296000480652 0.01666666753590107 0.02777777798473835
1 0.0455729179084301 0.3837963044643402 0.01822916604578495 0.028703704476356506
1 0.5302083492279053 0.6300926208496094 0.01770833320915699 0.028703704476356506
1 0.621874988079071 0.8726851940155029 0.02083333395421505 0.028703704476356506
0 0.04479166492819786 0.3722222149372101 0.02604166604578495 0.07777778059244156
1 0.660937488079071 0.8004629611968994 0.01770833320915699 0.026851851493120193
1 0.03541666641831398 0.23055554926395416 0.012500000186264515 0.02222222276031971
0 0.014583333395421505 0.18888889253139496 0.02916666679084301 0.03888889029622078
1 0.4658854305744171 0.19629628956317902 0.01822916604578495 0.035185184329748154
0 0.01406249962747097 0.5087962746620178 0.02708333358168602 0.08055555820465088
0 0.04062499850988388 0.31481480598449707 0.02604166604578495 0.07222222536802292
0 0.539843738079071 0.6143518686294556 0.03802083432674408 0.06203703582286835
0 0.6187499761581421 0.8810185194015503 0.03333333507180214 0.05462963134050369
0 0.03098958358168602 0.24351851642131805 0.02968749962747097 0.0555555559694767
0 0.6692708134651184 0.8134258985519409 0.03541666641831398 0.06388889253139496
0 0.4945312440395355 0.6638888716697693 0.0390625 0.05925925821065903
0 0.5471354126930237 0.8208333253860474 0.04531250149011612 0.05833333358168602
0 0.4518229067325592 0.20185184478759766 0.0494791679084301 0.06296296417713165