3 0.5981770753860474 0.2925925850868225 0.0234375 0.07777778059244156
1 0.5971354246139526 0.2671296298503876 0.01718750037252903 0.03055555559694767
1 0.32421875 0.36574074625968933 0.01614583283662796 0.024074073880910873
3 0.5885416865348816 0.25462964177131653 0.03750000149011612 0.10185185074806213
0 0.42135417461395264 0.8268518447875977 0.02604166604578495 0.03703703731298447
1 0.3330729305744171 0.26944443583488464 0.01614583283662796 0.02222222276031971
3 0.6067708134651184 0.34583333134651184 0.04270833358168602 0.10648148506879807
0 0.6109374761581421 0.4148148000240326 0.03958333283662796 0.051851850003004074
1 0.653124988079071 0.3245370388031006 0.014583333395421505 0.02500000037252903
1 0.5747395753860474 0.21666666865348816 0.015104166232049465 0.025925925001502037
3 0.6109374761581421 0.3837963044643402 0.04062499850988388 0.11574073880910873
1 0.4830729067325592 0.7569444179534912 0.01406249962747097 0.028703704476356506
0 0.39895832538604736 0.8027777671813965 0.03750000149011612 0.06111111119389534
3 0.40546876192092896 0.8097222447395325 0.05572916567325592 0.07870370149612427
0 0.5841146111488342 0.22685185074806213 0.03489583358168602 0.05000000074505806
0 0.6585937738418579 0.34166666865348816 0.02864583395421505 0.06851851940155029
0 0.3388020694255829 0.255092591047287 0.03281249850988388 0.05833333358168602
0 0.31822916865348816 0.34490740299224854 0.03541666641831398 0.07685185223817825
0 0.4723958373069763 0.7439814805984497 0.04479166492819786 0.07314814627170563