1 0.4638020694255829 0.8083333373069763 0.01718750037252903 0.025925925001502037
1 0.5427083373069763 0.3342592716217041 0.014583333395421505 0.029629629105329514
0 0.6471354365348816 0.24120371043682098 0.03072916716337204 0.04722222313284874
0 0.3997395932674408 0.7949073910713196 0.02864583395421505 0.04537037014961243
1 0.6015625 0.45277777314186096 0.01875000074505806 0.02777777798473835
1 0.640625 0.2726851999759674 0.014583333395421505 0.026851851493120193
1 0.30911457538604736 0.41296297311782837 0.01406249962747097 0.025925925001502037
3 0.3841145932674408 0.772685170173645 0.06614582985639572 0.07870370149612427
1 0.6169270873069763 0.21759259700775146 0.01927083358168602 0.035185184329748154
1 0.3825520873069763 0.45509257912635803 0.01614583283662796 0.03055555559694767
0 0.3713541626930237 0.7574074268341064 0.03437500074505806 0.046296294778585434
0 0.6549479365348816 0.28518518805503845 0.04010416567325592 0.04444444552063942
0 0.31432291865348816 0.39629629254341125 0.03697916492819786 0.07407407462596893
0 0.5989583134651184 0.4763889014720917 0.03125 0.09166666865348816
0 0.5552083253860474 0.3532407283782959 0.04062499850988388 0.08796296268701553
0 0.359375 0.24120371043682098 0.03020833246409893 0.06203703582286835
0 0.6026041507720947 0.20879629254341125 0.05000000074505806 0.05092592537403107
0 0.3981770873069763 0.44999998807907104 0.05364583432674408 0.07037036865949631