1 0.5276041626930237 0.8291666507720947 0.01770833320915699 0.023148147389292717
3 0.6536458134651184 0.5949074029922485 0.04791666567325592 0.049074072390794754
1 0.6328125 0.26435184478759766 0.02083333395421505 0.026851851493120193
1 0.2945312559604645 0.574999988079071 0.01614583283662796 0.02777777798473835
1 0.6669270992279053 0.6333333253860474 0.01822916604578495 0.025925925001502037
1 0.4234375059604645 0.8208333253860474 0.014583333395421505 0.026851851493120193
0 0.6309896111488342 0.26851850748062134 0.03697916492819786 0.12777778506278992
1 0.43932291865348816 0.855555534362793 0.015104166232049465 0.024074073880910873
1 0.46875 0.8287037014961243 0.012500000186264515 0.029629629105329514
1 0.51953125 0.8708333373069763 0.01406249962747097 0.02500000037252903
1 0.46692708134651184 0.8662037253379822 0.013020833022892475 0.028703704476356506
1 0.6177083253860474 0.5106481313705444 0.015625 0.021296296268701553
1 0.6713541746139526 0.6435185074806213 0.015625 0.02222222276031971
3 0.6617187261581421 0.645370364189148 0.03489583358168602 0.1111111119389534
0 0.6312500238418579 0.737500011920929 0.03229166567325592 0.049074072390794754
0 0.6583333611488342 0.6050925850868225 0.03958333283662796 0.043518517166376114
1 0.6263020634651184 0.3162037134170532 0.01718750037252903 0.02500000037252903
1 0.5015624761581421 0.8833333253860474 0.015625 0.02777777798473835
0 0.1380208283662796 0.22499999403953552 0.02395833283662796 0.03703703731298447
0 0.6338541507720947 0.24259258806705475 0.02916666679084301 0.07037036865949631
0 0.45390623807907104 0.8291666507720947 0.04114583507180214 0.03981481492519379
1 0.3580729067325592 0.25555557012557983 0.01614583283662796 0.029629629105329514
1 0.3111979067325592 0.3004629611968994 0.01614583283662796 0.028703704476356506
3 0.639843761920929 0.5736111402511597 0.06718750298023224 0.10092592239379883
0 0.6260416507720947 0.30416667461395264 0.02500000037252903 0.05833333358168602
3 0.6255208253860474 0.5527777671813965 0.03541666641831398 0.11296296119689941
3 0.629687488079071 0.2689814865589142 0.03541666641831398 0.12870369851589203
0 0.6666666865348816 0.6629629731178284 0.02291666716337204 0.06851851940155029
0 0.616406261920929 0.529629647731781 0.02031249925494194 0.06296296417713165
0 0.6096354126930237 0.7745370268821716 0.02656250074505806 0.05092592537403107
3 0.6229166388511658 0.7560185194015503 0.05520833283662796 0.08981481194496155
0 0.2932291626930237 0.5833333134651184 0.03125 0.07037036865949631
0 0.31979167461395264 0.2856481373310089 0.03541666641831398 0.06018518656492233
0 0.37057292461395264 0.24351851642131805 0.0390625 0.05925925821065903