1 0.5643228888511658 0.8643518686294556 0.01822916604578495 0.03055555559694767
1 0.546875 0.864814817905426 0.01354166679084301 0.025925925001502037
1 0.39921873807907104 0.7981481552124023 0.015104166232049465 0.025925925001502037
3 0.4039062559604645 0.8092592358589172 0.06927083432674408 0.07037036865949631
3 0.3361979126930237 0.33379629254341125 0.0390625 0.09907407313585281
1 0.5174478888511658 0.6537036895751953 0.01614583283662796 0.02777777798473835
0 0.5651041865348816 0.8712962865829468 0.02708333358168602 0.046296294778585434
0 0.3375000059604645 0.3231481611728668 0.0364583320915699 0.07777778059244156
1 0.34583333134651184 0.3037036955356598 0.01770833320915699 0.02777777798473835
1 0.5864583253860474 0.2768518626689911 0.01770833320915699 0.029629629105329514
1 0.7203124761581421 0.49074074625968933 0.01770833320915699 0.024074073880910873
1 0.5122395753860474 0.5069444179534912 0.01614583283662796 0.03055555559694767
1 0.5625 0.5490740537643433 0.01666666753590107 0.02777777798473835
1 0.36276042461395264 0.542129635810852 0.01822916604578495 0.02500000037252903
0 0.5354166626930237 0.8671296238899231 0.04374999925494194 0.037962961941957474
0 0.4203124940395355 0.8189814686775208 0.03750000149011612 0.049074072390794754
0 0.3812499940395355 0.7847222089767456 0.03750000149011612 0.043518517166376114
1 0.328125 0.3782407343387604 0.01770833320915699 0.02500000037252903
0 0.328125 0.3986110985279083 0.02604166604578495 0.07870370149612427
0 0.5255208611488342 0.6694444417953491 0.0364583320915699 0.07222222536802292
0 0.5703125 0.5305555462837219 0.0364583320915699 0.07222222536802292
0 0.596875011920929 0.2560185194015503 0.04270833358168602 0.07314814627170563
0 0.7197916507720947 0.5166666507720947 0.03020833246409893 0.08148147910833359
0 0.36406248807907104 0.5685185194015503 0.03437500074505806 0.0962962955236435
0 0.524218738079071 0.5111111402511597 0.04635416716337204 0.06296296417713165