1 0.7007812261581421 0.7518518567085266 0.01927083358168602 0.03703703731298447
1 0.49947917461395264 0.8898147940635681 0.01770833320915699 0.029629629105329514
1 0.04348958283662796 0.29722222685813904 0.01614583283662796 0.025925925001502037
1 0.5247395634651184 0.18611110746860504 0.01927083358168602 0.035185184329748154
1 0.01536458358168602 0.5263888835906982 0.01822916604578495 0.028703704476356506
1 0.04531250149011612 0.38425925374031067 0.01875000074505806 0.02777777798473835
0 0.014322916977107525 0.1893518567085266 0.02864583395421505 0.037962961941957474
1 0.03463541716337204 0.2300925999879837 0.01197916641831398 0.023148147389292717
1 0.6348958611488342 0.7324073910713196 0.01979166641831398 0.031481482088565826
1 0.7177083492279053 0.7166666388511658 0.01979166641831398 0.03333333507180214
1 0.58984375 0.852314829826355 0.01822916604578495 0.03055555559694767
0 0.04453124850988388 0.3722222149372101 0.02656250074505806 0.07592592388391495
1 0.4234375059604645 0.27731481194496155 0.01875000074505806 0.03611111268401146
0 0.4947916567325592 0.8999999761581421 0.03333333507180214 0.06111111119389534
3 0.4580729305744171 0.30324074625968933 0.09322916716337204 0.0972222238779068
0 0.01380208320915699 0.5074074268341064 0.02656250074505806 0.07962962985038757
0 0.4749999940395355 0.31805557012557983 0.03958333283662796 0.05833333358168602
0 0.0403645820915699 0.3152777850627899 0.02656250074505806 0.07129629701375961
0 0.43281251192092896 0.2847222089767456 0.03854166716337204 0.05277777835726738
0 0.35624998807907104 0.7587962746620178 0.03229166567325592 0.07129629701375961
0 0.03046875074505806 0.2430555522441864 0.02968749962747097 0.05648148059844971
0 0.58203125 0.8666666746139526 0.04010416567325592 0.06296296417713165
0 0.5111979246139526 0.1944444477558136 0.04739583283662796 0.06666667014360428
0 0.710156261920929 0.7351852059364319 0.0442708320915699 0.0833333358168602
0 0.635937511920929 0.7560185194015503 0.02916666679084301 0.08796296268701553