3 0.5846354365348816 0.20648148655891418 0.04322916641831398 0.05000000074505806
0 0.5432291626930237 0.8374999761581421 0.03854166716337204 0.04537037014961243
0 0.5002604126930237 0.8675925731658936 0.0598958320915699 0.051851850003004074
0 0.5294271111488342 0.8425925970077515 0.06093750149011612 0.05925925821065903
3 0.5583333373069763 0.8333333134651184 0.07187499850988388 0.05370370298624039
3 0.6148437261581421 0.8101851940155029 0.06718750298023224 0.07222222536802292
0 0.48828125 0.8805555701255798 0.04010416567325592 0.035185184329748154
1 0.5932291746139526 0.7916666865348816 0.01666666753590107 0.02222222276031971
1 0.5700520873069763 0.20509259402751923 0.01614583283662796 0.028703704476356506
1 0.5546875 0.5972222089767456 0.01666666753590107 0.029629629105329514
1 0.5236979126930237 0.5407407283782959 0.01718750037252903 0.02777777798473835
1 0.602343738079071 0.7310185432434082 0.015104166232049465 0.028703704476356506
1 0.5744791626930237 0.16249999403953552 0.014583333395421505 0.02500000037252903
0 0.6028645634651184 0.8310185074806213 0.03489583358168602 0.04722222313284874
0 0.5854166746139526 0.20648148655891418 0.03958333283662796 0.040740739554166794
0 0.6307291388511658 0.8055555820465088 0.03229166567325592 0.06296296417713165
0 0.5872395634651184 0.1597222238779068 0.04114583507180214 0.04722222313284874
1 0.5604166388511658 0.5185185074806213 0.01770833320915699 0.03333333507180214
0 0.516406238079071 0.5222222208976746 0.0338541679084301 0.06296296417713165
0 0.5440104007720947 0.585185170173645 0.03489583358168602 0.05740740895271301
0 0.5903645753860474 0.7458333373069763 0.03802083432674408 0.05648148059844971
0 0.5744791626930237 0.5287036895751953 0.04479166492819786 0.05925925821065903