1 0.44999998807907104 0.8430555462837219 0.02187499962747097 0.034259259700775146
3 0.5348958373069763 0.3472222089767456 0.05624999850988388 0.06296296417713165
3 0.5052083134651184 0.3856481611728668 0.03958333283662796 0.11574073880910873
3 0.5611979365348816 0.44212964177131653 0.04010416567325592 0.05833333358168602
1 0.6421874761581421 0.21574074029922485 0.015625 0.02222222276031971
1 0.4958333373069763 0.8569444417953491 0.014583333395421505 0.034259259700775146
1 0.31328123807907104 0.519444465637207 0.01718750037252903 0.02222222276031971
1 0.4958333373069763 0.8435184955596924 0.01354166679084301 0.031481482088565826
0 0.3174479305744171 0.5648148059844971 0.03802083432674408 0.10925926268100739
1 0.528124988079071 0.8601852059364319 0.015625 0.029629629105329514
0 0.5536458492279053 0.3532407283782959 0.03437500074505806 0.06203703582286835
1 0.45520833134651184 0.8504629731178284 0.01666666753590107 0.032407406717538834
1 0.43541666865348816 0.8291666507720947 0.014583333395421505 0.03055555559694767
0 0.4973958432674408 0.3888888955116272 0.02395833283662796 0.06296296417713165
1 0.5591145753860474 0.37268519401550293 0.01614583283662796 0.02500000037252903
0 0.5130208134651184 0.3402777910232544 0.03958333283662796 0.03981481492519379
3 0.5627604126930237 0.4749999940395355 0.03697916492819786 0.11851851642131805
0 0.32213541865348816 0.585185170173645 0.02864583395421505 0.05925925821065903
0 0.5291666388511658 0.4087963104248047 0.04062499850988388 0.03981481492519379
0 0.5622395873069763 0.5018518567085266 0.02864583395421505 0.07222222536802292
3 0.31692707538604736 0.5638889074325562 0.03697916492819786 0.10925926268100739
1 0.6971353888511658 0.31111112236976624 0.01718750037252903 0.024074073880910873
0 0.5625 0.4412037134170532 0.03958333283662796 0.049074072390794754
3 0.5098958611488342 0.43611112236976624 0.0364583320915699 0.11481481790542603
0 0.5075520873069763 0.45879629254341125 0.02552083320915699 0.0694444477558136
0 0.46796876192092896 0.8592592477798462 0.04010416567325592 0.051851850003004074
0 0.6455729007720947 0.2013888955116272 0.03281249850988388 0.06574074178934097
0 0.42369791865348816 0.8296296000480652 0.03802083432674408 0.051851850003004074
0 0.6916666626930237 0.2925925850868225 0.03333333507180214 0.06481481343507767