3 0.5546875 0.8162037134170532 0.046875 0.05277777835726738
1 0.5260416865348816 0.3680555522441864 0.01875000074505806 0.03055555559694767
0 0.504687488079071 0.8138889074325562 0.03125 0.05370370298624039
3 0.535937488079071 0.7523148059844971 0.04583333432674408 0.05462963134050369
1 0.550000011920929 0.7597222328186035 0.014583333395421505 0.02500000037252903
3 0.5161458253860474 0.7986111044883728 0.0520833320915699 0.07870370149612427
0 0.5268229246139526 0.3782407343387604 0.02552083320915699 0.06574074178934097
1 0.5927083492279053 0.729629635810852 0.015625 0.025925925001502037
1 0.6361979246139526 0.6949074268341064 0.01406249962747097 0.026851851493120193
1 0.42109376192092896 0.2162037044763565 0.02031249925494194 0.028703704476356506
1 0.6041666865348816 0.2689814865589142 0.01770833320915699 0.028703704476356506
0 0.539843738079071 0.7472222447395325 0.03593749925494194 0.046296294778585434
0 0.6234375238418579 0.7490741014480591 0.02812499925494194 0.05370370298624039
1 0.550000011920929 0.6875 0.01666666753590107 0.028703704476356506
3 0.5296875238418579 0.41620370745658875 0.03541666641831398 0.1379629671573639
0 0.624218761920929 0.6986111402511597 0.0390625 0.043518517166376114
0 0.5328124761581421 0.4481481611728668 0.02812499925494194 0.06851851940155029
0 0.5567708611488342 0.8157407641410828 0.03541666641831398 0.04259259253740311
0 0.5861979126930237 0.7476851940155029 0.02760416641831398 0.05833333358168602
0 0.4208333194255829 0.23101851344108582 0.02708333358168602 0.07870370149612427
0 0.561718761920929 0.6791666746139526 0.04322916641831398 0.05462963134050369
0 0.5934895873069763 0.2532407343387604 0.04218750074505806 0.06759259104728699