1 0.4778645932674408 0.8740741014480591 0.01614583283662796 0.03333333507180214
1 0.28333333134651184 0.6152777671813965 0.01666666753590107 0.02500000037252903
0 0.5794270634651184 0.8134258985519409 0.04114583507180214 0.05277777835726738
1 0.41458332538604736 0.8143518567085266 0.014583333395421505 0.028703704476356506
1 0.33776041865348816 0.7523148059844971 0.01822916604578495 0.028703704476356506
1 0.3723958432674408 0.8152777552604675 0.014583333395421505 0.02500000037252903
0 0.3893229067325592 0.5199074149131775 0.02447916753590107 0.05648148059844971
1 0.5325520634651184 0.8587962985038757 0.01822916604578495 0.034259259700775146
1 0.4533854126930237 0.6018518805503845 0.01718750037252903 0.031481482088565826
0 0.5416666865348816 0.8541666865348816 0.03541666641831398 0.04722222313284874
0 0.3893229067325592 0.5884259343147278 0.0338541679084301 0.0694444477558136
1 0.44973957538604736 0.16249999403953552 0.01927083358168602 0.034259259700775146
3 0.38854166865348816 0.5587962865829468 0.03541666641831398 0.125
1 0.5653645992279053 0.1893518567085266 0.01614583283662796 0.03055555559694767
0 0.4859375059604645 0.8717592358589172 0.03437500074505806 0.049074072390794754
0 0.4283854067325592 0.8138889074325562 0.03697916492819786 0.04259259253740311
0 0.44348958134651184 0.592129647731781 0.04010416567325592 0.05648148059844971
0 0.34166666865348816 0.769444465637207 0.03125 0.07222222536802292
0 0.38072916865348816 0.8268518447875977 0.03020833246409893 0.05370370298624039
0 0.5549479126930237 0.18009258806705475 0.0390625 0.06388889253139496
0 0.4390625059604645 0.17314815521240234 0.04374999925494194 0.07777778059244156
0 0.2864583432674408 0.6268518567085266 0.03020833246409893 0.05740740895271301