0 0.6901041865348816 0.522685170173645 0.04583333432674408 0.07129629701375961
0 0.30807292461395264 0.47777777910232544 0.02656250074505806 0.05000000074505806
1 0.6302083134651184 0.645370364189148 0.01354166679084301 0.024074073880910873
1 0.6973958611488342 0.550000011920929 0.01770833320915699 0.02222222276031971
1 0.3083333373069763 0.46481481194496155 0.015625 0.025925925001502037
1 0.5856770873069763 0.27546295523643494 0.01718750037252903 0.03055555559694767
1 0.5583333373069763 0.5337963104248047 0.01354166679084301 0.026851851493120193
1 0.33671873807907104 0.6972222328186035 0.01614583283662796 0.024074073880910873
1 0.6848958134651184 0.6064814925193787 0.01875000074505806 0.02777777798473835
1 0.43567708134651184 0.6777777671813965 0.01614583283662796 0.02777777798473835
1 0.5041666626930237 0.5842592716217041 0.01666666753590107 0.025925925001502037
1 0.5231770873069763 0.6962962746620178 0.01718750037252903 0.029629629105329514
1 0.31822916865348816 0.6171296238899231 0.01666666753590107 0.02500000037252903
0 0.3072916567325592 0.5453703999519348 0.02395833283662796 0.06111111119389534
1 0.6408854126930237 0.2874999940395355 0.01718750037252903 0.023148147389292717
3 0.6895833611488342 0.5555555820465088 0.04374999925494194 0.13703703880310059
0 0.32109373807907104 0.6398147940635681 0.02864583395421505 0.07407407462596893
0 0.6898437738418579 0.5884259343147278 0.03072916716337204 0.06574074178934097
0 0.6401041746139526 0.6597222089767456 0.03541666641831398 0.06574074178934097
3 0.30807292461395264 0.5171296000480652 0.03177083283662796 0.11574073880910873
0 0.3401041626930237 0.7231481671333313 0.02812499925494194 0.07777778059244156
0 0.4997395873069763 0.6074073910713196 0.03489583358168602 0.07777778059244156
0 0.64453125 0.2587963044643402 0.02656250074505806 0.07870370149612427
0 0.5367187261581421 0.7055555582046509 0.04531250149011612 0.07037036865949631
0 0.5687500238418579 0.5217592716217041 0.0416666679084301 0.0694444477558136
0 0.44583332538604736 0.664814829826355 0.04062499850988388 0.06296296417713165
0 0.5953124761581421 0.2578703761100769 0.0416666679084301 0.06759259104728699