3 0.5778645873069763 0.8277778029441833 0.04322916641831398 0.05370370298624039
1 0.5591145753860474 0.824999988079071 0.015104166232049465 0.02222222276031971
0 0.573437511920929 0.8324074149131775 0.02916666679084301 0.0555555559694767
1 0.32473957538604736 0.3013888895511627 0.013020833022892475 0.02500000037252903
1 0.43437498807907104 0.7680555582046509 0.014583333395421505 0.023148147389292717
1 0.4468750059604645 0.17592592537403107 0.01354166679084301 0.025925925001502037
1 0.2953124940395355 0.6412037014961243 0.01666666753590107 0.02500000037252903
0 0.3333333432674408 0.29814815521240234 0.03125 0.03333333507180214
1 0.3098958432674408 0.32499998807907104 0.014583333395421505 0.024074073880910873
1 0.37708333134651184 0.23240740597248077 0.01770833320915699 0.024074073880910873
1 0.45651042461395264 0.2828703820705414 0.01614583283662796 0.023148147389292717
1 0.39375001192092896 0.7495370507240295 0.014583333395421505 0.026851851493120193
1 0.43046873807907104 0.21898147463798523 0.01406249962747097 0.021296296268701553
1 0.39401042461395264 0.35879629850387573 0.01614583283662796 0.026851851493120193
0 0.3346354067325592 0.27314814925193787 0.03177083283662796 0.07222222536802292
0 0.40572917461395264 0.7532407641410828 0.04062499850988388 0.04722222313284874
0 0.5505208373069763 0.7740740776062012 0.02500000037252903 0.06666667014360428
0 0.4401041567325592 0.7861111164093018 0.02395833283662796 0.05740740895271301
0 0.2997395694255829 0.34675925970077515 0.02968749962747097 0.05833333358168602
0 0.29609376192092896 0.6620370149612427 0.02656250074505806 0.07592592388391495
0 0.38854166865348816 0.34351852536201477 0.03437500074505806 0.06296296417713165
0 0.3841145932674408 0.2541666626930237 0.03177083283662796 0.06574074178934097
0 0.4229166805744171 0.19861111044883728 0.02708333358168602 0.05462963134050369
0 0.4567708373069763 0.26249998807907104 0.02708333358168602 0.07500000298023224
0 0.4585937559604645 0.17083333432674408 0.04010416567325592 0.04722222313284874