3 0.3375000059604645 0.2727987468242645 0.07314814627170563 0.05188679322600365
3 0.31805557012557983 0.31446540355682373 0.05092592537403107 0.07232704758644104
0 0.4453703761100769 0.3525943458080292 0.03703703731298447 0.02437106892466545
3 0.4601851999759674 0.3698899447917938 0.06481481343507767 0.06367924809455872
1 0.3314814865589142 0.2900943458080292 0.029629629105329514 0.0172955971211195
0 0.2935185134410858 0.365959107875824 0.03888889029622078 0.03537735715508461
0 0.3712962865829468 0.3274371027946472 0.0555555559694767 0.057389937341213226
1 0.3083333373069763 0.286556601524353 0.025925925001502037 0.01808176189661026
0 0.6245370507240295 0.3062106966972351 0.08425925672054291 0.0416666679084301
0 0.5976851582527161 0.3734276592731476 0.03611111268401146 0.025157231837511063
0 0.3375000059604645 0.2724056541919708 0.07685185223817825 0.04795597493648529
0 0.317592591047287 0.32193395495414734 0.046296294778585434 0.049528300762176514
1 0.45694443583488464 0.286556601524353 0.03055555559694767 0.02279874123632908
1 0.5976851582527161 0.37106919288635254 0.03055555559694767 0.020440252497792244
1 0.07685185223817825 0.5066823959350586 0.03333333507180214 0.02437106892466545
1 0.6490740776062012 0.3121069073677063 0.031481482088565826 0.025157231837511063
1 0.3782407343387604 0.3333333432674408 0.03055555559694767 0.0172955971211195
1 0.44398146867752075 0.3478773534297943 0.03055555559694767 0.019654087722301483
0 0.4810185134410858 0.2991352081298828 0.08055555820465088 0.05267295613884926
1 0.29490742087364197 0.35927674174308777 0.028703704476356506 0.01886792480945587
1 0.7481481432914734 0.29599055647850037 0.029629629105329514 0.02437106892466545
1 0.1745370328426361 0.4430031478404999 0.03055555559694767 0.02279874123632908
1 0.6597222089767456 0.5483490824699402 0.032407406717538834 0.02437106892466545
1 0.10324074327945709 0.35849055647850037 0.03055555559694767 0.026729559525847435
1 0.22361111640930176 0.2904874086380005 0.03611111268401146 0.02437106892466545
1 0.15231481194496155 0.5644654035568237 0.034259259700775146 0.026729559525847435
1 0.24074074625968933 0.5290880799293518 0.03333333507180214 0.028301887214183807
0 0.4592592716217041 0.37067610025405884 0.06666667014360428 0.06367924809455872
1 0.3870370388031006 0.6084905862808228 0.04259259253740311 0.028301887214183807
0 0.6416666507720947 0.5691823959350586 0.06296296417713165 0.06603773683309555
0 0.7226851582527161 0.2983490526676178 0.08796296268701553 0.038522012531757355
0 0.3916666805744171 0.5825471878051758 0.0555555559694767 0.07232704758644104
0 0.17777778208255768 0.4288522005081177 0.05370370298624039 0.06525157392024994
0 0.6050925850868225 0.3974056541919708 0.05648148059844971 0.07154087722301483
0 0.23333333432674408 0.27397799491882324 0.06481481343507767 0.05896226316690445
0 0.22592592239379883 0.5102201104164124 0.07037036865949631 0.06761006265878677
0 0.14166666567325592 0.545597493648529 0.05740740895271301 0.06761006265878677
0 0.08194444328546524 0.4913522005081177 0.05648148059844971 0.06603773683309555
0 0.11666666716337204 0.3675314486026764 0.07037036865949631 0.057389937341213226