1 0.4596354067325592 0.8064814805984497 0.015104166232049465 0.029629629105329514
1 0.4661458432674408 0.8064814805984497 0.01666666753590107 0.02777777798473835
1 0.37447917461395264 0.23796296119689941 0.01354166679084301 0.024074073880910873
3 0.59375 0.18611110746860504 0.07708333432674408 0.07962962985038757
0 0.45781248807907104 0.8384259343147278 0.03020833246409893 0.049074072390794754
0 0.6544271111488342 0.7250000238418579 0.03593749925494194 0.06666667014360428
1 0.6442708373069763 0.7393518686294556 0.015625 0.02500000037252903
1 0.5859375 0.17777778208255768 0.014583333395421505 0.02777777798473835
1 0.48359376192092896 0.3333333432674408 0.01614583283662796 0.029629629105329514
1 0.5562499761581421 0.3430555462837219 0.01770833320915699 0.03055555559694767
1 0.625 0.21388888359069824 0.01875000074505806 0.02777777798473835
1 0.3791666626930237 0.5273148417472839 0.01875000074505806 0.026851851493120193
1 0.32369792461395264 0.6462963223457336 0.01927083358168602 0.029629629105329514
0 0.3528645932674408 0.2597222328186035 0.02656250074505806 0.043518517166376114
1 0.6888020634651184 0.3916666805744171 0.01822916604578495 0.024074073880910873
0 0.3804687559604645 0.21805556118488312 0.03177083283662796 0.0694444477558136
0 0.616406261920929 0.20277777314186096 0.03697916492819786 0.05370370298624039
0 0.69140625 0.3708333373069763 0.03177083283662796 0.07314814627170563
0 0.5630208253860474 0.36666667461395264 0.03437500074505806 0.08518518507480621
0 0.32890623807907104 0.6703703999519348 0.03281249850988388 0.08148147910833359
0 0.573437511920929 0.1657407432794571 0.0416666679084301 0.05370370298624039
0 0.4104166626930237 0.7814815044403076 0.03854166716337204 0.06111111119389534
0 0.4973958432674408 0.3212963044643402 0.05312500149011612 0.07407407462596893
0 0.38072916865348816 0.5541666746139526 0.03437500074505806 0.10092592239379883