1 0.30781251192092896 0.4546296298503876 0.01770833320915699 0.024074073880910873
1 0.3153645694255829 0.380092591047287 0.01718750037252903 0.02500000037252903
1 0.3596354126930237 0.260185182094574 0.01406249962747097 0.029629629105329514
1 0.5078125 0.1865740716457367 0.015625 0.02500000037252903
1 0.6812499761581421 0.3430555462837219 0.01875000074505806 0.026851851493120193
1 0.6901041865348816 0.38657405972480774 0.01875000074505806 0.026851851493120193
1 0.4507812559604645 0.29722222685813904 0.01822916604578495 0.029629629105329514
1 0.33125001192092896 0.32499998807907104 0.014583333395421505 0.024074073880910873
1 0.34192708134651184 0.5087962746620178 0.01718750037252903 0.028703704476356506
1 0.503125011920929 0.1518518477678299 0.01354166679084301 0.025925925001502037
1 0.5630208253860474 0.3513889014720917 0.01875000074505806 0.03055555559694767
0 0.31302082538604736 0.3976851999759674 0.02604166604578495 0.06388889253139496
0 0.5192708373069763 0.15324074029922485 0.04374999925494194 0.0416666679084301
0 0.6958333253860474 0.4078703820705414 0.03229166567325592 0.08425925672054291
0 0.41197916865348816 0.7875000238418579 0.04270833358168602 0.06759259104728699
0 0.49817708134651184 0.2083333283662796 0.03489583358168602 0.0555555559694767
0 0.3304687440395355 0.33981481194496155 0.02656250074505806 0.06296296417713165
0 0.4429687559604645 0.31898146867752075 0.03489583358168602 0.07685185223817825
0 0.3062500059604645 0.46898147463798523 0.02812499925494194 0.06388889253139496
0 0.34843748807907104 0.4861111044883728 0.03854166716337204 0.07962962985038757
0 0.34947916865348816 0.27037036418914795 0.03437500074505806 0.05925925821065903
0 0.6781250238418579 0.31898146867752075 0.03333333507180214 0.07314814627170563
0 0.5684896111488342 0.375 0.03281249850988388 0.08888889104127884