1 0.3539062440395355 0.7805555462837219 0.01927083358168602 0.025925925001502037
1 0.49531251192092896 0.8402777910232544 0.015625 0.026851851493120193
3 0.36927083134651184 0.7773148417472839 0.05416666716337204 0.08796296268701553
1 0.33255207538604736 0.7287036776542664 0.01614583283662796 0.02777777798473835
1 0.3604166805744171 0.7537037134170532 0.01875000074505806 0.025925925001502037
1 0.43437498807907104 0.8597221970558167 0.01770833320915699 0.028703704476356506
1 0.6528645753860474 0.7481481432914734 0.01406249962747097 0.025925925001502037
1 0.7122395634651184 0.5379629731178284 0.01822916604578495 0.02777777798473835
1 0.6169270873069763 0.8157407641410828 0.01718750037252903 0.031481482088565826
1 0.30078125 0.625 0.01718750037252903 0.024074073880910873
1 0.40052083134651184 0.8374999761581421 0.01666666753590107 0.026851851493120193
1 0.6244791746139526 0.7495370507240295 0.01666666753590107 0.026851851493120193
1 0.4059895873069763 0.6541666388511658 0.01718750037252903 0.03055555559694767
0 0.4398437440395355 0.8796296119689941 0.0234375 0.06296296417713165
0 0.6268228888511658 0.802314817905426 0.03593749925494194 0.0694444477558136
1 0.33515626192092896 0.6231481432914734 0.01927083358168602 0.025925925001502037
0 0.3565104305744171 0.7953703999519348 0.03281249850988388 0.06296296417713165
0 0.6315104365348816 0.7282407283782959 0.03593749925494194 0.0694444477558136
0 0.37317708134651184 0.7611111402511597 0.0442708320915699 0.0555555559694767
1 0.6005208492279053 0.2699074149131775 0.01875000074505806 0.032407406717538834
0 0.3348958194255829 0.592129647731781 0.02812499925494194 0.08796296268701553
0 0.4091145694255829 0.8513888716697693 0.0338541679084301 0.05833333358168602
0 0.6619791388511658 0.7546296119689941 0.03333333507180214 0.051851850003004074
0 0.32473957538604736 0.7217592597007751 0.03177083283662796 0.05833333358168602
0 0.3997395932674408 0.6370370388031006 0.04010416567325592 0.0833333358168602
0 0.30286458134651184 0.6412037014961243 0.02968749962747097 0.06388889253139496
0 0.6145833134651184 0.260185182094574 0.04895833507180214 0.06481481343507767
0 0.7151041626930237 0.5175926089286804 0.02916666679084301 0.08518518507480621