3 0.546875 0.7916666865348816 0.06979166716337204 0.07222222536802292
1 0.6080729365348816 0.7986111044883728 0.01927083358168602 0.026851851493120193
1 0.4911458194255829 0.822685182094574 0.01666666753590107 0.02500000037252903
0 0.5653645992279053 0.8125 0.03489583358168602 0.05092592537403107
0 0.5739583373069763 0.8222222328186035 0.02500000037252903 0.03703703731298447
1 0.4869791567325592 0.2759259343147278 0.01666666753590107 0.02777777798473835
1 0.6674479246139526 0.27222222089767456 0.013020833022892475 0.020370369777083397
1 0.6507812738418579 0.23101851344108582 0.01822916604578495 0.02500000037252903
3 0.4919270873069763 0.34351852536201477 0.0390625 0.10740740597248077
0 0.5942708253860474 0.7847222089767456 0.04374999925494194 0.05648148059844971
3 0.5901041626930237 0.789814829826355 0.05833333358168602 0.07037036865949631
0 0.49791666865348816 0.2527777850627899 0.0364583320915699 0.07037036865949631
3 0.4963541626930237 0.26851850748062134 0.0416666679084301 0.10000000149011612
1 0.6268228888511658 0.831944465637207 0.01614583283662796 0.03055555559694767
0 0.5338541865348816 0.7800925970077515 0.04374999925494194 0.049074072390794754
0 0.49661457538604736 0.8222222328186035 0.02968749962747097 0.035185184329748154
1 0.3864583373069763 0.41805556416511536 0.01770833320915699 0.032407406717538834
0 0.4989583194255829 0.8004629611968994 0.03333333507180214 0.05648148059844971
3 0.5182291865348816 0.7925925850868225 0.0729166641831398 0.07407407462596893
0 0.672656238079071 0.25648146867752075 0.02239583246409893 0.05370370298624039
1 0.6268228888511658 0.5615741014480591 0.01927083358168602 0.032407406717538834
1 0.3958333432674408 0.19583334028720856 0.015625 0.028703704476356506
0 0.6429687738418579 0.2083333283662796 0.0338541679084301 0.06296296417713165
0 0.4908854067325592 0.3662036955356598 0.02864583395421505 0.06574074178934097
0 0.633593738079071 0.8175926208496094 0.02864583395421505 0.07037036865949631
0 0.37552082538604736 0.4347222149372101 0.0416666679084301 0.07314814627170563
0 0.635937511920929 0.5796296000480652 0.03958333283662796 0.07592592388391495
0 0.38359373807907104 0.2083333283662796 0.04010416567325592 0.05925925821065903