1 0.6794270873069763 0.45277777314186096 0.01927083358168602 0.03703703731298447
1 0.5752604007720947 0.772685170173645 0.015104166232049465 0.023148147389292717
1 0.5778645873069763 0.20277777314186096 0.01614583283662796 0.025925925001502037
1 0.31979167461395264 0.710185170173645 0.01770833320915699 0.025925925001502037
1 0.5893229246139526 0.4115740656852722 0.01822916604578495 0.026851851493120193
1 0.3880208432674408 0.3092592656612396 0.01770833320915699 0.03333333507180214
1 0.4270833432674408 0.385185182094574 0.01770833320915699 0.03333333507180214
1 0.5861979126930237 0.5356481671333313 0.01614583283662796 0.032407406717538834
1 0.6067708134651184 0.23888888955116272 0.01770833320915699 0.02777777798473835
1 0.6734374761581421 0.42916667461395264 0.01979166641831398 0.026851851493120193
1 0.4671874940395355 0.16203702986240387 0.01770833320915699 0.03333333507180214
0 0.6018229126930237 0.7972221970558167 0.03177083283662796 0.06666667014360428
0 0.4138020873069763 0.3907407522201538 0.04739583283662796 0.051851850003004074
0 0.5653645992279053 0.7532407641410828 0.03593749925494194 0.06388889253139496
0 0.684374988079071 0.4819444417953491 0.02916666679084301 0.08425925672054291
0 0.6697916388511658 0.40324074029922485 0.03541666641831398 0.07685185223817825
0 0.4533854126930237 0.16435185074806213 0.04635416716337204 0.05277777835726738
0 0.5687500238418579 0.1953703761100769 0.03750000149011612 0.05000000074505806
0 0.3736979067325592 0.31712964177131653 0.04531250149011612 0.05833333358168602
0 0.573437511920929 0.5449073910713196 0.046875 0.0694444477558136
0 0.32890623807907104 0.7310185432434082 0.03802083432674408 0.07129629701375961
0 0.6153646111488342 0.26435184478759766 0.03177083283662796 0.0824074074625969
0 0.5919271111488342 0.43703705072402954 0.03072916716337204 0.09259258955717087