1 0.34861111640930176 0.35652515292167664 0.034259259700775146 0.021226415410637856
1 0.3888888955116272 0.28262579441070557 0.02222222276031971 0.014937106519937515
0 0.24629630148410797 0.3828616440296173 0.03703703731298447 0.034591194242239
1 0.2509259283542633 0.3887578547000885 0.02777777798473835 0.021226415410637856
0 0.35555556416511536 0.374213844537735 0.05000000074505806 0.05503144487738609
0 0.22777777910232544 0.3801100552082062 0.07407407462596893 0.04323899373412132
0 0.35879629850387573 0.44811320304870605 0.09537036716938019 0.04088050499558449
0 0.37361112236976624 0.27555030584335327 0.05648148059844971 0.03537735715508461
3 0.19074073433876038 0.3801100552082062 0.14814814925193787 0.05424528196454048
1 0.32777777314186096 0.2496069222688675 0.03333333507180214 0.02279874123632908
1 0.36574074625968933 0.3121069073677063 0.02777777798473835 0.020440252497792244
3 0.34953704476356506 0.3675314486026764 0.06018518656492233 0.06839622557163239
3 0.22638888657093048 0.3801100552082062 0.07314814627170563 0.04323899373412132
3 0.34768518805503845 0.32900944352149963 0.06759259104728699 0.05896226316690445
1 0.18518517911434174 0.4308176040649414 0.031481482088565826 0.025157231837511063
3 0.33472222089767456 0.2696540951728821 0.07500000298023224 0.06761006265878677
1 0.39722222089767456 0.4170597493648529 0.031481482088565826 0.021226415410637856
1 0.15648147463798523 0.5165094137191772 0.03703703731298447 0.025157231837511063
1 0.42314815521240234 0.2511792480945587 0.031481482088565826 0.025943396613001823
1 0.07407407462596893 0.45322325825691223 0.029629629105329514 0.02279874123632908
1 0.08194444328546524 0.4233490526676178 0.03055555559694767 0.02279874123632908
1 0.17638888955116272 0.37185534834861755 0.028703704476356506 0.02358490601181984
1 0.664814829826355 0.28066039085388184 0.03703703731298447 0.028301887214183807
1 0.10277777910232544 0.3038522005081177 0.031481482088565826 0.027515722438693047
1 0.5703703761100769 0.6029874086380005 0.03333333507180214 0.026729559525847435
0 0.2083333283662796 0.313286155462265 0.046296294778585434 0.03694968670606613
1 0.4712963104248047 0.5966981053352356 0.031481482088565826 0.025157231837511063
0 0.41296297311782837 0.3942610025405884 0.06481481343507767 0.06839622557163239
0 0.6449074149131775 0.30188679695129395 0.07500000298023224 0.07232704758644104
0 0.45277777314186096 0.24213837087154388 0.08888889104127884 0.0487421378493309
0 0.2092592567205429 0.4453616440296173 0.07407407462596893 0.057389937341213226
0 0.14444445073604584 0.49724844098091125 0.0555555559694767 0.06682389974594116
0 0.15324074029922485 0.3816823959350586 0.07129629701375961 0.04638364911079407
0 0.4402777850627899 0.5876572132110596 0.08981481194496155 0.055817611515522
0 0.5462962985038757 0.6057389974594116 0.08518518507480621 0.04638364911079407
0 0.08194444328546524 0.4390723407268524 0.05277777835726738 0.062106918543577194
0 0.11759259551763535 0.313286155462265 0.07037036865949631 0.055817611515522