0 0.3869791626930237 0.8384259343147278 0.03125 0.05092592537403107
1 0.5239583253860474 0.8638888597488403 0.02187499962747097 0.029629629105329514
1 0.4593749940395355 0.8643518686294556 0.01770833320915699 0.023148147389292717
1 0.6768229007720947 0.44212964177131653 0.01718750037252903 0.02500000037252903
1 0.6786458492279053 0.519444465637207 0.01770833320915699 0.02222222276031971
0 0.4166666567325592 0.8439815044403076 0.02812499925494194 0.049074072390794754
1 0.2979166805744171 0.6449074149131775 0.01979166641831398 0.028703704476356506
1 0.39505207538604736 0.1893518567085266 0.015104166232049465 0.026851851493120193
1 0.6377604007720947 0.2967592477798462 0.015104166232049465 0.02500000037252903
1 0.43437498807907104 0.16388888657093048 0.01666666753590107 0.02777777798473835
1 0.3791666626930237 0.8287037014961243 0.015625 0.029629629105329514
0 0.40026041865348816 0.8412036895751953 0.05885416641831398 0.06018518656492233
1 0.5252603888511658 0.3768518567085266 0.01927083358168602 0.02777777798473835
0 0.5184895992279053 0.8643518686294556 0.03177083283662796 0.03981481492519379
0 0.6776041388511658 0.46296295523643494 0.03125 0.07592592388391495
1 0.35468751192092896 0.23194444179534912 0.015625 0.026851851493120193
0 0.4039062559604645 0.17685185372829437 0.03281249850988388 0.04814814776182175
0 0.44583332538604736 0.15740740299224854 0.03854166716337204 0.04444444552063942
0 0.6786458492279053 0.5444444417953491 0.03020833246409893 0.07962962985038757
0 0.4958333373069763 0.36250001192092896 0.03854166716337204 0.04722222313284874
0 0.3018229305744171 0.6685185432434082 0.03177083283662796 0.0833333358168602
0 0.36536458134651184 0.2273148149251938 0.03489583358168602 0.0416666679084301
0 0.6455729007720947 0.3097222149372101 0.03489583358168602 0.07129629701375961
0 0.5291666388511658 0.3550925850868225 0.02395833283662796 0.07685185223817825
0 0.45755207538604736 0.842129647731781 0.02760416641831398 0.06574074178934097