1 0.4895833432674408 0.16851851344108582 0.014583333395421505 0.025925925001502037
1 0.5299479365348816 0.3092592656612396 0.01614583283662796 0.025925925001502037
1 0.5393229126930237 0.34351852536201477 0.01614583283662796 0.02777777798473835
1 0.52734375 0.46898147463798523 0.01614583283662796 0.028703704476356506
1 0.3828125 0.5217592716217041 0.01875000074505806 0.028703704476356506
1 0.6226562261581421 0.7490741014480591 0.01927083358168602 0.02777777798473835
1 0.4739583432674408 0.7064814567565918 0.015625 0.02777777798473835
0 0.3760416805744171 0.5435185432434082 0.03437500074505806 0.07407407462596893
1 0.5648437738418579 0.4962962865829468 0.01718750037252903 0.025925925001502037
1 0.6763020753860474 0.4166666567325592 0.01927083358168602 0.029629629105329514
1 0.41588541865348816 0.1875 0.01822916604578495 0.028703704476356506
1 0.5158854126930237 0.16990740597248077 0.01614583283662796 0.03055555559694767
1 0.4791666567325592 0.3046296238899231 0.01666666753590107 0.02777777798473835
0 0.5354166626930237 0.2847222089767456 0.02604166604578495 0.07500000298023224
0 0.6283854246139526 0.7240740656852722 0.02760416641831398 0.07962962985038757
0 0.5234375 0.35092592239379883 0.04479166492819786 0.05000000074505806
0 0.5718749761581421 0.47453704476356506 0.03229166567325592 0.07870370149612427
0 0.4281249940395355 0.8374999761581421 0.03229166567325592 0.05833333358168602
0 0.5208333134651184 0.48842594027519226 0.03229166567325592 0.07314814627170563
0 0.6690104007720947 0.43796294927597046 0.03072916716337204 0.07592592388391495
0 0.42265623807907104 0.21064814925193787 0.02968749962747097 0.07685185223817825
0 0.4880208373069763 0.28703704476356506 0.03541666641831398 0.06666667014360428
0 0.5028645992279053 0.17083333432674408 0.04218750074505806 0.04537037014961243
0 0.4585937559604645 0.7037037014961243 0.04739583283662796 0.051851850003004074