1 0.5434895753860474 0.5300925970077515 0.01614583283662796 0.02500000037252903
0 0.4533854126930237 0.8402777910232544 0.0234375 0.03055555559694767
0 0.3177083432674408 0.41342592239379883 0.02291666716337204 0.03981481492519379
1 0.5408853888511658 0.7810184955596924 0.02239583246409893 0.03611111268401146
3 0.5528646111488342 0.5379629731178284 0.06718750298023224 0.07592592388391495
0 0.5328124761581421 0.5152778029441833 0.03750000149011612 0.05277777835726738
1 0.28958332538604736 0.4314814805984497 0.01770833320915699 0.025925925001502037
0 0.5403645634651184 0.7893518805503845 0.02135416679084301 0.05092592537403107
1 0.569531261920929 0.22499999403953552 0.015104166232049465 0.02777777798473835
1 0.5111979246139526 0.3611111044883728 0.01718750037252903 0.02777777798473835
3 0.522656261920929 0.48750001192092896 0.05364583432674408 0.09351851791143417
0 0.5098958611488342 0.4680555462837219 0.03229166567325592 0.06018518656492233
3 0.500781238079071 0.42916667461395264 0.04218750074505806 0.11944444477558136
1 0.6028645634651184 0.5745370388031006 0.01718750037252903 0.023148147389292717
1 0.32760417461395264 0.2916666567325592 0.014583333395421505 0.025925925001502037
0 0.5723958611488342 0.5625 0.03750000149011612 0.05277777835726738
0 0.4934895932674408 0.40509259700775146 0.02760416641831398 0.07500000298023224
0 0.5315104126930237 0.7962962985038757 0.04114583507180214 0.06851851940155029
0 0.31718748807907104 0.42500001192092896 0.03020833246409893 0.07962962985038757
0 0.5218750238418579 0.3444444537162781 0.03854166716337204 0.05925925821065903
0 0.6078125238418579 0.6018518805503845 0.02812499925494194 0.07407407462596893
0 0.3346354067325592 0.27407407760620117 0.03281249850988388 0.06296296417713165
0 0.28984373807907104 0.41018518805503845 0.0234375 0.06481481343507767
0 0.5546875 0.21805556118488312 0.04583333432674408 0.06388889253139496