1 0.4268229305744171 0.8342592716217041 0.02135416679084301 0.03888889029622078
1 0.5244791507720947 0.380092591047287 0.01666666753590107 0.02500000037252903
1 0.6770833134651184 0.47685185074806213 0.01666666753590107 0.024074073880910873
3 0.6773437261581421 0.5310184955596924 0.03177083283662796 0.13240741193294525
1 0.4924479126930237 0.3717592656612396 0.01718750037252903 0.032407406717538834
1 0.40416666865348816 0.18703703582286835 0.01354166679084301 0.02777777798473835
1 0.6604166626930237 0.3583333194255829 0.015625 0.025925925001502037
1 0.39505207538604736 0.8425925970077515 0.01927083358168602 0.03333333507180214
1 0.30651041865348816 0.6800925731658936 0.01822916604578495 0.02500000037252903
1 0.45781248807907104 0.8287037014961243 0.015625 0.025925925001502037
1 0.3591145873069763 0.2282407432794571 0.015104166232049465 0.026851851493120193
1 0.43932291865348816 0.16111111640930176 0.01718750037252903 0.029629629105329514
0 0.6773437261581421 0.5643518567085266 0.02656250074505806 0.07129629701375961
0 0.6773437261581421 0.4921296238899231 0.03072916716337204 0.0694444477558136
0 0.5231770873069763 0.8629629611968994 0.03072916716337204 0.046296294778585434
0 0.453125 0.1578703671693802 0.03750000149011612 0.03981481492519379
0 0.6661458611488342 0.37731480598449707 0.02916666679084301 0.07870370149612427
0 0.5263020992279053 0.3560185134410858 0.02760416641831398 0.08425925672054291
0 0.4130208194255829 0.17407406866550446 0.03229166567325592 0.05000000074505806
0 0.31041666865348816 0.6990740895271301 0.03333333507180214 0.07592592388391495
0 0.48645833134651184 0.385185182094574 0.03125 0.07222222536802292
0 0.3708333373069763 0.21990740299224854 0.0364583320915699 0.04722222313284874
0 0.4598958194255829 0.8060185313224792 0.02916666679084301 0.08425925672054291
0 0.4098958373069763 0.8486111164093018 0.05312500149011612 0.07129629701375961