1 0.3916666805744171 0.19953703880310059 0.015625 0.023148147389292717
0 0.637499988079071 0.7388888597488403 0.0364583320915699 0.05740740895271301
3 0.6351562738418579 0.7361111044883728 0.05364583432674408 0.06666667014360428
1 0.6252604126930237 0.7087963223457336 0.01718750037252903 0.028703704476356506
1 0.6260416507720947 0.7513889074325562 0.01354166679084301 0.028703704476356506
1 0.37317708134651184 0.2273148149251938 0.01406249962747097 0.02500000037252903
1 0.5625 0.16249999403953552 0.015625 0.028703704476356506
1 0.6148437261581421 0.20462962985038757 0.015104166232049465 0.029629629105329514
1 0.4481770694255829 0.16342592239379883 0.01718750037252903 0.02500000037252903
1 0.30911457538604736 0.4055555462837219 0.01406249962747097 0.024074073880910873
1 0.5143229365348816 0.15000000596046448 0.01614583283662796 0.02777777798473835
1 0.5625 0.35092592239379883 0.01770833320915699 0.029629629105329514
1 0.659375011920929 0.6837962865829468 0.01979166641831398 0.028703704476356506
0 0.39921873807907104 0.192592591047287 0.02968749962747097 0.046296294778585434
0 0.52734375 0.14814814925193787 0.04322916641831398 0.03888889029622078
0 0.610156238079071 0.717129647731781 0.04114583507180214 0.049074072390794754
0 0.6580728888511658 0.6569444537162781 0.03072916716337204 0.08425925672054291
0 0.3205729126930237 0.3592592477798462 0.02864583395421505 0.05740740895271301
0 0.3083333373069763 0.42407408356666565 0.02604166604578495 0.07222222536802292
0 0.5768229365348816 0.16898147761821747 0.03802083432674408 0.04537037014961243
0 0.36250001192092896 0.2439814805984497 0.03437500074505806 0.06203703582286835
0 0.4583333432674408 0.1537037044763565 0.03854166716337204 0.051851850003004074
0 0.5684896111488342 0.3722222149372101 0.03281249850988388 0.08888889104127884
0 0.6234375238418579 0.20787036418914795 0.03333333507180214 0.05833333358168602