1 0.3697916567325592 0.7462962865829468 0.015625 0.024074073880910873
1 0.04374999925494194 0.29722222685813904 0.01666666753590107 0.025925925001502037
1 0.015104166232049465 0.5263888835906982 0.01770833320915699 0.028703704476356506
1 0.7330729365348816 0.6435185074806213 0.01822916604578495 0.029629629105329514
1 0.04583333432674408 0.3856481611728668 0.01770833320915699 0.026851851493120193
0 0.4830729067325592 0.675000011920929 0.04218750074505806 0.06296296417713165
1 0.44583332538604736 0.7259259223937988 0.01875000074505806 0.03703703731298447
0 0.014583333395421505 0.18888889253139496 0.02812499925494194 0.040740739554166794
1 0.38229167461395264 0.7689814567565918 0.01875000074505806 0.023148147389292717
1 0.7348958253860474 0.4921296238899231 0.01770833320915699 0.026851851493120193
3 0.47213542461395264 0.6879629492759705 0.06614582985639572 0.08703703433275223
1 0.6348958611488342 0.7314814925193787 0.01875000074505806 0.02777777798473835
0 0.04453124850988388 0.3717592656612396 0.02552083320915699 0.07685185223817825
1 0.03489583358168602 0.22962963581085205 0.012500000186264515 0.02222222276031971
1 0.5901041626930237 0.8518518805503845 0.01875000074505806 0.029629629105329514
0 0.45494791865348816 0.7212963104248047 0.04010416567325592 0.05370370298624039
0 0.5065104365348816 0.9064815044403076 0.03281249850988388 0.05370370298624039
1 0.5119791626930237 0.18009258806705475 0.01770833320915699 0.034259259700775146
0 0.01380208320915699 0.5078703761100769 0.02656250074505806 0.07870370149612427
0 0.3570312559604645 0.737500011920929 0.0338541679084301 0.05462963134050369
0 0.04062499850988388 0.31481480598449707 0.02604166604578495 0.07037036865949631
0 0.03046875074505806 0.24259258806705475 0.02864583395421505 0.0555555559694767
0 0.3828125 0.7851851582527161 0.02187499962747097 0.06851851940155029
0 0.7299479246139526 0.668055534362793 0.03072916716337204 0.08425925672054291
0 0.7377604246139526 0.512499988079071 0.02864583395421505 0.08611111342906952
0 0.5278645753860474 0.1884259283542633 0.05052083358168602 0.0694444477558136
0 0.6361979246139526 0.7564814686775208 0.02760416641831398 0.08518518507480621
0 0.581250011920929 0.8680555820465088 0.03854166716337204 0.06388889253139496