3 0.5294271111488342 0.8680555820465088 0.05260416492819786 0.06018518656492233
1 0.550000011920929 0.8490740656852722 0.015625 0.02777777798473835
1 0.590624988079071 0.8388888835906982 0.015625 0.02777777798473835
0 0.5645833611488342 0.8643518686294556 0.02500000037252903 0.032407406717538834
1 0.41197916865348816 0.3611111044883728 0.01875000074505806 0.02777777798473835
1 0.5263020992279053 0.44212964177131653 0.01822916604578495 0.03055555559694767
1 0.72265625 0.5592592358589172 0.01822916604578495 0.02777777798473835
0 0.5286458134651184 0.8717592358589172 0.04062499850988388 0.05462963134050369
1 0.6700521111488342 0.75 0.01927083358168602 0.024074073880910873
1 0.5986979007720947 0.7384259104728699 0.01718750037252903 0.03055555559694767
1 0.5684896111488342 0.20277777314186096 0.01614583283662796 0.03333333507180214
0 0.4947916567325592 0.8791666626930237 0.03437500074505806 0.034259259700775146
1 0.46666666865348816 0.875 0.015625 0.025925925001502037
1 0.5528646111488342 0.5217592716217041 0.01718750037252903 0.032407406717538834
0 0.6036458611488342 0.8300926089286804 0.04374999925494194 0.05462963134050369
0 0.7229166626930237 0.5777778029441833 0.03229166567325592 0.0833333358168602
0 0.4554687440395355 0.8657407164573669 0.03593749925494194 0.051851850003004074
0 0.5257812738418579 0.46296295523643494 0.03177083283662796 0.0962962955236435
0 0.5877603888511658 0.7504629492759705 0.04218750074505806 0.0694444477558136
0 0.6690104007720947 0.7666666507720947 0.03281249850988388 0.07222222536802292
0 0.4111979305744171 0.3351851999759674 0.03177083283662796 0.0962962955236435
0 0.5835937261581421 0.2023148089647293 0.04635416716337204 0.06574074178934097
0 0.5682291388511658 0.5314815044403076 0.04895833507180214 0.07407407462596893