0 0.3528645932674408 0.6083333492279053 0.0234375 0.07407407462596893
0 0.3661458194255829 0.6527777910232544 0.02291666716337204 0.03888889029622078
1 0.38359373807907104 0.6597222089767456 0.01406249962747097 0.026851851493120193
1 0.4450520873069763 0.8527777791023254 0.01614583283662796 0.029629629105329514
0 0.6778646111488342 0.5550925731658936 0.03072916716337204 0.04722222313284874
1 0.6734374761581421 0.6208333373069763 0.02083333395421505 0.03055555559694767
1 0.5598958134651184 0.7462962865829468 0.014583333395421505 0.02777777798473835
1 0.3544270694255829 0.5879629850387573 0.01927083358168602 0.02777777798473835
0 0.6752604246139526 0.5981481671333313 0.02968749962747097 0.08518518507480621
1 0.3656249940395355 0.2143518477678299 0.014583333395421505 0.028703704476356506
1 0.4794270694255829 0.7254629731178284 0.01406249962747097 0.02500000037252903
1 0.5625 0.19166666269302368 0.01666666753590107 0.029629629105329514
0 0.39661458134651184 0.6449074149131775 0.0390625 0.07500000298023224
0 0.34062498807907104 0.7652778029441833 0.03020833246409893 0.06388889253139496
1 0.4489583373069763 0.17546296119689941 0.01770833320915699 0.032407406717538834
0 0.31562501192092896 0.7152777910232544 0.02604166604578495 0.04722222313284874
3 0.6763020753860474 0.5847222208976746 0.03281249850988388 0.1101851835846901
0 0.5658854246139526 0.7259259223937988 0.03593749925494194 0.0833333358168602
3 0.3580729067325592 0.6222222447395325 0.03489583358168602 0.10185185074806213
0 0.47343748807907104 0.7092592716217041 0.03437500074505806 0.07407407462596893
0 0.35624998807907104 0.2240740805864334 0.03541666641831398 0.06111111119389534
0 0.5505208373069763 0.1814814805984497 0.04583333432674408 0.06481481343507767
0 0.4385416805744171 0.1856481432914734 0.04270833358168602 0.06574074178934097
0 0.4544270932674408 0.862500011920929 0.03489583358168602 0.06018518656492233