1 0.49817708134651184 0.7041666507720947 0.015104166232049465 0.023148147389292717
1 0.6583333611488342 0.4504629671573639 0.01666666753590107 0.023148147389292717
3 0.5033854246139526 0.6930555701255798 0.06302083283662796 0.05648148059844971
1 0.67578125 0.5083333253860474 0.01718750037252903 0.02777777798473835
0 0.5138021111488342 0.8013888597488403 0.02760416641831398 0.06574074178934097
1 0.46822917461395264 0.14814814925193787 0.01354166679084301 0.025925925001502037
1 0.6072916388511658 0.7013888955116272 0.015625 0.02500000037252903
1 0.49531251192092896 0.7504629492759705 0.012500000186264515 0.02500000037252903
0 0.5143229365348816 0.7009259462356567 0.04010416567325592 0.04444444552063942
0 0.4830729067325592 0.6856481432914734 0.03177083283662796 0.05462963134050369
1 0.6614583134651184 0.6523148417472839 0.01875000074505806 0.026851851493120193
1 0.5377604365348816 0.8384259343147278 0.01406249962747097 0.02500000037252903
0 0.5104166865348816 0.7476851940155029 0.04270833358168602 0.0416666679084301
1 0.4755208194255829 0.6717592477798462 0.01666666753590107 0.026851851493120193
0 0.4815104305744171 0.8106481432914734 0.03281249850988388 0.03981481492519379
0 0.6549479365348816 0.42592594027519226 0.03177083283662796 0.07407407462596893
0 0.6731770634651184 0.48842594027519226 0.03072916716337204 0.08055555820465088
0 0.6018229126930237 0.7231481671333313 0.03177083283662796 0.07222222536802292
0 0.657031238079071 0.6726852059364319 0.03072916716337204 0.07314814627170563
0 0.6294270753860474 0.5912036895751953 0.04010416567325592 0.07314814627170563
0 0.45703125 0.1527777761220932 0.04114583507180214 0.0555555559694767
0 0.5455729365348816 0.8254629373550415 0.03072916716337204 0.05648148059844971