1 0.5653645992279053 0.8643518686294556 0.01718750037252903 0.028703704476356506
1 0.3869791626930237 0.192592591047287 0.01770833320915699 0.03333333507180214
1 0.43567708134651184 0.7731481194496155 0.013020833022892475 0.02222222276031971
3 0.3903645873069763 0.19907407462596893 0.06302083283662796 0.06666667014360428
0 0.40677082538604736 0.18333333730697632 0.03854166716337204 0.046296294778585434
1 0.3955729305744171 0.24953703582286835 0.013020833022892475 0.02500000037252903
1 0.663281261920929 0.5439814925193787 0.01406249962747097 0.026851851493120193
1 0.3018229305744171 0.33981481194496155 0.01718750037252903 0.029629629105329514
1 0.29479166865348816 0.6402778029441833 0.01666666753590107 0.023148147389292717
0 0.43828123807907104 0.1657407432794571 0.03281249850988388 0.035185184329748154
1 0.4791666567325592 0.17685185372829437 0.015625 0.02777777798473835
1 0.45703125 0.27314814925193787 0.01614583283662796 0.025925925001502037
0 0.5861979126930237 0.8060185313224792 0.02135416679084301 0.05277777835726738
0 0.3734374940395355 0.2171296328306198 0.03333333507180214 0.05092592537403107
0 0.44140625 0.7875000238418579 0.02864583395421505 0.06759259104728699
0 0.2971354126930237 0.3569444417953491 0.03177083283662796 0.07870370149612427
0 0.5505208373069763 0.772685170173645 0.02916666679084301 0.07500000298023224
0 0.296875 0.6611111164093018 0.02708333358168602 0.07777778059244156
0 0.4911458194255829 0.17407406866550446 0.03541666641831398 0.051851850003004074
0 0.6539062261581421 0.5351851582527161 0.0442708320915699 0.07037036865949631
0 0.4528645873069763 0.2527777850627899 0.03072916716337204 0.07037036865949631
0 0.4078125059604645 0.25462964177131653 0.03229166567325592 0.046296294778585434