1 0.6466146111488342 0.37268519401550293 0.01822916604578495 0.026851851493120193
1 0.6486979126930237 0.36157408356666565 0.01614583283662796 0.02500000037252903
1 0.43046873807907104 0.4731481373310089 0.01822916604578495 0.029629629105329514
3 0.6278645992279053 0.4773148000240326 0.04114583507180214 0.0972222238779068
3 0.5552083253860474 0.6129629611968994 0.03229166567325592 0.0555555559694767
1 0.5414062738418579 0.7138888835906982 0.015104166232049465 0.031481482088565826
0 0.6411458253860474 0.40231481194496155 0.02708333358168602 0.05277777835726738
0 0.5744791626930237 0.5648148059844971 0.03750000149011612 0.051851850003004074
3 0.6356770992279053 0.41620370745658875 0.04218750074505806 0.09351851791143417
0 0.542187511920929 0.7356481552124023 0.02291666716337204 0.05648148059844971
0 0.6236979365348816 0.4967592656612396 0.02864583395421505 0.06203703582286835
0 0.5786458253860474 0.7074074149131775 0.04062499850988388 0.06851851940155029
0 0.5536458492279053 0.614814817905426 0.02708333358168602 0.046296294778585434
1 0.5854166746139526 0.5509259104728699 0.01666666753590107 0.02777777798473835
3 0.5708333253860474 0.699999988079071 0.05416666716337204 0.09259258955717087
3 0.551562488079071 0.6504629850387573 0.02916666679084301 0.10462962836027145
3 0.5463541746139526 0.7032407522201538 0.02708333358168602 0.11574073880910873
3 0.5674479007720947 0.5888888835906982 0.05260416492819786 0.09074074029922485
0 0.6460937261581421 0.3402777910232544 0.01822916604578495 0.06203703582286835
0 0.5471354126930237 0.8282407522201538 0.02968749962747097 0.04537037014961243
0 0.4242187440395355 0.4870370328426361 0.03697916492819786 0.07037036865949631