1 0.3348958194255829 0.2944444417953491 0.015625 0.025925925001502037
3 0.3539062440395355 0.24259258806705475 0.04739583283662796 0.10925926268100739
1 0.3713541626930237 0.20694445073604584 0.014583333395421505 0.026851851493120193
1 0.4476562440395355 0.4268518388271332 0.01614583283662796 0.029629629105329514
1 0.30520832538604736 0.3541666567325592 0.01666666753590107 0.026851851493120193
1 0.3726562559604645 0.36666667461395264 0.015104166232049465 0.024074073880910873
1 0.4166666567325592 0.8560185432434082 0.01875000074505806 0.03055555559694767
1 0.3895833194255829 0.43703705072402954 0.01666666753590107 0.02777777798473835
0 0.36015623807907104 0.21851852536201477 0.0338541679084301 0.05740740895271301
1 0.2838541567325592 0.4893518388271332 0.01979166641831398 0.028703704476356506
1 0.5020833611488342 0.13935184478759766 0.014583333395421505 0.03055555559694767
1 0.54296875 0.16111111640930176 0.01718750037252903 0.031481482088565826
0 0.4098958373069763 0.8310185074806213 0.02812499925494194 0.07314814627170563
0 0.3971354067325592 0.4148148000240326 0.03489583358168602 0.07222222536802292
1 0.42395833134651184 0.24629630148410797 0.01875000074505806 0.031481482088565826
1 0.32604166865348816 0.4495370388031006 0.01770833320915699 0.02500000037252903
1 0.5427083373069763 0.24953703582286835 0.02083333395421505 0.034259259700775146
0 0.28177082538604736 0.5134259462356567 0.02604166604578495 0.08055555820465088
0 0.44973957538604736 0.4018518626689911 0.03072916716337204 0.09444444626569748
0 0.3388020694255829 0.2759259343147278 0.02656250074505806 0.05925925821065903
0 0.31041666865348816 0.33796295523643494 0.03229166567325592 0.06296296417713165
0 0.37291666865348816 0.34259259700775146 0.02916666679084301 0.08148147910833359
0 0.4143229126930237 0.26249998807907104 0.04010416567325592 0.06574074178934097
0 0.3309895694255829 0.42222222685813904 0.03072916716337204 0.07592592388391495
0 0.5565103888511658 0.15694443881511688 0.04531250149011612 0.05648148059844971
0 0.5567708611488342 0.24027778208255768 0.04895833507180214 0.06574074178934097
0 0.48906248807907104 0.13564814627170563 0.04270833358168602 0.06203703582286835