1 0.5544270873069763 0.6254629492759705 0.01718750037252903 0.03055555559694767
1 0.48645833134651184 0.7875000238418579 0.01875000074505806 0.028703704476356506
0 0.6018229126930237 0.3046296238899231 0.0546875 0.10555555671453476
1 0.59765625 0.29398149251937866 0.01718750037252903 0.028703704476356506
3 0.47968751192092896 0.7749999761581421 0.05520833283662796 0.0833333358168602
1 0.33411458134651184 0.7291666865348816 0.01406249962747097 0.02500000037252903
1 0.45260417461395264 0.6629629731178284 0.014583333395421505 0.029629629105329514
1 0.6658853888511658 0.7435185313224792 0.015104166232049465 0.02777777798473835
3 0.6036458611488342 0.3004629611968994 0.05624999850988388 0.1120370402932167
1 0.602343738079071 0.2680555582046509 0.01822916604578495 0.028703704476356506
1 0.5010416507720947 0.7384259104728699 0.01770833320915699 0.02500000037252903
1 0.5179687738418579 0.6731481552124023 0.01406249962747097 0.025925925001502037
1 0.3083333373069763 0.3523148000240326 0.01770833320915699 0.01944444514811039
0 0.5018228888511658 0.7620370388031006 0.02239583246409893 0.07222222536802292
1 0.40312498807907104 0.7291666865348816 0.015625 0.028703704476356506
0 0.4729166626930237 0.7935185432434082 0.0416666679084301 0.04814814776182175
1 0.4322916567325592 0.8597221970558167 0.01770833320915699 0.026851851493120193
0 0.3257812559604645 0.7231481671333313 0.0338541679084301 0.06666667014360428
1 0.6169270873069763 0.5509259104728699 0.01927083358168602 0.02777777798473835
0 0.31041666865348816 0.3324074149131775 0.02916666679084301 0.06666667014360428
0 0.5453125238418579 0.637499988079071 0.04062499850988388 0.05648148059844971
0 0.5041666626930237 0.6870370507240295 0.03750000149011612 0.04814814776182175
0 0.5924479365348816 0.317592591047287 0.03072916716337204 0.07592592388391495
0 0.6151041388511658 0.25925925374031067 0.03958333283662796 0.04259259253740311
0 0.43802082538604736 0.8768518567085266 0.03020833246409893 0.06851851940155029
0 0.6752604246139526 0.7300925850868225 0.03593749925494194 0.07314814627170563
0 0.43932291865348816 0.6583333611488342 0.04531250149011612 0.05925925821065903
0 0.39661458134651184 0.7115740776062012 0.0338541679084301 0.08425925672054291
0 0.6182291507720947 0.5777778029441833 0.02916666679084301 0.08703703433275223