0 0.5955728888511658 0.8537036776542664 0.05572916567325592 0.06111111119389534
0 0.578125 0.8662037253379822 0.02812499925494194 0.049074072390794754
1 0.6677083373069763 0.2717592716217041 0.014583333395421505 0.021296296268701553
1 0.48750001192092896 0.27638888359069824 0.01770833320915699 0.028703704476356506
1 0.6499999761581421 0.23240740597248077 0.01666666753590107 0.02777777798473835
3 0.6177083253860474 0.6731481552124023 0.08645833283662796 0.06296296417713165
3 0.4921875 0.34398147463798523 0.03750000149011612 0.1101851835846901
0 0.63671875 0.6856481432914734 0.03593749925494194 0.043518517166376114
1 0.6143229007720947 0.8430555462837219 0.015104166232049465 0.026851851493120193
1 0.5817708373069763 0.8597221970558167 0.02083333395421505 0.028703704476356506
3 0.4963541626930237 0.2689814865589142 0.0416666679084301 0.09907407313585281
0 0.6080729365348816 0.842129647731781 0.02968749962747097 0.03611111268401146
1 0.6557291746139526 0.7462962865829468 0.01770833320915699 0.02777777798473835
1 0.38593751192092896 0.41805556416511536 0.01875000074505806 0.034259259700775146
0 0.4908854067325592 0.3652777671813965 0.02864583395421505 0.06759259104728699
0 0.49661457538604736 0.255092591047287 0.03697916492819786 0.07500000298023224
1 0.34453123807907104 0.7300925850868225 0.01718750037252903 0.02500000037252903
0 0.655468761920929 0.7314814925193787 0.02239583246409893 0.06296296417713165
1 0.6265624761581421 0.5615741014480591 0.01979166641831398 0.03055555559694767
0 0.672656238079071 0.2578703761100769 0.02447916753590107 0.05277777835726738
3 0.6424478888511658 0.7064814567565918 0.05156249925494194 0.10555555671453476
0 0.6424478888511658 0.21203704178333282 0.0338541679084301 0.06666667014360428
0 0.3752604126930237 0.43703705072402954 0.0442708320915699 0.07962962985038757
0 0.5992187261581421 0.6685185432434082 0.04322916641831398 0.04814814776182175
0 0.3489583432674408 0.7504629492759705 0.03541666641831398 0.08055555820465088
0 0.63671875 0.5805555582046509 0.04010416567325592 0.07777778059244156