0 0.6229166388511658 0.2986111044883728 0.04374999925494194 0.07685185223817825
0 0.41848957538604736 0.19027778506278992 0.0338541679084301 0.04537037014961243
1 0.37552082538604736 0.23194444179534912 0.01666666753590107 0.028703704476356506
1 0.640625 0.28703704476356506 0.01770833320915699 0.02222222276031971
1 0.62890625 0.29722222685813904 0.015104166232049465 0.024074073880910873
1 0.33255207538604736 0.35648149251937866 0.01927083358168602 0.025925925001502037
1 0.6541666388511658 0.6472222208976746 0.01354166679084301 0.025925925001502037
1 0.629687488079071 0.6462963223457336 0.01354166679084301 0.025925925001502037
0 0.36536458134651184 0.25462964177131653 0.0338541679084301 0.05000000074505806
1 0.5580729246139526 0.5324074029922485 0.015104166232049465 0.02777777798473835
3 0.3567708432674408 0.2787036895751953 0.06041666492819786 0.10740740597248077
1 0.42786458134651184 0.18703703582286835 0.015104166232049465 0.029629629105329514
1 0.5666666626930237 0.6254629492759705 0.01666666753590107 0.03055555559694767
0 0.6606770753860474 0.6277777552604675 0.03072916716337204 0.06111111119389534
0 0.39270833134651184 0.2162037044763565 0.03333333507180214 0.043518517166376114
1 0.5864583253860474 0.2759259343147278 0.01770833320915699 0.02777777798473835
0 0.34453123807907104 0.3064814805984497 0.03489583358168602 0.06481481343507767
3 0.4039062559604645 0.20324073731899261 0.0651041641831398 0.07129629701375961
0 0.6898437738418579 0.5824074149131775 0.0338541679084301 0.0555555559694767
0 0.6385416388511658 0.6634259223937988 0.03229166567325592 0.06018518656492233
0 0.6148437261581421 0.3106481432914734 0.03281249850988388 0.05092592537403107
3 0.6770833134651184 0.5981481671333313 0.06145833432674408 0.09444444626569748
0 0.6455729007720947 0.26157405972480774 0.02239583246409893 0.06759259104728699
0 0.5679687261581421 0.5212963223457336 0.04322916641831398 0.07222222536802292
0 0.32760417461395264 0.37962964177131653 0.02916666679084301 0.07592592388391495
0 0.5966145992279053 0.260185182094574 0.04010416567325592 0.06296296417713165
0 0.5528646111488342 0.635185182094574 0.04635416716337204 0.07222222536802292