3 0.5934895873069763 0.18287037312984467 0.08281250298023224 0.08055555820465088
1 0.5833333134651184 0.1814814805984497 0.014583333395421505 0.025925925001502037
1 0.5570312738418579 0.34490740299224854 0.01718750037252903 0.028703704476356506
1 0.624218761920929 0.2152777761220932 0.01718750037252903 0.02500000037252903
1 0.38359373807907104 0.7759259343147278 0.013020833022892475 0.025925925001502037
1 0.3643229305744171 0.7356481552124023 0.01406249962747097 0.023148147389292717
1 0.3817708194255829 0.6189814805984497 0.01354166679084301 0.034259259700775146
1 0.3864583373069763 0.21296297013759613 0.01666666753590107 0.02777777798473835
1 0.40937501192092896 0.6495370268821716 0.01770833320915699 0.026851851493120193
0 0.3721354305744171 0.7722222208976746 0.03697916492819786 0.05925925821065903
1 0.6585937738418579 0.27638888359069824 0.01927083358168602 0.026851851493120193
1 0.6888020634651184 0.6254629492759705 0.01718750037252903 0.028703704476356506
1 0.4854166805744171 0.3055555522441864 0.01666666753590107 0.029629629105329514
0 0.3544270694255829 0.2587963044643402 0.02552083320915699 0.05277777835726738
0 0.3747395873069763 0.7263888716697693 0.03593749925494194 0.043518517166376114
0 0.39244791865348816 0.20185184478759766 0.0338541679084301 0.05925925821065903
0 0.6153646111488342 0.2023148089647293 0.03802083432674408 0.05648148059844971
0 0.5619791746139526 0.3638888895511627 0.03437500074505806 0.0833333358168602
0 0.6932291388511658 0.6050925850868225 0.03020833246409893 0.08796296268701553
0 0.4208333194255829 0.6689814925193787 0.04062499850988388 0.07870370149612427
0 0.5708333253860474 0.16851851344108582 0.03854166716337204 0.0555555559694767
0 0.6539062261581421 0.25925925374031067 0.0338541679084301 0.06851851940155029
0 0.5 0.30092594027519226 0.05000000074505806 0.05925925821065903
0 0.36640626192092896 0.6115740537643433 0.04843749850988388 0.06759259104728699