1 0.3135416805744171 0.625 0.01770833320915699 0.024074073880910873
1 0.6122395992279053 0.6865741014480591 0.01718750037252903 0.02500000037252903
1 0.6591145992279053 0.602314829826355 0.015104166232049465 0.028703704476356506
1 0.2945312559604645 0.5935184955596924 0.01822916604578495 0.02777777798473835
0 0.29244792461395264 0.5662037134170532 0.02760416641831398 0.08796296268701553
1 0.3265624940395355 0.6837962865829468 0.01354166679084301 0.02500000037252903
0 0.3205729126930237 0.5365740656852722 0.02760416641831398 0.06388889253139496
1 0.5953124761581421 0.7527777552604675 0.015625 0.02222222276031971
1 0.5059896111488342 0.28518518805503845 0.01718750037252903 0.025925925001502037
0 0.31692707538604736 0.6037036776542664 0.02552083320915699 0.06111111119389534
0 0.6098958253860474 0.706944465637207 0.02812499925494194 0.0694444477558136
0 0.37708333134651184 0.21990740299224854 0.03437500074505806 0.05648148059844971
0 0.34453123807907104 0.2560185194015503 0.02864583395421505 0.043518517166376114
0 0.3177083432674408 0.6703703999519348 0.03125 0.06296296417713165
0 0.5822916626930237 0.7722222208976746 0.0364583320915699 0.05370370298624039
3 0.3177083432674408 0.572685182094574 0.03125 0.13055555522441864
0 0.6697916388511658 0.5939815044403076 0.03437500074505806 0.06574074178934097
0 0.5093749761581421 0.302314817905426 0.02604166604578495 0.08055555820465088