0 0.578906238079071 0.16018518805503845 0.03697916492819786 0.031481482088565826
0 0.5445312261581421 0.1518518477678299 0.02239583246409893 0.03703703731298447
1 0.4140625 0.2657407522201538 0.01770833320915699 0.02777777798473835
1 0.5044270753860474 0.15000000596046448 0.01718750037252903 0.029629629105329514
1 0.5151041746139526 0.885185182094574 0.014583333395421505 0.025925925001502037
1 0.5783854126930237 0.19120369851589203 0.01406249962747097 0.028703704476356506
1 0.3932291567325592 0.25648146867752075 0.01666666753590107 0.02777777798473835
1 0.3460937440395355 0.29629629850387573 0.01822916604578495 0.025925925001502037
1 0.5541666746139526 0.8759258985519409 0.015625 0.02777777798473835
1 0.5174478888511658 0.6083333492279053 0.01718750037252903 0.029629629105329514
1 0.46432292461395264 0.1518518477678299 0.01614583283662796 0.031481482088565826
0 0.5229166746139526 0.8819444179534912 0.03020833246409893 0.0416666679084301
1 0.5479166507720947 0.5180555582046509 0.01666666753590107 0.032407406717538834
0 0.34765625 0.28518518805503845 0.02864583395421505 0.0555555559694767
0 0.5565103888511658 0.8652777671813965 0.02239583246409893 0.05462963134050369
0 0.41328126192092896 0.24953703582286835 0.02447916753590107 0.07314814627170563
1 0.653124988079071 0.28148147463798523 0.01770833320915699 0.02777777798473835
0 0.516406238079071 0.14537036418914795 0.03697916492819786 0.03703703731298447
0 0.38749998807907104 0.2666666805744171 0.02604166604578495 0.06851851940155029
0 0.5924479365348816 0.19814814627170563 0.03802083432674408 0.04259259253740311
0 0.47604167461395264 0.14953704178333282 0.0416666679084301 0.04537037014961243
0 0.515625 0.5865740776062012 0.03229166567325592 0.09166666865348816
0 0.6419270634651184 0.26851850748062134 0.0390625 0.06296296417713165
0 0.5611979365348816 0.5273148417472839 0.04739583283662796 0.06759259104728699