0 0.5411458611488342 0.8055555820465088 0.02395833283662796 0.0555555559694767
0 0.6041666865348816 0.8337963223457336 0.03958333283662796 0.05277777835726738
3 0.6138020753860474 0.8296296000480652 0.05885416641831398 0.05370370298624039
1 0.6658853888511658 0.760185182094574 0.01614583283662796 0.025925925001502037
1 0.5640624761581421 0.6611111164093018 0.01666666753590107 0.029629629105329514
3 0.5880208611488342 0.8282407522201538 0.06354166567325592 0.05462963134050369
1 0.559374988079071 0.5351851582527161 0.015625 0.031481482088565826
1 0.5283854007720947 0.8814814686775208 0.01718750037252903 0.02222222276031971
1 0.7247396111488342 0.4930555522441864 0.01822916604578495 0.02500000037252903
1 0.5963541865348816 0.6611111164093018 0.01979166641831398 0.025925925001502037
0 0.6333333253860474 0.8208333253860474 0.03229166567325592 0.049074072390794754
1 0.5161458253860474 0.4217592477798462 0.01875000074505806 0.028703704476356506
0 0.660937488079071 0.7787036895751953 0.02812499925494194 0.05740740895271301
0 0.553906261920929 0.6796296238899231 0.0338541679084301 0.06666667014360428
0 0.6002604365348816 0.6365740895271301 0.02968749962747097 0.0824074074625969
1 0.5494791865348816 0.1578703671693802 0.02083333395421505 0.034259259700775146
1 0.703906238079071 0.6495370268821716 0.01718750037252903 0.02500000037252903
0 0.5283854007720947 0.8601852059364319 0.0234375 0.06481481343507767
3 0.6466146111488342 0.7939814925193787 0.06302083283662796 0.07870370149612427
0 0.7244791388511658 0.5162037014961243 0.02500000037252903 0.08055555820465088
3 0.5333333611488342 0.8356481194496155 0.03437500074505806 0.11574073880910873
0 0.5210937261581421 0.44398146867752075 0.0338541679084301 0.08611111342906952
0 0.7028645873069763 0.6731481552124023 0.02864583395421505 0.07407407462596893
0 0.5721353888511658 0.5259259343147278 0.04531250149011612 0.07037036865949631
0 0.5570312738418579 0.17916665971279144 0.03593749925494194 0.08425925672054291