1 0.58984375 0.1796296238899231 0.015104166232049465 0.024074073880910873
1 0.40625 0.18703703582286835 0.015625 0.029629629105329514
1 0.3622395694255829 0.7157407402992249 0.01718750037252903 0.029629629105329514
1 0.3049479126930237 0.46296295523643494 0.01614583283662796 0.025925925001502037
1 0.5372396111488342 0.20416666567325592 0.01718750037252903 0.026851851493120193
1 0.3307291567325592 0.3203703761100769 0.01875000074505806 0.029629629105329514
1 0.5625 0.35092592239379883 0.01770833320915699 0.031481482088565826
1 0.6723958253860474 0.3291666805744171 0.015625 0.028703704476356506
1 0.698437511920929 0.4365740716457367 0.01666666753590107 0.026851851493120193
1 0.48124998807907104 0.15138888359069824 0.01666666753590107 0.03055555559694767
0 0.5401041507720947 0.831944465637207 0.05000000074505806 0.05462963134050369
0 0.6966145634651184 0.41203704476356506 0.02864583395421505 0.07962962985038757
0 0.3942708373069763 0.1944444477558136 0.0364583320915699 0.05925925821065903
0 0.4945312440395355 0.14861111342906952 0.04531250149011612 0.04722222313284874
0 0.6796875 0.3402777910232544 0.03333333507180214 0.07129629701375961
0 0.30416667461395264 0.4740740656852722 0.03125 0.06851851940155029
0 0.3252604305744171 0.34259259700775146 0.0390625 0.08703703433275223
0 0.5257812738418579 0.21944443881511688 0.04010416567325592 0.05740740895271301
0 0.5825520753860474 0.16898147761821747 0.0338541679084301 0.05648148059844971
0 0.5682291388511658 0.37268519401550293 0.03437500074505806 0.09351851791143417
0 0.35729166865348816 0.6939814686775208 0.04062499850988388 0.08981481194496155