1 0.4494791626930237 0.8393518328666687 0.02291666716337204 0.034259259700775146
1 0.04505208507180214 0.2958333194255829 0.01406249962747097 0.02500000037252903
1 0.3786458373069763 0.29722222685813904 0.015625 0.02222222276031971
1 0.04531250149011612 0.38425925374031067 0.01770833320915699 0.025925925001502037
1 0.01536458358168602 0.5259259343147278 0.01822916604578495 0.02777777798473835
1 0.4138020873069763 0.8462963104248047 0.015104166232049465 0.02777777798473835
1 0.4229166805744171 0.6726852059364319 0.01875000074505806 0.03611111268401146
0 0.4984374940395355 0.8995370268821716 0.02395833283662796 0.05277777835726738
0 0.014583333395421505 0.18981482088565826 0.02812499925494194 0.03703703731298447
1 0.44869792461395264 0.2935185134410858 0.01822916604578495 0.03333333507180214
0 0.46145832538604736 0.8393518328666687 0.0416666679084301 0.0416666679084301
1 0.03541666641831398 0.23055554926395416 0.012500000186264515 0.02222222276031971
1 0.6625000238418579 0.7972221970558167 0.01666666753590107 0.029629629105329514
1 0.33515626192092896 0.6333333253860474 0.01927083358168602 0.02777777798473835
1 0.5700520873069763 0.49861112236976624 0.01822916604578495 0.03055555559694767
1 0.37838542461395264 0.789814829826355 0.015104166232049465 0.029629629105329514
0 0.04453124850988388 0.37268519401550293 0.02552083320915699 0.07314814627170563
0 0.4026041626930237 0.8402777910232544 0.03854166716337204 0.05277777835726738
0 0.01380208320915699 0.5078703761100769 0.02656250074505806 0.07685185223817825
0 0.3682291805744171 0.7759259343147278 0.03541666641831398 0.06851851940155029
0 0.6723958253860474 0.8083333373069763 0.0364583320915699 0.06666667014360428
0 0.3583333194255829 0.3351851999759674 0.02812499925494194 0.0555555559694767
0 0.5807291865348816 0.5143518447875977 0.04270833358168602 0.07870370149612427
0 0.3817708194255829 0.2819444537162781 0.02916666679084301 0.06018518656492233
0 0.04114583507180214 0.31388887763023376 0.02604166604578495 0.07037036865949631
0 0.03098958358168602 0.2430555522441864 0.02864583395421505 0.05462963134050369
0 0.33203125 0.6115740537643433 0.03177083283662796 0.09537036716938019
0 0.46015626192092896 0.2805555462837219 0.04114583507180214 0.06666667014360428
0 0.40807291865348816 0.668055534362793 0.0546875 0.0694444477558136