3 0.3817708194255829 0.8013888597488403 0.04479166492819786 0.05462963134050369
1 0.6502603888511658 0.3273148238658905 0.015104166232049465 0.021296296268701553
0 0.3817708194255829 0.8041666746139526 0.04374999925494194 0.05277777835726738
0 0.40442708134651184 0.737500011920929 0.0494791679084301 0.04722222313284874
1 0.3174479305744171 0.6912037134170532 0.01406249962747097 0.02500000037252903
1 0.29765623807907104 0.5592592358589172 0.01718750037252903 0.02777777798473835
0 0.37109375 0.792129635810852 0.02760416641831398 0.037962961941957474
0 0.36927083134651184 0.7407407164573669 0.02187499962747097 0.05740740895271301
1 0.6364583373069763 0.644444465637207 0.01666666753590107 0.025925925001502037
1 0.2984375059604645 0.36851853132247925 0.01354166679084301 0.024074073880910873
3 0.39244791865348816 0.7347221970558167 0.06302083283662796 0.05648148059844971
0 0.3934895694255829 0.8101851940155029 0.02968749962747097 0.051851850003004074
0 0.4325520694255829 0.7870370149612427 0.03489583358168602 0.04814814776182175
0 0.3088541626930237 0.35092592239379883 0.03750000149011612 0.06851851940155029
0 0.6536458134651184 0.31203705072402954 0.02708333358168602 0.05925925821065903
0 0.6434895992279053 0.6245370507240295 0.03489583358168602 0.07129629701375961
0 0.6197916865348816 0.2976851761341095 0.03854166716337204 0.05462963134050369
0 0.3127604126930237 0.675000011920929 0.02656250074505806 0.06851851940155029
0 0.29348957538604736 0.5472221970558167 0.03281249850988388 0.06481481343507767