3 0.2914062440395355 0.532870352268219 0.02864583395421505 0.09351851791143417
1 0.2893229126930237 0.4828703701496124 0.01614583283662796 0.017592592164874077
0 0.5575520992279053 0.8064814805984497 0.02656250074505806 0.035185184329748154
1 0.2940104305744171 0.5583333373069763 0.01927083358168602 0.025925925001502037
0 0.4794270694255829 0.8541666865348816 0.02760416641831398 0.032407406717538834
1 0.5596354007720947 0.43796294927597046 0.013020833022892475 0.02777777798473835
1 0.3674479126930237 0.23749999701976776 0.015104166232049465 0.021296296268701553
1 0.3518229126930237 0.40416666865348816 0.015104166232049465 0.026851851493120193
1 0.3817708194255829 0.2967592477798462 0.01770833320915699 0.026851851493120193
1 0.5841146111488342 0.5731481313705444 0.015104166232049465 0.025925925001502037
0 0.38229167461395264 0.2759259343147278 0.02916666679084301 0.07962962985038757
3 0.3799479305744171 0.2532407343387604 0.03802083432674408 0.125
1 0.5765625238418579 0.2083333283662796 0.01666666753590107 0.02777777798473835
0 0.5489583611488342 0.8083333373069763 0.04374999925494194 0.05740740895271301
1 0.39661458134651184 0.4124999940395355 0.01822916604578495 0.026851851493120193
0 0.29088541865348816 0.5333333611488342 0.02864583395421505 0.07962962985038757
0 0.2874999940395355 0.4601851999759674 0.02812499925494194 0.06481481343507767
0 0.3786458373069763 0.2162037044763565 0.0364583320915699 0.05648148059844971
0 0.39661458134651184 0.39027777314186096 0.02864583395421505 0.07870370149612427
0 0.3567708432674408 0.38148146867752075 0.03229166567325592 0.07222222536802292
0 0.5869791507720947 0.5504629611968994 0.02812499925494194 0.09351851791143417
0 0.6781250238418579 0.4893518388271332 0.03750000149011612 0.07129629701375961
0 0.5497395992279053 0.4444444477558136 0.04322916641831398 0.06111111119389534
0 0.5869791507720947 0.2231481522321701 0.04062499850988388 0.07222222536802292