0 0.6958333253860474 0.322685182094574 0.05000000074505806 0.10648148506879807
1 0.3830729126930237 0.8134258985519409 0.0234375 0.034259259700775146
1 0.5822916626930237 0.8935185074806213 0.02083333395421505 0.031481482088565826
1 0.04322916641831398 0.29722222685813904 0.01666666753590107 0.025925925001502037
1 0.04531250149011612 0.3847222328186035 0.01770833320915699 0.026851851493120193
1 0.01536458358168602 0.5259259343147278 0.01718750037252903 0.02777777798473835
1 0.5630208253860474 0.9129629731178284 0.01770833320915699 0.03333333507180214
1 0.6799479126930237 0.2898148000240326 0.01614583283662796 0.025925925001502037
1 0.4203124940395355 0.789814829826355 0.01770833320915699 0.029629629105329514
1 0.4427083432674408 0.7370370626449585 0.01354166679084301 0.029629629105329514
1 0.6338541507720947 0.730555534362793 0.01875000074505806 0.029629629105329514
0 0.014583333395421505 0.18888889253139496 0.02812499925494194 0.040740739554166794
1 0.7252604365348816 0.4009259343147278 0.01822916604578495 0.025925925001502037
1 0.03541666641831398 0.2291666716337204 0.012500000186264515 0.021296296268701553
1 0.62890625 0.22962963581085205 0.01614583283662796 0.029629629105329514
0 0.04479166492819786 0.37268519401550293 0.02604166604578495 0.07685185223817825
0 0.7052083611488342 0.34768518805503845 0.03125 0.05648148059844971
0 0.4247395694255829 0.7717592716217041 0.02864583395421505 0.0694444477558136
0 0.6830729246139526 0.302314817905426 0.0234375 0.05462963134050369
0 0.5059896111488342 0.904629647731781 0.0338541679084301 0.05370370298624039
0 0.5736979246139526 0.9041666388511658 0.0390625 0.05092592537403107
0 0.01406249962747097 0.5078703761100769 0.02708333358168602 0.08055555820465088
0 0.04114583507180214 0.3134259283542633 0.02395833283662796 0.06759259104728699
0 0.03072916716337204 0.24351851642131805 0.02916666679084301 0.0555555559694767
0 0.45364582538604736 0.7189815044403076 0.03437500074505806 0.07129629701375961
0 0.38489583134651184 0.8217592835426331 0.03541666641831398 0.06574074178934097
0 0.7281249761581421 0.42314815521240234 0.02812499925494194 0.08148147910833359
0 0.616406261920929 0.22546295821666718 0.0442708320915699 0.06388889253139496
0 0.6356770992279053 0.7564814686775208 0.02864583395421505 0.08518518507480621
3 0.6963541507720947 0.3245370388031006 0.04895833507180214 0.10462962836027145