1 0.3427083194255829 0.380092591047287 0.01666666753590107 0.02500000037252903
1 0.6742187738418579 0.5754629373550415 0.01927083358168602 0.026851851493120193
3 0.2770833373069763 0.5768518447875977 0.03333333507180214 0.08703703433275223
0 0.2770833373069763 0.572685182094574 0.03020833246409893 0.07314814627170563
1 0.5588541626930237 0.3481481373310089 0.01354166679084301 0.02777777798473835
1 0.4502604305744171 0.852314829826355 0.01614583283662796 0.03055555559694767
1 0.6596354246139526 0.6490740776062012 0.015104166232049465 0.025925925001502037
1 0.29635417461395264 0.668055534362793 0.014583333395421505 0.02500000037252903
1 0.4841145873069763 0.3583333194255829 0.01614583283662796 0.029629629105329514
1 0.6369791626930237 0.385185182094574 0.015625 0.02777777798473835
1 0.3773437440395355 0.6240741014480591 0.01614583283662796 0.02222222276031971
1 0.4476562440395355 0.35046297311782837 0.01614583283662796 0.028703704476356506
0 0.672656238079071 0.5958333611488342 0.02760416641831398 0.0694444477558136
1 0.2776041626930237 0.5995370149612427 0.01666666753590107 0.02500000037252903
1 0.5854166746139526 0.6115740537643433 0.015625 0.03055555559694767
0 0.29114583134651184 0.6481481194496155 0.03020833246409893 0.07407407462596893
0 0.6539062261581421 0.6708333492279053 0.03072916716337204 0.07129629701375961
0 0.4950520694255829 0.34351852536201477 0.04010416567325592 0.06111111119389534
0 0.4424479305744171 0.36759260296821594 0.03177083283662796 0.08148147910833359
0 0.37838542461395264 0.6416666507720947 0.02760416641831398 0.07777778059244156
0 0.5463541746139526 0.34675925970077515 0.04270833358168602 0.049074072390794754
0 0.3447916805744171 0.39953702688217163 0.03020833246409893 0.0824074074625969
0 0.4372395873069763 0.8430555462837219 0.04531250149011612 0.06203703582286835
0 0.5971354246139526 0.6152777671813965 0.04635416716337204 0.06574074178934097
0 0.38333332538604736 0.8291666507720947 0.03020833246409893 0.04537037014961243
0 0.6263020634651184 0.39722222089767456 0.04531250149011612 0.07407407462596893