1 0.10370370000600815 0.43435534834861755 0.035185184329748154 0.02908805012702942
3 0.21296297013759613 0.3938679099082947 0.07222222536802292 0.05817610025405884
4 0.31898146867752075 0.4583333432674408 0.07685185223817825 0.04559748247265816
3 0.3550925850868225 0.2724056541919708 0.0972222238779068 0.05267295613884926
3 0.2750000059604645 0.45400944352149963 0.15925925970077515 0.05424528196454048
0 0.35648149251937866 0.35731130838394165 0.06851851940155029 0.04638364911079407
1 0.21851852536201477 0.3250786066055298 0.025925925001502037 0.021226415410637856
0 0.2361111044883728 0.446540892124176 0.07962962985038757 0.039308175444602966
0 0.3333333432674408 0.26022014021873474 0.03888889029622078 0.025157231837511063
3 0.3541666567325592 0.29481130838394165 0.09351851791143417 0.05345911905169487
0 0.2231481522321701 0.32900944352149963 0.040740739554166794 0.03694968670606613
1 0.2916666567325592 0.4500786066055298 0.02777777798473835 0.021226415410637856
1 0.09212963283061981 0.46226415038108826 0.032407406717538834 0.02358490601181984
1 0.44398146867752075 0.22720125317573547 0.032407406717538834 0.025157231837511063
1 0.2101851850748062 0.44693395495414734 0.029629629105329514 0.02437106892466545
1 0.33796295523643494 0.2570754587650299 0.031481482088565826 0.020440252497792244
1 0.3768518567085266 0.35062894225120544 0.024074073880910873 0.01886792480945587
1 0.12314815074205399 0.3140723407268524 0.031481482088565826 0.02437106892466545
0 0.380092591047287 0.40605345368385315 0.06388889253139496 0.04638364911079407
0 0.3166666626930237 0.45479559898376465 0.07222222536802292 0.04009433835744858
1 0.6717592477798462 0.2928459048271179 0.03611111268401146 0.02908805012702942
1 0.4217592477798462 0.4378930926322937 0.032407406717538834 0.026729559525847435
1 0.17083333432674408 0.5247641801834106 0.03055555559694767 0.02279874123632908
3 0.33564814925193787 0.2841981053352356 0.049074072390794754 0.06682389974594116
1 0.4296296238899231 0.5860849022865295 0.03333333507180214 0.02908805012702942
1 0.23333333432674408 0.37893080711364746 0.029629629105329514 0.022012578323483467
1 0.520370364189148 0.6037735939025879 0.03333333507180214 0.026729559525847435
0 0.47685185074806213 0.2354559749364853 0.09074074029922485 0.049528300762176514
1 0.44212964177131653 0.3942610025405884 0.032407406717538834 0.025943396613001823
0 0.494907408952713 0.6077044010162354 0.08611111342906952 0.0487421378493309
0 0.21296297013759613 0.3954402506351471 0.07407407462596893 0.06132075563073158
0 0.6541666388511658 0.3128930926322937 0.07314814627170563 0.07075471431016922
0 0.44999998807907104 0.43985849618911743 0.08518518507480621 0.044811319559812546
0 0.16111111640930176 0.5027515888214111 0.051851850003004074 0.06525157392024994
0 0.4018518626689911 0.5770440101623535 0.08888889104127884 0.050314463675022125
0 0.4662036895751953 0.3808962404727936 0.07500000298023224 0.05424528196454048
0 0.09768518805503845 0.44968554377555847 0.05648148059844971 0.0628930851817131
0 0.13425925374031067 0.32468554377555847 0.07222222536802292 0.056603774428367615