1 0.6044270992279053 0.7912036776542664 0.01718750037252903 0.028703704476356506
0 0.5354166626930237 0.8532407283782959 0.04895833507180214 0.05462963134050369
1 0.3763020932674408 0.47685185074806213 0.01822916604578495 0.029629629105329514
1 0.6322916746139526 0.7240740656852722 0.01666666753590107 0.02777777798473835
0 0.49166667461395264 0.8736110925674438 0.03125 0.0416666679084301
0 0.5458333492279053 0.8189814686775208 0.03541666641831398 0.03055555559694767
1 0.5541666746139526 0.7425925731658936 0.01666666753590107 0.024074073880910873
0 0.5994791388511658 0.8018518686294556 0.03333333507180214 0.05000000074505806
1 0.41744792461395264 0.8597221970558167 0.01406249962747097 0.028703704476356506
1 0.38671875 0.2907407283782959 0.01718750037252903 0.029629629105329514
1 0.45260417461395264 0.7851851582527161 0.01354166679084301 0.02222222276031971
0 0.6273437738418579 0.7412037253379822 0.03489583358168602 0.06574074178934097
1 0.4481770694255829 0.2222222238779068 0.01927083358168602 0.02777777798473835
0 0.37708333134651184 0.49861112236976624 0.02916666679084301 0.08425925672054291
0 0.5536458492279053 0.7615740895271301 0.02291666716337204 0.07129629701375961
0 0.39765626192092896 0.3018518388271332 0.04010416567325592 0.06296296417713165
0 0.4453125 0.7967592477798462 0.03020833246409893 0.05277777835726738
0 0.4130208194255829 0.38055557012557983 0.03333333507180214 0.05925925821065903
0 0.4065104126930237 0.8504629731178284 0.03697916492819786 0.06018518656492233
0 0.44869792461395264 0.19953703880310059 0.02864583395421505 0.07500000298023224