0 0.5236979126930237 0.46759259700775146 0.03281249850988388 0.12037037312984467
1 0.33255207538604736 0.31898146867752075 0.01614583283662796 0.026851851493120193
1 0.6130208373069763 0.47175925970077515 0.015625 0.03055555559694767
1 0.48489582538604736 0.39444443583488464 0.014583333395421505 0.02777777798473835
1 0.4468750059604645 0.4263888895511627 0.015625 0.028703704476356506
1 0.31067708134651184 0.5703703761100769 0.01822916604578495 0.02777777798473835
1 0.43541666865348816 0.6828703880310059 0.01666666753590107 0.026851851493120193
1 0.4283854067325592 0.36666667461395264 0.01927083358168602 0.029629629105329514
0 0.5309895873069763 0.4375 0.02552083320915699 0.07314814627170563
1 0.6614583134651184 0.31805557012557983 0.01666666753590107 0.03055555559694767
1 0.5335937738418579 0.4148148000240326 0.01822916604578495 0.02777777798473835
1 0.3736979067325592 0.3717592656612396 0.02031249925494194 0.028703704476356506
1 0.4442708194255829 0.19490741193294525 0.015625 0.032407406717538834
0 0.5182291865348816 0.49953705072402954 0.03020833246409893 0.06759259104728699
0 0.4749999940395355 0.40509259700775146 0.03958333283662796 0.05092592537403107
0 0.3125 0.592129647731781 0.02812499925494194 0.07870370149612427
0 0.6273437738418579 0.47777777910232544 0.05156249925494194 0.07407407462596893
0 0.4346354305744171 0.4472222328186035 0.03802083432674408 0.06481481343507767
0 0.6460937261581421 0.3236111104488373 0.0442708320915699 0.06388889253139496
0 0.4322916567325592 0.34259259700775146 0.03229166567325592 0.07962962985038757
0 0.3723958432674408 0.34490740299224854 0.03020833246409893 0.09166666865348816
0 0.32421875 0.3333333432674408 0.0338541679084301 0.07407407462596893
0 0.43958333134651184 0.7032407522201538 0.03229166567325592 0.09166666865348816
0 0.4609375 0.19675925374031067 0.05104166641831398 0.06574074178934097