1 0.6039062738418579 0.40138888359069824 0.02135416679084301 0.032407406717538834
0 0.5601562261581421 0.8462963104248047 0.02447916753590107 0.031481482088565826
1 0.7164062261581421 0.7162036895751953 0.01927083358168602 0.032407406717538834
1 0.52734375 0.8518518805503845 0.01718750037252903 0.029629629105329514
1 0.4286458194255829 0.4555555582046509 0.01770833320915699 0.02777777798473835
1 0.015625 0.5273148417472839 0.01770833320915699 0.028703704476356506
0 0.5874999761581421 0.48842594027519226 0.04270833358168602 0.07314814627170563
1 0.04531250149011612 0.3847222328186035 0.015625 0.02500000037252903
1 0.5786458253860474 0.19027778506278992 0.02083333395421505 0.032407406717538834
1 0.6338541507720947 0.7314814925193787 0.01979166641831398 0.029629629105329514
1 0.3908854126930237 0.6180555820465088 0.015104166232049465 0.034259259700775146
1 0.03463541716337204 0.26157405972480774 0.013020833022892475 0.026851851493120193
3 0.5924479365348816 0.45509257912635803 0.05260416492819786 0.1379629671573639
0 0.014843749813735485 0.1884259283542633 0.02968749962747097 0.049074072390794754
0 0.5182291865348816 0.8671296238899231 0.03437500074505806 0.05833333358168602
0 0.5770833492279053 0.8425925970077515 0.03229166567325592 0.03703703731298447
0 0.60546875 0.41620370745658875 0.03072916716337204 0.06574074178934097
0 0.014583333395421505 0.5092592835426331 0.02812499925494194 0.07777778059244156
0 0.7111979126930237 0.7287036776542664 0.0338541679084301 0.07222222536802292
0 0.02421874925494194 0.2541666626930237 0.0390625 0.06203703582286835
0 0.4325520694255829 0.47453704476356506 0.03072916716337204 0.0972222238779068
0 0.04661458358168602 0.37361112236976624 0.03177083283662796 0.07129629701375961
0 0.02630208246409893 0.44212964177131653 0.04322916641831398 0.07129629701375961
0 0.574999988079071 0.2013888955116272 0.03437500074505806 0.06388889253139496
0 0.6348958611488342 0.7569444179534912 0.02916666679084301 0.08611111342906952
0 0.37890625 0.6273148059844971 0.05156249925494194 0.0824074074625969