0 0.624218761920929 0.6666666865348816 0.04218750074505806 0.06481481343507767
1 0.4544270932674408 0.15833333134651184 0.02135416679084301 0.03703703731298447
1 0.6328125 0.6425926089286804 0.015625 0.02777777798473835
1 0.5994791388511658 0.6273148059844971 0.01770833320915699 0.032407406717538834
3 0.6260416507720947 0.6666666865348816 0.046875 0.06111111119389534
1 0.6263020634651184 0.23657406866550446 0.01614583283662796 0.026851851493120193
0 0.6619791388511658 0.6314814686775208 0.03333333507180214 0.05925925821065903
1 0.6109374761581421 0.6796296238899231 0.01666666753590107 0.029629629105329514
3 0.45781248807907104 0.15925925970077515 0.06666667014360428 0.0555555559694767
0 0.4593749940395355 0.15555556118488312 0.06666667014360428 0.0555555559694767
1 0.3122395873069763 0.4296296238899231 0.01822916604578495 0.02777777798473835
1 0.5583333373069763 0.5305555462837219 0.015625 0.029629629105329514
1 0.41458332538604736 0.1875 0.01666666753590107 0.03055555559694767
1 0.484375 0.1476851850748062 0.01666666753590107 0.03055555559694767
1 0.5859375 0.27546295523643494 0.01770833320915699 0.028703704476356506
1 0.6481770873069763 0.29027777910232544 0.01927083358168602 0.026851851493120193
0 0.6213541626930237 0.2541666626930237 0.02500000037252903 0.06759259104728699
0 0.4437499940395355 0.16388888657093048 0.03541666641831398 0.03888889029622078
0 0.5841146111488342 0.6300926208496094 0.04218750074505806 0.05092592537403107
0 0.4755208194255829 0.15046297013759613 0.03333333507180214 0.0416666679084301
0 0.40572917461395264 0.19907407462596893 0.03333333507180214 0.051851850003004074
3 0.6447916626930237 0.6462963223457336 0.06979166716337204 0.09259258955717087
0 0.592968761920929 0.2620370388031006 0.03489583358168602 0.06111111119389534
0 0.3148437440395355 0.40833333134651184 0.02968749962747097 0.07407407462596893
3 0.3882812559604645 0.21990740299224854 0.06718750298023224 0.09166666865348816
0 0.3739583194255829 0.24074074625968933 0.0364583320915699 0.05925925821065903
0 0.5697916746139526 0.5222222208976746 0.046875 0.07037036865949631
0 0.6513020992279053 0.2657407522201538 0.02760416641831398 0.07777778059244156