1 0.49817708134651184 0.8898147940635681 0.02447916753590107 0.03703703731298447
1 0.34973958134651184 0.7148148417472839 0.01822916604578495 0.031481482088565826
0 0.04192708432674408 0.34166666865348816 0.02864583395421505 0.11481481790542603
1 0.6520833373069763 0.25925925374031067 0.01979166641831398 0.029629629105329514
1 0.04505208507180214 0.2958333194255829 0.015104166232049465 0.02500000037252903
1 0.7320312261581421 0.5754629373550415 0.01927083358168602 0.026851851493120193
1 0.5869791507720947 0.5666666626930237 0.01875000074505806 0.03333333507180214
1 0.01536458358168602 0.5263888835906982 0.01822916604578495 0.028703704476356506
1 0.04583333432674408 0.3837963044643402 0.01875000074505806 0.028703704476356506
0 0.014583333395421505 0.1893518567085266 0.02812499925494194 0.03611111268401146
1 0.3739583194255829 0.7861111164093018 0.015625 0.024074073880910873
0 0.4971354305744171 0.894444465637207 0.02968749962747097 0.06111111119389534
0 0.04531250149011612 0.37268519401550293 0.02604166604578495 0.07685185223817825
1 0.6666666865348816 0.5666666626930237 0.01666666753590107 0.03333333507180214
1 0.03541666641831398 0.22962963581085205 0.012500000186264515 0.02222222276031971
0 0.6484375 0.2638888955116272 0.02812499925494194 0.051851850003004074
1 0.4690104126930237 0.7217592597007751 0.01718750037252903 0.032407406717538834
0 0.3486979305744171 0.7263888716697693 0.03072916716337204 0.07500000298023224
0 0.6731770634651184 0.7986111044883728 0.0390625 0.08981481194496155
0 0.01406249962747097 0.5078703761100769 0.02708333358168602 0.08055555820465088
0 0.5755208134651184 0.5787037014961243 0.04791666567325592 0.07222222536802292
0 0.37968748807907104 0.8050925731658936 0.03541666641831398 0.08055555820465088
0 0.0416666679084301 0.31296294927597046 0.02395833283662796 0.06851851940155029
0 0.03098958358168602 0.2430555522441864 0.02864583395421505 0.05462963134050369
0 0.7348958253860474 0.5527777671813965 0.02812499925494194 0.08703703433275223
3 0.6304687261581421 0.29722222685813904 0.06093750149011612 0.10925926268100739
0 0.4583333432674408 0.7314814925193787 0.0520833320915699 0.07592592388391495
0 0.6794270873069763 0.5736111402511597 0.04843749850988388 0.0694444477558136