3 0.3421874940395355 0.24768517911434174 0.03125 0.06574074178934097
0 0.30677083134651184 0.34166666865348816 0.02604166604578495 0.04444444552063942
0 0.5921875238418579 0.8476851582527161 0.02395833283662796 0.05462963134050369
1 0.3375000059604645 0.2689814865589142 0.01666666753590107 0.023148147389292717
0 0.31640625 0.3203703761100769 0.04739583283662796 0.08888889104127884
1 0.5848958492279053 0.8282407522201538 0.01666666753590107 0.028703704476356506
1 0.539843738079071 0.9018518328666687 0.01614583283662796 0.029629629105329514
1 0.4476562440395355 0.4268518388271332 0.01927083358168602 0.029629629105329514
1 0.3734374940395355 0.3662036955356598 0.01666666753590107 0.02500000037252903
1 0.49401041865348816 0.7583333253860474 0.01718750037252903 0.03333333507180214
1 0.6911458373069763 0.6143518686294556 0.01770833320915699 0.026851851493120193
1 0.38984376192092896 0.43796294927597046 0.01718750037252903 0.02777777798473835
1 0.500781238079071 0.14027777314186096 0.01614583283662796 0.032407406717538834
0 0.3981770873069763 0.41296297311782837 0.03697916492819786 0.07592592388391495
0 0.4156250059604645 0.8560185432434082 0.03958333283662796 0.06018518656492233
1 0.42135417461395264 0.24629630148410797 0.01770833320915699 0.029629629105329514
1 0.40182292461395264 0.8449074029922485 0.01718750037252903 0.03055555559694767
3 0.3177083432674408 0.317592591047287 0.05312500149011612 0.0962962955236435
1 0.32421875 0.4444444477558136 0.01822916604578495 0.02777777798473835
0 0.3440104126930237 0.24675926566123962 0.02864583395421505 0.06574074178934097
1 0.5979166626930237 0.2171296328306198 0.01979166641831398 0.03611111268401146
0 0.3723958432674408 0.3421296179294586 0.02812499925494194 0.08425925672054291
0 0.3309895694255829 0.42129629850387573 0.03489583358168602 0.07962962985038757
0 0.5838541388511658 0.2291666716337204 0.04479166492819786 0.07129629701375961
0 0.41223958134651184 0.26249998807907104 0.03593749925494194 0.07129629701375961
0 0.4778645932674408 0.7643518447875977 0.05156249925494194 0.06018518656492233
0 0.45130208134651184 0.39814814925193787 0.03177083283662796 0.0962962955236435
0 0.6888020634651184 0.6421296000480652 0.0338541679084301 0.08611111342906952
0 0.48828125 0.13703703880310059 0.0442708320915699 0.06666667014360428