3 0.590624988079071 0.1745370328426361 0.02916666679084301 0.0694444477558136
0 0.3528645932674408 0.2717592716217041 0.0494791679084301 0.10092592239379883
1 0.590624988079071 0.19861111044883728 0.01770833320915699 0.023148147389292717
1 0.4296875 0.18009258806705475 0.014583333395421505 0.02500000037252903
1 0.3682291805744171 0.24166665971279144 0.01770833320915699 0.03333333507180214
3 0.5958333611488342 0.24120371043682098 0.03854166716337204 0.08796296268701553
3 0.42760416865348816 0.16944444179534912 0.05833333358168602 0.05740740895271301
1 0.3109374940395355 0.40648147463798523 0.01666666753590107 0.024074073880910873
0 0.4270833432674408 0.1736111044883728 0.05833333358168602 0.05648148059844971
1 0.5903645753860474 0.21851852536201477 0.01718750037252903 0.024074073880910873
1 0.44713541865348816 0.8129629492759705 0.01718750037252903 0.029629629105329514
1 0.47994792461395264 0.8055555820465088 0.01822916604578495 0.031481482088565826
1 0.5049479007720947 0.14814814925193787 0.01614583283662796 0.02777777798473835
0 0.48098957538604736 0.1467592567205429 0.02968749962747097 0.037962961941957474
1 0.4781250059604645 0.14953704178333282 0.01770833320915699 0.03055555559694767
3 0.3518229126930237 0.27407407760620117 0.0494791679084301 0.10370370000600815
0 0.596875011920929 0.24166665971279144 0.03437500074505806 0.08148147910833359
1 0.5598958134651184 0.3513889014720917 0.01770833320915699 0.032407406717538834
0 0.5901041626930237 0.17222222685813904 0.02708333358168602 0.06481481343507767
0 0.4528645873069763 0.8287037014961243 0.02968749962747097 0.04814814776182175
0 0.4166666567325592 0.1796296238899231 0.03437500074505806 0.040740739554166794
0 0.49296873807907104 0.8134258985519409 0.0390625 0.049074072390794754
0 0.5182291865348816 0.14305555820465088 0.04062499850988388 0.034259259700775146
0 0.3427083194255829 0.2958333194255829 0.03333333507180214 0.06574074178934097
0 0.36640626192092896 0.24768517911434174 0.0234375 0.05462963134050369
0 0.44348958134651184 0.1606481522321701 0.02760416641831398 0.05092592537403107
0 0.31328123807907104 0.3847222328186035 0.03177083283662796 0.07129629701375961
0 0.5651041865348816 0.3708333373069763 0.03437500074505806 0.0824074074625969