1 0.6994791626930237 0.49074074625968933 0.015625 0.02222222276031971
3 0.6070312261581421 0.2222222238779068 0.05052083358168602 0.07592592388391495
1 0.32994791865348816 0.6287037134170532 0.01718750037252903 0.02777777798473835
3 0.33385416865348816 0.6657407283782959 0.03750000149011612 0.11481481790542603
1 0.5171874761581421 0.6851851940155029 0.01666666753590107 0.02777777798473835
1 0.6148437261581421 0.2490740716457367 0.013020833022892475 0.024074073880910873
1 0.621874988079071 0.21759259700775146 0.01354166679084301 0.02222222276031971
0 0.6158854365348816 0.20462962985038757 0.02864583395421505 0.046296294778585434
1 0.69921875 0.42407408356666565 0.01718750037252903 0.025925925001502037
1 0.4869791567325592 0.4009259343147278 0.015625 0.029629629105329514
1 0.5015624761581421 0.4546296298503876 0.01770833320915699 0.025925925001502037
1 0.44921875 0.5874999761581421 0.015104166232049465 0.028703704476356506
1 0.6343749761581421 0.3550925850868225 0.01666666753590107 0.026851851493120193
0 0.7015625238418579 0.510185182094574 0.02500000037252903 0.07037036865949631
0 0.7028645873069763 0.44305557012557983 0.02760416641831398 0.06574074178934097
0 0.33541667461395264 0.6379629373550415 0.03333333507180214 0.05925925821065903
0 0.33411458134651184 0.6888889074325562 0.03072916716337204 0.05925925821065903
0 0.600781261920929 0.23981481790542603 0.0390625 0.04444444552063942
0 0.4765625 0.41805556416511536 0.03437500074505806 0.07129629701375961
0 0.629687488079071 0.32870370149612427 0.02916666679084301 0.08703703433275223
0 0.5033854246139526 0.48148149251937866 0.02864583395421505 0.08518518507480621
0 0.6614583134651184 0.2736110985279083 0.03020833246409893 0.05092592537403107
0 0.4398437440395355 0.6050925850868225 0.04218750074505806 0.07500000298023224
0 0.512499988079071 0.7097222208976746 0.0364583320915699 0.08425925672054291