1 0.542187511920929 0.8356481194496155 0.012500000186264515 0.02500000037252903
1 0.557812511920929 0.5351851582527161 0.014583333395421505 0.02777777798473835
1 0.57421875 0.3870370388031006 0.01822916604578495 0.031481482088565826
1 0.4713541567325592 0.875 0.015625 0.03333333507180214
1 0.6299479007720947 0.20277777314186096 0.01718750037252903 0.029629629105329514
3 0.5372396111488342 0.8412036895751953 0.07135416567325592 0.07685185223817825
1 0.6656249761581421 0.25833332538604736 0.014583333395421505 0.02777777798473835
1 0.5119791626930237 0.864814817905426 0.01666666753590107 0.02777777798473835
0 0.5200520753860474 0.8518518805503845 0.02968749962747097 0.0555555559694767
1 0.565625011920929 0.6629629731178284 0.01666666753590107 0.031481482088565826
1 0.5244791507720947 0.1509259194135666 0.01875000074505806 0.029629629105329514
1 0.592968761920929 0.6611111164093018 0.01927083358168602 0.025925925001502037
1 0.5770833492279053 0.16249999403953552 0.01666666753590107 0.028703704476356506
1 0.47473958134651184 0.15046297013759613 0.01718750037252903 0.03055555559694767
0 0.555468738079071 0.8263888955116272 0.03489583358168602 0.0416666679084301
0 0.5395833253860474 0.15601852536201477 0.04479166492819786 0.05833333358168602
0 0.5536458492279053 0.6800925731658936 0.0416666679084301 0.06759259104728699
0 0.5963541865348816 0.6384259462356567 0.03020833246409893 0.08981481194496155
0 0.5924479365348816 0.16944444179534912 0.04010416567325592 0.046296294778585434
0 0.6403645873069763 0.21851852536201477 0.03489583358168602 0.06296296417713165
0 0.561718761920929 0.39537036418914795 0.04739583283662796 0.07222222536802292
0 0.4854166805744171 0.14259259402751923 0.046875 0.051851850003004074
0 0.6768229007720947 0.2726851999759674 0.03593749925494194 0.06388889253139496
0 0.48046875 0.8763889074325562 0.03177083283662796 0.043518517166376114
0 0.5697916746139526 0.5240740776062012 0.04583333432674408 0.07592592388391495