1 0.5653645992279053 0.8620370626449585 0.01927083358168602 0.031481482088565826
0 0.5645833611488342 0.8574073910713196 0.01770833320915699 0.03888889029622078
1 0.6372395753860474 0.2828703820705414 0.013020833022892475 0.021296296268701553
1 0.6778646111488342 0.43287035822868347 0.01822916604578495 0.026851851493120193
1 0.4971354305744171 0.8439815044403076 0.01927083358168602 0.028703704476356506
1 0.6588541865348816 0.39259257912635803 0.01145833358168602 0.024074073880910873
1 0.44609373807907104 0.34583333134651184 0.01718750037252903 0.028703704476356506
1 0.390625 0.835185170173645 0.015625 0.031481482088565826
1 0.3713541626930237 0.5555555820465088 0.014583333395421505 0.031481482088565826
1 0.3604166805744171 0.6152777671813965 0.014583333395421505 0.026851851493120193
0 0.6809895634651184 0.4564814865589142 0.0234375 0.06666667014360428
1 0.30416667461395264 0.46203702688217163 0.014583333395421505 0.02222222276031971
1 0.36119791865348816 0.38333332538604736 0.01406249962747097 0.02777777798473835
1 0.4518229067325592 0.8736110925674438 0.01614583283662796 0.03055555559694767
1 0.41328126192092896 0.18379630148410797 0.01718750037252903 0.03055555559694767
0 0.6669270992279053 0.39444443583488464 0.03072916716337204 0.0555555559694767
0 0.4385416805744171 0.8564814925193787 0.05000000074505806 0.06851851940155029
0 0.49401041865348816 0.8263888955116272 0.02864583395421505 0.07129629701375961
0 0.4398437440395355 0.3620370328426361 0.03177083283662796 0.07962962985038757
0 0.3778645694255829 0.8287037014961243 0.0390625 0.051851850003004074
0 0.3479166626930237 0.6282407641410828 0.04270833358168602 0.06203703582286835
0 0.3023437559604645 0.4763889014720917 0.02968749962747097 0.06759259104728699
0 0.35078126192092896 0.39351850748062134 0.04114583507180214 0.06296296417713165
0 0.6283854246139526 0.26944443583488464 0.03697916492819786 0.06296296417713165
0 0.4260416626930237 0.1745370328426361 0.04374999925494194 0.06203703582286835
0 0.38489583134651184 0.5550925731658936 0.04791666567325592 0.06574074178934097