3 0.5513020753860474 0.45185184478759766 0.06718750298023224 0.07037036865949631
0 0.5330728888511658 0.4694444537162781 0.0390625 0.04814814776182175
0 0.5442708134651184 0.36250001192092896 0.0364583320915699 0.05092592537403107
0 0.5411458611488342 0.4148148000240326 0.0364583320915699 0.046296294778585434
1 0.526562511920929 0.8671296238899231 0.014583333395421505 0.023148147389292717
1 0.5239583253860474 0.46898147463798523 0.01770833320915699 0.03055555559694767
1 0.4182291626930237 0.7986111044883728 0.01666666753590107 0.028703704476356506
1 0.44348958134651184 0.8337963223457336 0.01406249962747097 0.028703704476356506
1 0.5010416507720947 0.5148147940635681 0.01979166641831398 0.02777777798473835
1 0.38723957538604736 0.24027778208255768 0.015104166232049465 0.03055555559694767
1 0.7216145992279053 0.5671296119689941 0.01718750037252903 0.02500000037252903
3 0.5442708134651184 0.38240739703178406 0.04583333432674408 0.10925926268100739
0 0.5466145873069763 0.8236111402511597 0.04635416716337204 0.05648148059844971
1 0.4164062440395355 0.5740740895271301 0.02031249925494194 0.02777777798473835
0 0.5661458373069763 0.45509257912635803 0.03958333283662796 0.0416666679084301
0 0.5013020634651184 0.489814817905426 0.0234375 0.07592592388391495
3 0.53125 0.34166666865348816 0.05416666716337204 0.10370370000600815
0 0.42135417461395264 0.8194444179534912 0.02291666716337204 0.06851851940155029
0 0.5184895992279053 0.31805557012557983 0.02968749962747097 0.05833333358168602
0 0.7231770753860474 0.5495370626449585 0.02864583395421505 0.08425925672054291
0 0.655468761920929 0.20972222089767456 0.0338541679084301 0.06203703582286835
0 0.4127604067325592 0.6013888716697693 0.03489583358168602 0.08425925672054291
0 0.45260417461395264 0.852314829826355 0.03333333507180214 0.06574074178934097
0 0.3752604126930237 0.24537037312984467 0.04218750074505806 0.07222222536802292