1 0.41614583134651184 0.520370364189148 0.01666666753590107 0.02222222276031971
1 0.3760416805744171 0.6851851940155029 0.01354166679084301 0.025925925001502037
1 0.3671875 0.6495370268821716 0.014583333395421505 0.02500000037252903
1 0.3020833432674408 0.3499999940395355 0.014583333395421505 0.024074073880910873
1 0.44609373807907104 0.18703703582286835 0.015104166232049465 0.025925925001502037
1 0.3830729126930237 0.7250000238418579 0.01718750037252903 0.025925925001502037
1 0.4479166567325592 0.30092594027519226 0.014583333395421505 0.020370369777083397
1 0.3552083373069763 0.3731481432914734 0.01354166679084301 0.025925925001502037
1 0.4294270873069763 0.5782407522201538 0.01718750037252903 0.02500000037252903
1 0.3877604305744171 0.7541666626930237 0.013020833022892475 0.026851851493120193
1 0.4273437559604645 0.6745370626449585 0.015104166232049465 0.023148147389292717
0 0.4533854126930237 0.28333333134651184 0.02760416641831398 0.06481481343507767
0 0.3786458373069763 0.6990740895271301 0.02395833283662796 0.06666667014360428
0 0.4299479126930237 0.5592592358589172 0.02656250074505806 0.07407407462596893
0 0.4546875059604645 0.17499999701976776 0.03437500074505806 0.06481481343507767
0 0.5520833134651184 0.7745370268821716 0.02604166604578495 0.07500000298023224
0 0.3583333194255829 0.657870352268219 0.03958333283662796 0.06388889253139496
0 0.4111979305744171 0.4958333373069763 0.02760416641831398 0.0694444477558136
0 0.43567708134651184 0.2351851910352707 0.02864583395421505 0.05000000074505806
3 0.44479167461395264 0.2629629671573639 0.04374999925494194 0.10000000149011612
0 0.42786458134651184 0.6523148417472839 0.03177083283662796 0.08425925672054291
0 0.3473958373069763 0.37962964177131653 0.0364583320915699 0.05925925821065903
0 0.40026041865348816 0.7504629492759705 0.04010416567325592 0.05092592537403107
0 0.3096354305744171 0.33796295523643494 0.03593749925494194 0.0555555559694767