1 0.4713541567325592 0.15231481194496155 0.015625 0.026851851493120193
1 0.45104166865348816 0.8277778029441833 0.01875000074505806 0.03333333507180214
0 0.36927083134651184 0.23148147761821747 0.0364583320915699 0.05370370298624039
1 0.5424479246139526 0.26620370149612427 0.015104166232049465 0.032407406717538834
0 0.45364582538604736 0.831944465637207 0.02708333358168602 0.04722222313284874
1 0.4541666805744171 0.1666666716337204 0.01770833320915699 0.031481482088565826
0 0.4778645932674408 0.8041666746139526 0.04322916641831398 0.049074072390794754
1 0.5679687261581421 0.16990740597248077 0.01718750037252903 0.032407406717538834
1 0.4625000059604645 0.8041666746139526 0.02083333395421505 0.03055555559694767
1 0.5049479007720947 0.1476851850748062 0.015104166232049465 0.03055555559694767
1 0.3596354126930237 0.2736110985279083 0.01406249962747097 0.028703704476356506
0 0.38723957538604736 0.2231481522321701 0.03072916716337204 0.06111111119389534
3 0.3776041567325592 0.23101851344108582 0.05312500149011612 0.07129629701375961
1 0.5598958134651184 0.3499999940395355 0.01875000074505806 0.02777777798473835
1 0.30390626192092896 0.4828703701496124 0.01822916604578495 0.02500000037252903
0 0.5184895992279053 0.1458333283662796 0.0390625 0.037962961941957474
0 0.4398437440395355 0.16203702986240387 0.04322916641831398 0.04814814776182175
0 0.4794270694255829 0.14629629254341125 0.0338541679084301 0.040740739554166794
0 0.5802083611488342 0.16203702986240387 0.0416666679084301 0.0555555559694767
0 0.34453123807907104 0.29305556416511536 0.04010416567325592 0.06759259104728699
0 0.3036458194255829 0.4574074149131775 0.02916666679084301 0.08148147910833359
0 0.5570312738418579 0.2597222328186035 0.05364583432674408 0.06574074178934097
0 0.5645833611488342 0.3759259283542633 0.03541666641831398 0.09814814478158951