3 0.43802082538604736 0.7402777671813965 0.0572916679084301 0.0416666679084301
0 0.4661458432674408 0.7467592358589172 0.03333333507180214 0.037962961941957474
1 0.47083333134651184 0.7134259343147278 0.010416666977107525 0.017592592164874077
1 0.39661458134651184 0.7430555820465088 0.013020833022892475 0.023148147389292717
0 0.46145832538604736 0.7083333134651184 0.03020833246409893 0.031481482088565826
0 0.42578125 0.3314814865589142 0.02135416679084301 0.03703703731298447
1 0.4596354067325592 0.6013888716697693 0.01197916641831398 0.01944444514811039
1 0.4947916567325592 0.4990740716457367 0.01354166679084301 0.020370369777083397
1 0.5697916746139526 0.6157407164573669 0.012500000186264515 0.020370369777083397
0 0.40312498807907104 0.7351852059364319 0.02708333358168602 0.040740739554166794
1 0.610156238079071 0.6342592835426331 0.01406249962747097 0.024074073880910873
1 0.6096354126930237 0.7351852059364319 0.013020833022892475 0.020370369777083397
0 0.5752604007720947 0.6240741014480591 0.02552083320915699 0.040740739554166794
0 0.6184895634651184 0.6268518567085266 0.02552083320915699 0.05000000074505806
0 0.4299479126930237 0.7412037253379822 0.02864583395421505 0.03611111268401146
0 0.5567708611488342 0.7875000238418579 0.03125 0.032407406717538834
0 0.5971354246139526 0.5958333611488342 0.02135416679084301 0.049074072390794754
0 0.6049479246139526 0.75 0.02552083320915699 0.051851850003004074
0 0.4557291567325592 0.6152777671813965 0.02708333358168602 0.05462963134050369
0 0.48645833134651184 0.5115740895271301 0.03125 0.05092592537403107