0 0.47708332538604736 0.8847222328186035 0.02708333358168602 0.049074072390794754
3 0.44739583134651184 0.8171296119689941 0.04479166492819786 0.11759259551763535
1 0.6408854126930237 0.2537037134170532 0.01718750037252903 0.02777777798473835
3 0.5971354246139526 0.3064814805984497 0.06093750149011612 0.09074074029922485
0 0.6039062738418579 0.28148147463798523 0.04010416567325592 0.04444444552063942
0 0.6333333253860474 0.27453702688217163 0.02916666679084301 0.0694444477558136
3 0.6333333253860474 0.2736110985279083 0.03229166567325592 0.07314814627170563
1 0.5591145753860474 0.3777777850627899 0.01718750037252903 0.02777777798473835
1 0.30807292461395264 0.35277777910232544 0.01718750037252903 0.020370369777083397
1 0.3348958194255829 0.7337962985038757 0.012500000186264515 0.02500000037252903
1 0.43151041865348816 0.862500011920929 0.01718750037252903 0.028703704476356506
1 0.6505208611488342 0.48148149251937866 0.015625 0.031481482088565826
1 0.4885416626930237 0.7768518328666687 0.015625 0.031481482088565826
0 0.45364582538604736 0.8060185313224792 0.03541666641831398 0.08611111342906952
0 0.4403645694255829 0.8731481432914734 0.03802083432674408 0.07407407462596893
1 0.6536458134651184 0.5384259223937988 0.01770833320915699 0.023148147389292717
1 0.6989583373069763 0.38148146867752075 0.01770833320915699 0.02777777798473835
0 0.581250011920929 0.3324074149131775 0.03125 0.06111111119389534
0 0.3101562559604645 0.33287036418914795 0.02760416641831398 0.06759259104728699
0 0.7049478888511658 0.3967592716217041 0.0338541679084301 0.07500000298023224
0 0.5526041388511658 0.39814814925193787 0.03333333507180214 0.06666667014360428
0 0.6528645753860474 0.5638889074325562 0.03281249850988388 0.0833333358168602
0 0.32630208134651184 0.7263888716697693 0.0338541679084301 0.06574074178934097
0 0.5052083134651184 0.7749999761581421 0.0520833320915699 0.05740740895271301
0 0.6617187261581421 0.4930555522441864 0.04218750074505806 0.06574074178934097