1 0.6070312261581421 0.7782407402992249 0.01927083358168602 0.02500000037252903
1 0.5614583492279053 0.19583334028720856 0.01666666753590107 0.02500000037252903
0 0.6429687738418579 0.6481481194496155 0.03802083432674408 0.09814814478158951
1 0.3213541805744171 0.7087963223457336 0.01770833320915699 0.02500000037252903
0 0.6536458134651184 0.6777777671813965 0.02291666716337204 0.06111111119389534
1 0.6455729007720947 0.31805557012557983 0.01822916604578495 0.02500000037252903
3 0.5411458611488342 0.17638888955116272 0.06041666492819786 0.0694444477558136
1 0.6520833373069763 0.6930555701255798 0.01770833320915699 0.026851851493120193
1 0.5861979126930237 0.5361111164093018 0.01614583283662796 0.031481482088565826
1 0.38880208134651184 0.3097222149372101 0.01718750037252903 0.034259259700775146
1 0.5872395634651184 0.32407405972480774 0.01718750037252903 0.031481482088565826
1 0.4281249940395355 0.3828703761100769 0.01666666753590107 0.032407406717538834
0 0.6010416746139526 0.7981481552124023 0.03020833246409893 0.06666667014360428
1 0.6393229365348816 0.4009259343147278 0.01822916604578495 0.02777777798473835
3 0.6434895992279053 0.6541666388511658 0.04218750074505806 0.1101851835846901
0 0.5283854007720947 0.17175926268100739 0.03593749925494194 0.05462963134050369
0 0.5596354007720947 0.1865740716457367 0.0234375 0.05092592537403107
0 0.41458332538604736 0.3916666805744171 0.04583333432674408 0.05740740895271301
0 0.6401041746139526 0.29398149251937866 0.03229166567325592 0.07685185223817825
0 0.5736979246139526 0.5467592477798462 0.04531250149011612 0.06388889253139496
0 0.3747395873069763 0.3143518567085266 0.04635416716337204 0.06388889253139496
0 0.32864582538604736 0.7324073910713196 0.03541666641831398 0.07592592388391495
0 0.6481770873069763 0.41898149251937866 0.04114583507180214 0.08055555820465088
0 0.6005208492279053 0.3375000059604645 0.04479166492819786 0.06203703582286835