3 0.6552083492279053 0.3689814805984497 0.05104166641831398 0.07685185223817825
1 0.6416666507720947 0.7175925970077515 0.01770833320915699 0.025925925001502037
1 0.604687511920929 0.7555555701255798 0.01770833320915699 0.025925925001502037
1 0.6442708373069763 0.3662036955356598 0.01875000074505806 0.028703704476356506
1 0.40833333134651184 0.18379630148410797 0.01666666753590107 0.028703704476356506
1 0.5992187261581421 0.5703703761100769 0.01614583283662796 0.031481482088565826
1 0.553906261920929 0.675000011920929 0.01822916604578495 0.02777777798473835
1 0.6486979126930237 0.5023148059844971 0.02031249925494194 0.02500000037252903
0 0.6450520753860474 0.7263888716697693 0.02552083320915699 0.05462963134050369
1 0.34296876192092896 0.5412036776542664 0.01927083358168602 0.026851851493120193
1 0.3044270873069763 0.5018518567085266 0.01718750037252903 0.024074073880910873
0 0.6091145873069763 0.7777777910232544 0.02760416641831398 0.06666667014360428
0 0.6440104246139526 0.30601853132247925 0.02968749962747097 0.06759259104728699
0 0.40833333134651184 0.8083333373069763 0.0416666679084301 0.07222222536802292
0 0.4026041626930237 0.1935185194015503 0.02916666679084301 0.05370370298624039
0 0.66015625 0.37268519401550293 0.04218750074505806 0.06574074178934097
0 0.64453125 0.47592592239379883 0.03072916716337204 0.0833333358168602
0 0.3453125059604645 0.5064814686775208 0.03125 0.10370370000600815
0 0.5570312738418579 0.6537036895751953 0.03072916716337204 0.0833333358168602
0 0.30807292461395264 0.47175925970077515 0.02656250074505806 0.08796296268701553
0 0.5606771111488342 0.8134258985519409 0.02447916753590107 0.06759259104728699
0 0.6117187738418579 0.5842592716217041 0.04322916641831398 0.06481481343507767