1 0.3257812559604645 0.34259259700775146 0.01614583283662796 0.024074073880910873
1 0.36015623807907104 0.24351851642131805 0.01406249962747097 0.024074073880910873
1 0.3083333373069763 0.49166667461395264 0.015625 0.025925925001502037
1 0.37187498807907104 0.2837963104248047 0.01666666753590107 0.032407406717538834
1 0.6664062738418579 0.6958333253860474 0.01614583283662796 0.028703704476356506
1 0.5708333253860474 0.3717592656612396 0.01770833320915699 0.032407406717538834
1 0.6973958611488342 0.4078703820705414 0.01666666753590107 0.02500000037252903
1 0.6838541626930237 0.33657407760620117 0.01770833320915699 0.02500000037252903
0 0.3125 0.39120370149612427 0.02812499925494194 0.0694444477558136
1 0.3096354305744171 0.4148148000240326 0.01718750037252903 0.024074073880910873
1 0.49531251192092896 0.8180555701255798 0.01770833320915699 0.03055555559694767
1 0.36250001192092896 0.5171296000480652 0.01666666753590107 0.028703704476356506
0 0.6747395992279053 0.6796296238899231 0.03281249850988388 0.07777778059244156
0 0.328125 0.3185185194015503 0.02916666679084301 0.07407407462596893
1 0.5682291388511658 0.16388888657093048 0.01770833320915699 0.031481482088565826
0 0.3057291805744171 0.4731481373310089 0.03125 0.07407407462596893
0 0.696093738079071 0.38425925374031067 0.03281249850988388 0.08518518507480621
0 0.36536458134651184 0.22685185074806213 0.02760416641831398 0.06296296417713165
0 0.38749998807907104 0.2935185134410858 0.04791666567325592 0.05740740895271301
0 0.37187498807907104 0.5305555462837219 0.0416666679084301 0.07407407462596893
0 0.6786458492279053 0.3125 0.03333333507180214 0.07129629701375961
0 0.5763021111488342 0.39259257912635803 0.03593749925494194 0.09814814478158951
0 0.48359376192092896 0.8018518686294556 0.04010416567325592 0.07222222536802292
0 0.5580729246139526 0.15509259700775146 0.0442708320915699 0.06203703582286835