1 0.3981770873069763 0.19166666269302368 0.01718750037252903 0.02777777798473835
1 0.5309895873069763 0.28333333134651184 0.015104166232049465 0.02777777798473835
3 0.3583333194255829 0.32685184478759766 0.0416666679084301 0.12037037312984467
1 0.3882812559604645 0.720370352268219 0.01614583283662796 0.02777777798473835
1 0.3841145932674408 0.2282407432794571 0.01614583283662796 0.02500000037252903
0 0.37708333134651184 0.25231480598449707 0.03020833246409893 0.07129629701375961
1 0.58984375 0.4990740716457367 0.01822916604578495 0.02777777798473835
1 0.5528646111488342 0.30416667461395264 0.01822916604578495 0.02500000037252903
1 0.36015623807907104 0.3212963044643402 0.01614583283662796 0.02222222276031971
1 0.5885416865348816 0.5722222328186035 0.01770833320915699 0.029629629105329514
1 0.6200520992279053 0.770370364189148 0.01718750037252903 0.02777777798473835
1 0.4489583373069763 0.1648148149251938 0.01666666753590107 0.02777777798473835
1 0.628125011920929 0.27222222089767456 0.015625 0.025925925001502037
1 0.4098958373069763 0.2925925850868225 0.01979166641831398 0.02777777798473835
0 0.4046874940395355 0.192592591047287 0.02916666679084301 0.03703703731298447
0 0.3531250059604645 0.34259259700775146 0.03125 0.0833333358168602
0 0.6072916388511658 0.792129635810852 0.03958333283662796 0.0694444477558136
0 0.6385416388511658 0.2916666567325592 0.03541666641831398 0.06851851940155029
0 0.5153645873069763 0.2986111044883728 0.04010416567325592 0.05092592537403107
0 0.5497395992279053 0.28842592239379883 0.02760416641831398 0.05648148059844971
0 0.5791666507720947 0.5560185313224792 0.03541666641831398 0.06574074178934097
0 0.46145832538604736 0.1615740805864334 0.04583333432674408 0.05092592537403107
0 0.59765625 0.47962963581085205 0.03593749925494194 0.07037036865949631
0 0.38619792461395264 0.6953703761100769 0.02968749962747097 0.08703703433275223
0 0.40963542461395264 0.3222222328186035 0.02760416641831398 0.08888889104127884