0 0.5356770753860474 0.8134258985519409 0.02239583246409893 0.05648148059844971
1 0.5572916865348816 0.5351851582527161 0.014583333395421505 0.02777777798473835
1 0.5640624761581421 0.6611111164093018 0.01666666753590107 0.029629629105329514
1 0.6656249761581421 0.7671296000480652 0.015625 0.023148147389292717
1 0.7169271111488342 0.5870370268821716 0.01927083358168602 0.025925925001502037
1 0.721875011920929 0.45601850748062134 0.01770833320915699 0.02500000037252903
1 0.5171874761581421 0.4018518626689911 0.01979166641831398 0.02777777798473835
1 0.5257812738418579 0.8856481313705444 0.01718750037252903 0.021296296268701553
1 0.5960937738418579 0.6611111164093018 0.02031249925494194 0.025925925001502037
1 0.6322916746139526 0.8194444179534912 0.01666666753590107 0.024074073880910873
1 0.6908854246139526 0.6953703761100769 0.01614583283662796 0.024074073880910873
0 0.5986979007720947 0.6361111402511597 0.02968749962747097 0.08518518507480621
1 0.5497395992279053 0.1578703671693802 0.02031249925494194 0.032407406717538834
0 0.5536458492279053 0.6819444298744202 0.03437500074505806 0.06388889253139496
0 0.6583333611488342 0.7833333611488342 0.03541666641831398 0.05370370298624039
0 0.7231770753860474 0.4749999940395355 0.02656250074505806 0.07592592388391495
3 0.5299479365348816 0.8412036895751953 0.03177083283662796 0.10833333432674408
0 0.7171875238418579 0.6064814925193787 0.02916666679084301 0.07777778059244156
0 0.52734375 0.8638888597488403 0.02447916753590107 0.06481481343507767
0 0.6877604126930237 0.7134259343147278 0.0338541679084301 0.06203703582286835
0 0.5192708373069763 0.4263888895511627 0.03229166567325592 0.09351851791143417
0 0.5682291388511658 0.5259259343147278 0.04374999925494194 0.06666667014360428
0 0.5575520992279053 0.18101851642131805 0.03593749925494194 0.08611111342906952