3 0.49687498807907104 0.6537036895751953 0.03750000149011612 0.0962962955236435
0 0.4971354305744171 0.595370352268219 0.04114583507180214 0.05740740895271301
1 0.33020833134651184 0.667129635810852 0.01770833320915699 0.02500000037252903
1 0.4544270932674408 0.7958333492279053 0.01197916641831398 0.02500000037252903
1 0.6171875 0.47685185074806213 0.014583333395421505 0.029629629105329514
1 0.5098958611488342 0.520370364189148 0.015625 0.02777777798473835
1 0.5093749761581421 0.5805555582046509 0.014583333395421505 0.025925925001502037
0 0.49661457538604736 0.6583333611488342 0.03489583358168602 0.08148147910833359
1 0.4338541626930237 0.6958333253860474 0.01770833320915699 0.028703704476356506
1 0.5354166626930237 0.46851852536201477 0.01666666753590107 0.025925925001502037
1 0.6033853888511658 0.5662037134170532 0.01614583283662796 0.028703704476356506
1 0.37057292461395264 0.760185182094574 0.01614583283662796 0.025925925001502037
1 0.42890626192092896 0.34768518805503845 0.01718750037252903 0.028703704476356506
1 0.3096354305744171 0.5564814805984497 0.01822916604578495 0.029629629105329514
0 0.632031261920929 0.4819444417953491 0.04739583283662796 0.06018518656492233
0 0.4385416805744171 0.8037037253379822 0.0364583320915699 0.04814814776182175
0 0.4973958432674408 0.5342592597007751 0.03750000149011612 0.05000000074505806
0 0.43567708134651184 0.32685184478759766 0.03177083283662796 0.0833333358168602
0 0.3098958432674408 0.5773147940635681 0.02604166604578495 0.0824074074625969
0 0.5338541865348816 0.49166667461395264 0.02708333358168602 0.07592592388391495
0 0.4390625059604645 0.7157407402992249 0.03125 0.07962962985038757
0 0.3356770873069763 0.6875 0.0338541679084301 0.07685185223817825
0 0.37890625 0.7745370268821716 0.03802083432674408 0.06388889253139496
0 0.6161458492279053 0.5791666507720947 0.0416666679084301 0.06203703582286835