1 0.2976851761341095 0.32272014021873474 0.03055555559694767 0.027515722438693047
0 0.7333333492279053 0.46737420558929443 0.035185184329748154 0.025943396613001823
3 0.7115740776062012 0.5298742055892944 0.125 0.056603774428367615
3 0.3291666805744171 0.284984290599823 0.049074072390794754 0.09827043861150742
0 0.3384259343147278 0.3203616440296173 0.03611111268401146 0.03537735715508461
3 0.720370352268219 0.44850629568099976 0.07037036865949631 0.06996855139732361
0 0.33472222089767456 0.2936320900917053 0.049074072390794754 0.08726415038108826
0 0.3231481611728668 0.25943395495414734 0.051851850003004074 0.05345911905169487
1 0.33981481194496155 0.3262578547000885 0.031481482088565826 0.02358490601181984
1 0.7226851582527161 0.5369496941566467 0.03611111268401146 0.026729559525847435
1 0.07870370149612427 0.46737420558929443 0.03333333507180214 0.02437106892466545
0 0.2907407283782959 0.32468554377555847 0.051851850003004074 0.03616352379322052
1 0.7361111044883728 0.46973270177841187 0.029629629105329514 0.021226415410637856
1 0.4731481373310089 0.2979559600353241 0.03333333507180214 0.022012578323483467
1 0.24351851642131805 0.4029088020324707 0.031481482088565826 0.027515722438693047
1 0.46898147463798523 0.24764150381088257 0.03055555559694767 0.025157231837511063
1 0.4435185194015503 0.28930819034576416 0.029629629105329514 0.022012578323483467
1 0.31898146867752075 0.23977987468242645 0.032407406717538834 0.020440252497792244
1 0.15694443881511688 0.527515709400177 0.034259259700775146 0.02358490601181984
1 0.10462962836027145 0.3199685513973236 0.031481482088565826 0.028301887214183807
1 0.7490741014480591 0.544418215751648 0.031481482088565826 0.02279874123632908
1 0.5874999761581421 0.3313679099082947 0.032407406717538834 0.02437106892466545
1 0.3888888955116272 0.5483490824699402 0.035185184329748154 0.02279874123632908
0 0.40833333134651184 0.27358490228652954 0.08148147910833359 0.04559748247265816
1 0.2606481611728668 0.5019654035568237 0.03611111268401146 0.02908805012702942
0 0.7189815044403076 0.44693395495414734 0.06759259104728699 0.06839622557163239
0 0.47546297311782837 0.32900944352149963 0.049074072390794754 0.07940251380205154
0 0.49537035822868347 0.2586477994918823 0.08703703433275223 0.050314463675022125
0 0.21296297013759613 0.3958333432674408 0.08518518507480621 0.04795597493648529
0 0.3828703761100769 0.579402506351471 0.05462963134050369 0.07704402506351471
0 0.7564814686775208 0.5283018946647644 0.04444444552063942 0.05503144487738609
0 0.6097221970558167 0.3486635088920593 0.0824074074625969 0.06525157392024994
0 0.08425925672054291 0.4512578547000885 0.051851850003004074 0.06761006265878677
0 0.1449074000120163 0.507468581199646 0.05648148059844971 0.06996855139732361
0 0.24259258806705475 0.48427674174308777 0.07592592388391495 0.07232704758644104
0 0.12037037312984467 0.3266509473323822 0.07407407462596893 0.05896226316690445