1 0.5502604246139526 0.5722222328186035 0.013020833022892475 0.025925925001502037
1 0.641406238079071 0.706944465637207 0.01614583283662796 0.02500000037252903
1 0.5322916507720947 0.3976851999759674 0.01875000074505806 0.028703704476356506
1 0.33020833134651184 0.2768518626689911 0.01770833320915699 0.025925925001502037
1 0.6716145873069763 0.5731481313705444 0.01822916604578495 0.02777777798473835
1 0.49817708134651184 0.1578703671693802 0.01614583283662796 0.032407406717538834
1 0.3864583373069763 0.8018518686294556 0.014583333395421505 0.025925925001502037
1 0.5424479246139526 0.1736111044883728 0.01614583283662796 0.028703704476356506
0 0.6716145873069763 0.5912036895751953 0.03177083283662796 0.07685185223817825
0 0.4895833432674408 0.8004629611968994 0.02708333358168602 0.07314814627170563
0 0.3265624940395355 0.29722222685813904 0.03020833246409893 0.08148147910833359
0 0.5419270992279053 0.8291666507720947 0.03177083283662796 0.05092592537403107
0 0.3773437440395355 0.7912036776542664 0.04010416567325592 0.07129629701375961
0 0.5557291507720947 0.5541666746139526 0.03229166567325592 0.08425925672054291
0 0.5083333253860474 0.15740740299224854 0.0364583320915699 0.04814814776182175
0 0.34453123807907104 0.3837963044643402 0.04322916641831398 0.06203703582286835
0 0.5283854007720947 0.37638887763023376 0.03072916716337204 0.08425925672054291
0 0.635937511920929 0.7185184955596924 0.03229166567325592 0.06111111119389534
0 0.553906261920929 0.1814814805984497 0.03697916492819786 0.04814814776182175