1 0.6575520634651184 0.6865741014480591 0.01822916604578495 0.023148147389292717
3 0.6322916746139526 0.7416666746139526 0.04895833507180214 0.08148147910833359
1 0.606249988079071 0.427314817905426 0.015625 0.026851851493120193
0 0.6161458492279053 0.7611111402511597 0.02291666716337204 0.04444444552063942
0 0.5557291507720947 0.8444444537162781 0.03333333507180214 0.051851850003004074
0 0.6361979246139526 0.7351852059364319 0.03281249850988388 0.06481481343507767
1 0.5677083134651184 0.7458333373069763 0.01666666753590107 0.03055555559694767
0 0.526562511920929 0.8592592477798462 0.02500000037252903 0.04814814776182175
1 0.522656261920929 0.8694444298744202 0.01822916604578495 0.029629629105329514
1 0.3804687559604645 0.6777777671813965 0.015104166232049465 0.02777777798473835
1 0.4463541805744171 0.3578703701496124 0.015625 0.032407406717538834
1 0.6783854365348816 0.5384259223937988 0.01718750037252903 0.021296296268701553
0 0.6791666746139526 0.5217592716217041 0.02395833283662796 0.06018518656492233
0 0.663281261920929 0.6657407283782959 0.02864583395421505 0.06296296417713165
0 0.43177083134651184 0.35648149251937866 0.04791666567325592 0.05740740895271301
0 0.577343761920929 0.7310185432434082 0.04010416567325592 0.06574074178934097
0 0.28177082538604736 0.44675925374031067 0.03020833246409893 0.0694444477558136
0 0.5473958253860474 0.6662036776542664 0.03437500074505806 0.05648148059844971
0 0.59765625 0.4393518567085266 0.0390625 0.07129629701375961
0 0.39114582538604736 0.6601851582527161 0.04583333432674408 0.07592592388391495