1 0.5390625 0.7259259223937988 0.01875000074505806 0.02777777798473835
1 0.5630208253860474 0.6611111164093018 0.015625 0.025925925001502037
0 0.3825520873069763 0.35879629850387573 0.03489583358168602 0.05648148059844971
3 0.5489583611488342 0.7023147940635681 0.04270833358168602 0.1101851835846901
1 0.4036458432674408 0.3717592656612396 0.012500000186264515 0.03055555559694767
1 0.5703125 0.8157407641410828 0.015625 0.024074073880910873
3 0.3986979126930237 0.37361112236976624 0.07343749701976776 0.07870370149612427
0 0.4156250059604645 0.380092591047287 0.03958333283662796 0.05462963134050369
0 0.5924479365348816 0.7324073910713196 0.03593749925494194 0.04444444552063942
0 0.5533854365348816 0.6787037253379822 0.03697916492819786 0.06851851940155029
1 0.5317708253860474 0.8782407641410828 0.01666666753590107 0.026851851493120193
1 0.44062501192092896 0.4046296179294586 0.01354166679084301 0.025925925001502037
1 0.5393229126930237 0.5611110925674438 0.015104166232049465 0.029629629105329514
1 0.6658853888511658 0.4967592656612396 0.015104166232049465 0.03055555559694767
0 0.5390625 0.75 0.02708333358168602 0.07777778059244156
1 0.550000011920929 0.15833333134651184 0.02083333395421505 0.03333333507180214
0 0.5700520873069763 0.8439815044403076 0.02656250074505806 0.07500000298023224
3 0.36666667461395264 0.3384259343147278 0.06979166716337204 0.08981481194496155
0 0.5302083492279053 0.8615740537643433 0.02812499925494194 0.06018518656492233
0 0.3453125059604645 0.3222222328186035 0.03229166567325592 0.05740740895271301
0 0.5567708611488342 0.17824074625968933 0.03333333507180214 0.0824074074625969
0 0.6791666746139526 0.4902777671813965 0.05000000074505806 0.07129629701375961
3 0.586718738079071 0.7504629492759705 0.0494791679084301 0.0972222238779068
0 0.551562488079071 0.5578703880310059 0.046875 0.0694444477558136
0 0.4559895694255829 0.4138889014720917 0.04218750074505806 0.0555555559694767