1 0.5325520634651184 0.8745370507240295 0.01614583283662796 0.026851851493120193
1 0.4898437559604645 0.8166666626930237 0.01614583283662796 0.035185184329748154
1 0.3460937440395355 0.7337962985038757 0.01927083358168602 0.02500000037252903
0 0.4398437440395355 0.8791666626930237 0.02760416641831398 0.06203703582286835
1 0.6661458611488342 0.7435185313224792 0.014583333395421505 0.02777777798473835
1 0.3958333432674408 0.7138888835906982 0.015625 0.029629629105329514
1 0.4338541626930237 0.8606481552124023 0.02083333395421505 0.032407406717538834
1 0.637499988079071 0.7861111164093018 0.01666666753590107 0.025925925001502037
0 0.4921875 0.8296296000480652 0.02083333395421505 0.06666667014360428
0 0.32343751192092896 0.7185184955596924 0.02708333358168602 0.05000000074505806
1 0.6195312738418579 0.7486110925674438 0.015104166232049465 0.028703704476356506
1 0.3244791626930237 0.3055555522441864 0.01666666753590107 0.02222222276031971
0 0.37838542461395264 0.8018518686294556 0.03697916492819786 0.05370370298624039
0 0.3453125059604645 0.7532407641410828 0.02291666716337204 0.07314814627170563
1 0.4296875 0.6337962746620178 0.015625 0.034259259700775146
1 0.600781261920929 0.2708333432674408 0.02031249925494194 0.032407406717538834
0 0.4091145694255829 0.8458333611488342 0.03177083283662796 0.05092592537403107
0 0.6286458373069763 0.7300925850868225 0.03958333283662796 0.06759259104728699
3 0.3921875059604645 0.822685182094574 0.06562499701976776 0.08611111342906952
0 0.32734376192092896 0.2874999940395355 0.03072916716337204 0.0694444477558136
0 0.6315104365348816 0.8032407164573669 0.03593749925494194 0.07129629701375961
0 0.6127604246139526 0.25231480598449707 0.04531250149011612 0.07500000298023224
0 0.3856770694255829 0.699999988079071 0.0390625 0.06111111119389534
0 0.6755208373069763 0.7310185432434082 0.03541666641831398 0.0694444477558136
0 0.41744792461395264 0.6365740895271301 0.0494791679084301 0.06759259104728699