0 0.4713541567325592 0.8101851940155029 0.02708333358168602 0.051851850003004074
1 0.6791666746139526 0.33009257912635803 0.01666666753590107 0.021296296268701553
1 0.37317708134651184 0.2777777910232544 0.01614583283662796 0.031481482088565826
1 0.3330729305744171 0.3282407522201538 0.01718750037252903 0.02500000037252903
1 0.6833333373069763 0.6638888716697693 0.01770833320915699 0.02777777798473835
1 0.30416667461395264 0.4842592477798462 0.01770833320915699 0.024074073880910873
1 0.36145833134651184 0.24444444477558136 0.015625 0.024074073880910873
1 0.6932291388511658 0.39259257912635803 0.01875000074505806 0.02777777798473835
1 0.31718748807907104 0.39027777314186096 0.01770833320915699 0.026851851493120193
3 0.682812511920929 0.3342592716217041 0.04791666567325592 0.13703703880310059
0 0.6903645992279053 0.3717592656612396 0.03072916716337204 0.07685185223817825
1 0.5708333253860474 0.3712962865829468 0.01770833320915699 0.031481482088565826
1 0.5591145753860474 0.1648148149251938 0.01614583283662796 0.031481482088565826
0 0.6744791865348816 0.30509260296821594 0.03229166567325592 0.07500000298023224
1 0.36250001192092896 0.5171296000480652 0.01666666753590107 0.028703704476356506
0 0.3044270873069763 0.4601851999759674 0.02968749962747097 0.07777778059244156
0 0.4611979126930237 0.8009259104728699 0.0494791679084301 0.07777778059244156
0 0.3869791626930237 0.29212963581085205 0.05000000074505806 0.07129629701375961
0 0.6859375238418579 0.645370364189148 0.03125 0.08518518507480621
0 0.3174479305744171 0.36666667461395264 0.02864583395421505 0.07777778059244156
0 0.36666667461395264 0.22592592239379883 0.02916666679084301 0.06296296417713165
0 0.33411458134651184 0.3027777671813965 0.03072916716337204 0.07407407462596893
0 0.3721354305744171 0.5300925970077515 0.0442708320915699 0.07685185223817825
0 0.5763021111488342 0.3921296298503876 0.03593749925494194 0.09537036716938019
0 0.5484374761581421 0.1546296328306198 0.04270833358168602 0.06481481343507767