3 0.2786458432674408 0.5754629373550415 0.03229166567325592 0.0972222238779068
1 0.4481770694255829 0.3513889014720917 0.01718750037252903 0.03055555559694767
1 0.27942708134651184 0.5935184955596924 0.01822916604578495 0.02222222276031971
1 0.45130208134651184 0.852314829826355 0.015104166232049465 0.028703704476356506
1 0.37812501192092896 0.6212962865829468 0.01666666753590107 0.024074073880910873
1 0.34296876192092896 0.38842591643333435 0.01822916604578495 0.02500000037252903
1 0.6143229007720947 0.41296297311782837 0.015104166232049465 0.029629629105329514
1 0.4947916567325592 0.34351852536201477 0.015625 0.029629629105329514
1 0.5588541626930237 0.34953704476356506 0.01354166679084301 0.026851851493120193
0 0.2770833373069763 0.5689814686775208 0.02812499925494194 0.07870370149612427
1 0.29609376192092896 0.6509259343147278 0.015104166232049465 0.025925925001502037
1 0.6427083611488342 0.706944465637207 0.01666666753590107 0.026851851493120193
1 0.6661458611488342 0.6189814805984497 0.01770833320915699 0.026851851493120193
1 0.594531238079071 0.5967592597007751 0.01718750037252903 0.03055555559694767
0 0.2903645932674408 0.6356481313705444 0.03072916716337204 0.07129629701375961
0 0.6625000238418579 0.6416666507720947 0.03333333507180214 0.07777778059244156
0 0.6351562738418579 0.7263888716697693 0.03593749925494194 0.07314814627170563
0 0.4429687559604645 0.36759260296821594 0.03281249850988388 0.07962962985038757
0 0.37812501192092896 0.6402778029441833 0.02812499925494194 0.07870370149612427
0 0.5458333492279053 0.3490740656852722 0.03958333283662796 0.04444444552063942
0 0.5036458373069763 0.32870370149612427 0.0364583320915699 0.06111111119389534
0 0.3450520932674408 0.40648147463798523 0.03177083283662796 0.08148147910833359
0 0.6052083373069763 0.6101852059364319 0.046875 0.07592592388391495
0 0.3843750059604645 0.8296296000480652 0.02812499925494194 0.05370370298624039
0 0.6020833253860474 0.41898149251937866 0.05104166641831398 0.06388889253139496
0 0.43958333134651184 0.8430555462837219 0.04374999925494194 0.06574074178934097