3 0.43697917461395264 0.7236111164093018 0.04062499850988388 0.09351851791143417
0 0.2953124940395355 0.6050925850868225 0.02083333395421505 0.043518517166376114
1 0.4468750059604645 0.6782407164573669 0.015625 0.028703704476356506
3 0.4625000059604645 0.6481481194496155 0.06145833432674408 0.05370370298624039
0 0.4322916567325592 0.6944444179534912 0.03958333283662796 0.04259259253740311
0 0.3205729126930237 0.5958333611488342 0.02864583395421505 0.049074072390794754
0 0.3382812440395355 0.6495370268821716 0.02239583246409893 0.07685185223817825
0 0.47604167461395264 0.7162036895751953 0.03854166716337204 0.05092592537403107
1 0.29765623807907104 0.3967592716217041 0.01614583283662796 0.023148147389292717
0 0.4455729126930237 0.7407407164573669 0.02239583246409893 0.051851850003004074
0 0.4729166626930237 0.6486111283302307 0.0364583320915699 0.04537037014961243
1 0.6070312261581421 0.5263888835906982 0.015104166232049465 0.032407406717538834
0 0.3083333373069763 0.6560184955596924 0.02604166604578495 0.05833333358168602
1 0.49817708134651184 0.1578703671693802 0.01614583283662796 0.032407406717538834
0 0.43307292461395264 0.6402778029441833 0.04010416567325592 0.03981481492519379
0 0.2955729067325592 0.41342592239379883 0.02447916753590107 0.07129629701375961
0 0.6187499761581421 0.519444465637207 0.046875 0.06666667014360428
0 0.5111979246139526 0.15833333134651184 0.04531250149011612 0.06111111119389534