3 0.3828125 0.21898147463798523 0.02812499925494194 0.06574074178934097
1 0.3799479305744171 0.23935185372829437 0.01614583283662796 0.023148147389292717
1 0.39635416865348816 0.27314814925193787 0.01666666753590107 0.029629629105329514
1 0.44921875 0.6120370626449585 0.01614583283662796 0.02777777798473835
1 0.43567708134651184 0.27638888359069824 0.01614583283662796 0.028703704476356506
1 0.6473958492279053 0.31296294927597046 0.01666666753590107 0.025925925001502037
1 0.5638020634651184 0.19722221791744232 0.01614583283662796 0.029629629105329514
1 0.514843761920929 0.32407405972480774 0.01822916604578495 0.029629629105329514
1 0.3786458373069763 0.8199074268341064 0.01666666753590107 0.026851851493120193
1 0.5403645634651184 0.16851851344108582 0.015104166232049465 0.029629629105329514
0 0.3825520873069763 0.2171296328306198 0.02552083320915699 0.06203703582286835
1 0.5953124761581421 0.5731481313705444 0.01666666753590107 0.029629629105329514
1 0.4325520694255829 0.6499999761581421 0.01718750037252903 0.031481482088565826
0 0.4244791567325592 0.2935185134410858 0.03750000149011612 0.06666667014360428
0 0.43541666865348816 0.8416666388511658 0.03020833246409893 0.05000000074505806
0 0.3841145932674408 0.2898148000240326 0.04010416567325592 0.06296296417713165
0 0.3869791626930237 0.8291666507720947 0.0364583320915699 0.05092592537403107
0 0.4166666567325592 0.645370364189148 0.04895833507180214 0.04814814776182175
0 0.46171873807907104 0.6291666626930237 0.0390625 0.06388889253139496
0 0.6072916388511658 0.5861111283302307 0.04374999925494194 0.06851851940155029
0 0.6552083492279053 0.3305555582046509 0.03125 0.07222222536802292
0 0.5072916746139526 0.30509260296821594 0.03437500074505806 0.07500000298023224
0 0.5760416388511658 0.2013888955116272 0.0416666679084301 0.05092592537403107
0 0.5294271111488342 0.16527777910232544 0.03593749925494194 0.05277777835726738