0 0.45885416865348816 0.7712963223457336 0.015625 0.04444444552063942
0 0.5708333253860474 0.8129629492759705 0.02083333395421505 0.035185184329748154
3 0.4815104305744171 0.8092592358589172 0.03593749925494194 0.0962962955236435
1 0.45520833134651184 0.7657407522201538 0.015625 0.03703703731298447
1 0.6174479126930237 0.4763889014720917 0.013020833022892475 0.026851851493120193
1 0.43359375 0.3324074149131775 0.01614583283662796 0.025925925001502037
0 0.526562511920929 0.8425925970077515 0.03229166567325592 0.035185184329748154
1 0.38359373807907104 0.7777777910232544 0.01614583283662796 0.02777777798473835
1 0.4442708194255829 0.7393518686294556 0.015625 0.03055555559694767
1 0.5354166626930237 0.48240742087364197 0.01666666753590107 0.025925925001502037
0 0.5822916626930237 0.8092592358589172 0.03333333507180214 0.03888889029622078
1 0.48489582538604736 0.5962963104248047 0.015625 0.025925925001502037
1 0.6151041388511658 0.5805555582046509 0.014583333395421505 0.02777777798473835
0 0.6328125 0.4819444417953491 0.04791666567325592 0.06388889253139496
0 0.4830729067325592 0.8097222447395325 0.03281249850988388 0.09166666865348816
0 0.4390625059604645 0.31111112236976624 0.03020833246409893 0.08518518507480621
0 0.39244791865348816 0.792129635810852 0.03593749925494194 0.05833333358168602
0 0.47734373807907104 0.6185185313224792 0.03593749925494194 0.08148147910833359
0 0.6286458373069763 0.5870370268821716 0.046875 0.06296296417713165
0 0.43020832538604736 0.7425925731658936 0.04791666567325592 0.06111111119389534
0 0.532031238079071 0.5032407641410828 0.0338541679084301 0.0972222238779068