1 0.6768229007720947 0.5680555701255798 0.01822916604578495 0.03611111268401146
3 0.6664062738418579 0.602314829826355 0.04322916641831398 0.07129629701375961
3 0.6799479126930237 0.5453703999519348 0.03072916716337204 0.10185185074806213
1 0.28854167461395264 0.5425925850868225 0.01770833320915699 0.025925925001502037
1 0.35729166865348816 0.5768518447875977 0.02083333395421505 0.029629629105329514
1 0.5723958611488342 0.5699074268341064 0.014583333395421505 0.034259259700775146
1 0.6382812261581421 0.6537036895751953 0.01614583283662796 0.02777777798473835
1 0.6731770634651184 0.5930555462837219 0.01614583283662796 0.028703704476356506
1 0.5458333492279053 0.46990740299224854 0.01770833320915699 0.032407406717538834
0 0.6833333373069763 0.5342592597007751 0.02395833283662796 0.07592592388391495
1 0.29739582538604736 0.3856481611728668 0.015625 0.03055555559694767
1 0.5518229007720947 0.24120371043682098 0.01718750037252903 0.032407406717538834
1 0.5992187261581421 0.3601851761341095 0.02031249925494194 0.031481482088565826
1 0.4283854067325592 0.5143518447875977 0.01614583283662796 0.032407406717538834
1 0.37109375 0.21851852536201477 0.01718750037252903 0.029629629105329514
1 0.522656261920929 0.32870370149612427 0.01718750037252903 0.02777777798473835
0 0.628125011920929 0.677314817905426 0.0364583320915699 0.0694444477558136
0 0.663281261920929 0.6064814925193787 0.0390625 0.06111111119389534
0 0.28463542461395264 0.5643518567085266 0.03177083283662796 0.08055555820465088
0 0.5138021111488342 0.31111112236976624 0.03697916492819786 0.06481481343507767
0 0.5950520634651184 0.33888888359069824 0.03072916716337204 0.0833333358168602
0 0.35546875 0.552314817905426 0.03281249850988388 0.09166666865348816
0 0.30911457538604736 0.3861111104488373 0.0442708320915699 0.06851851940155029
0 0.5575520992279053 0.4842592477798462 0.04739583283662796 0.07222222536802292
0 0.56640625 0.24537037312984467 0.04635416716337204 0.0555555559694767
0 0.38359373807907104 0.20555555820465088 0.04322916641831398 0.05740740895271301
0 0.5552083253860474 0.5712962746620178 0.04791666567325592 0.06296296417713165
0 0.41614583134651184 0.5055555701255798 0.04791666567325592 0.06666667014360428