0 0.49609375 0.8902778029441833 0.05052083358168602 0.07685185223817825
1 0.04322916641831398 0.29722222685813904 0.01666666753590107 0.025925925001502037
1 0.66015625 0.8263888955116272 0.01614583283662796 0.03055555559694767
0 0.4830729067325592 0.8791666626930237 0.03072916716337204 0.0694444477558136
1 0.6372395753860474 0.8606481552124023 0.01718750037252903 0.028703704476356506
1 0.015104166232049465 0.5259259343147278 0.01770833320915699 0.02777777798473835
0 0.014583333395421505 0.19074073433876038 0.02812499925494194 0.03703703731298447
1 0.0455729179084301 0.385185182094574 0.01822916604578495 0.02777777798473835
0 0.5101562738418579 0.9060184955596924 0.03072916716337204 0.05833333358168602
0 0.4479166567325592 0.4087963104248047 0.03958333283662796 0.05648148059844971
0 0.04505208507180214 0.3722222149372101 0.02552083320915699 0.07592592388391495
1 0.3411458432674408 0.5944444537162781 0.015625 0.025925925001502037
0 0.4893229305744171 0.4027777910232544 0.04114583507180214 0.05000000074505806
0 0.625781238079071 0.8731481432914734 0.04114583507180214 0.0555555559694767
1 0.03541666641831398 0.2300925999879837 0.012500000186264515 0.021296296268701553
1 0.5835937261581421 0.5407407283782959 0.02239583246409893 0.029629629105329514
1 0.515625 0.510185182094574 0.01979166641831398 0.031481482088565826
0 0.01380208320915699 0.5078703761100769 0.02656250074505806 0.07685185223817825
0 0.5236979126930237 0.5291666388511658 0.03593749925494194 0.07314814627170563
0 0.03072916716337204 0.2430555522441864 0.02916666679084301 0.05277777835726738
0 0.6700521111488342 0.8236111402511597 0.03593749925494194 0.05648148059844971
0 0.04114583507180214 0.31388887763023376 0.02395833283662796 0.06666667014360428
0 0.32239583134651184 0.5703703761100769 0.02395833283662796 0.0833333358168602
0 0.5854166746139526 0.5157407522201538 0.03020833246409893 0.08148147910833359
0 0.35624998807907104 0.6032407283782959 0.03854166716337204 0.06203703582286835