1 0.4088541567325592 0.46481481194496155 0.014583333395421505 0.02222222276031971
0 0.3765625059604645 0.4694444537162781 0.06354166567325592 0.08703703433275223
0 0.42005208134651184 0.4972222149372101 0.03489583358168602 0.05000000074505806
1 0.42578125 0.5064814686775208 0.01718750037252903 0.025925925001502037
1 0.7085937261581421 0.5037037134170532 0.01614583283662796 0.02222222276031971
1 0.5583333373069763 0.5347222089767456 0.01354166679084301 0.02500000037252903
1 0.6302083134651184 0.20648148655891418 0.015625 0.02777777798473835
1 0.6309896111488342 0.24675926566123962 0.01614583283662796 0.03055555559694767
1 0.5799478888511658 0.6805555820465088 0.015104166232049465 0.02777777798473835
1 0.4007812440395355 0.5157407522201538 0.01927083358168602 0.025925925001502037
1 0.7098958492279053 0.4402777850627899 0.01875000074505806 0.02500000037252903
1 0.3791666626930237 0.4731481373310089 0.012500000186264515 0.02777777798473835
1 0.5567708611488342 0.7365740537643433 0.01666666753590107 0.026851851493120193
1 0.675000011920929 0.6898148059844971 0.014583333395421505 0.02777777798473835
0 0.3971354067325592 0.45277777314186096 0.0338541679084301 0.051851850003004074
3 0.3778645694255829 0.46759259700775146 0.06614582985639572 0.08518518507480621
0 0.6434895992279053 0.25138887763023376 0.04218750074505806 0.049074072390794754
1 0.7046874761581421 0.3828703761100769 0.01666666753590107 0.02500000037252903
0 0.7091146111488342 0.4634259343147278 0.02864583395421505 0.06203703582286835
0 0.7041666507720947 0.39953702688217163 0.02604166604578495 0.07129629701375961
3 0.41015625 0.5259259343147278 0.05364583432674408 0.0962962955236435
0 0.6429687738418579 0.21203704178333282 0.04114583507180214 0.05925925821065903
0 0.3643229305744171 0.48657408356666565 0.03593749925494194 0.05092592537403107
0 0.39661458134651184 0.5379629731178284 0.02656250074505806 0.06666667014360428
0 0.590624988079071 0.6620370149612427 0.0364583320915699 0.06666667014360428
0 0.5682291388511658 0.5199074149131775 0.03958333283662796 0.0694444477558136
0 0.7085937261581421 0.5319444537162781 0.02968749962747097 0.0824074074625969
0 0.559374988079071 0.7120370268821716 0.03125 0.08148147910833359
0 0.6869791746139526 0.6893518567085266 0.04374999925494194 0.06018518656492233