1 0.4950520694255829 0.16111111640930176 0.01718750037252903 0.02777777798473835
1 0.3882812559604645 0.720370352268219 0.01614583283662796 0.02777777798473835
1 0.58984375 0.5027777552604675 0.01718750037252903 0.02777777798473835
1 0.5268229246139526 0.29120370745658875 0.01614583283662796 0.03055555559694767
1 0.600781261920929 0.6189814805984497 0.01822916604578495 0.03055555559694767
1 0.42890626192092896 0.18425926566123962 0.01614583283662796 0.029629629105329514
1 0.614062488079071 0.7731481194496155 0.01666666753590107 0.02777777798473835
1 0.663281261920929 0.6666666865348816 0.01927083358168602 0.02777777798473835
1 0.628125011920929 0.27407407760620117 0.015625 0.025925925001502037
1 0.31067708134651184 0.33194443583488464 0.01822916604578495 0.026851851493120193
1 0.5601562261581421 0.3092592656612396 0.01822916604578495 0.03333333507180214
1 0.3765625059604645 0.3550925850868225 0.01979166641831398 0.026851851493120193
1 0.4429687559604645 0.24768517911434174 0.01718750037252903 0.032407406717538834
0 0.4885416626930237 0.1648148149251938 0.03125 0.03888889029622078
0 0.5138021111488342 0.3083333373069763 0.0390625 0.06851851940155029
0 0.6604166626930237 0.6898148059844971 0.02916666679084301 0.06851851940155029
0 0.4403645694255829 0.17083333432674408 0.0390625 0.05277777835726738
0 0.5536458492279053 0.29490742087364197 0.02916666679084301 0.06574074178934097
0 0.6059895753860474 0.792129635810852 0.03489583358168602 0.06759259104728699
0 0.6388021111488342 0.28935185074806213 0.03593749925494194 0.06388889253139496
0 0.3190104067325592 0.3115740716457367 0.03281249850988388 0.06574074178934097
0 0.4294270873069763 0.24953703582286835 0.04843749850988388 0.04537037014961243
0 0.592968761920929 0.5995370149612427 0.0390625 0.07870370149612427
0 0.5989583134651184 0.4851851761341095 0.0416666679084301 0.07592592388391495
0 0.3736979067325592 0.33101850748062134 0.02864583395421505 0.08796296268701553
0 0.3864583373069763 0.6944444179534912 0.03229166567325592 0.09074074029922485