1 0.4742187559604645 0.5185185074806213 0.013020833022892475 0.02777777798473835
1 0.3760416805744171 0.7800925970077515 0.01875000074505806 0.026851851493120193
1 0.4013020694255829 0.17731481790542603 0.01614583283662796 0.026851851493120193
1 0.38749998807907104 0.2490740716457367 0.01770833320915699 0.02777777798473835
1 0.4518229067325592 0.41898149251937866 0.015104166232049465 0.03055555559694767
1 0.6229166388511658 0.2620370388031006 0.014583333395421505 0.02777777798473835
1 0.6205729246139526 0.5254629850387573 0.01718750037252903 0.02500000037252903
1 0.567187488079071 0.5703703761100769 0.015625 0.031481482088565826
1 0.2901041805744171 0.5615741014480591 0.01666666753590107 0.03055555559694767
1 0.3656249940395355 0.6499999761581421 0.01666666753590107 0.024074073880910873
0 0.39401042461395264 0.1935185194015503 0.03177083283662796 0.06296296417713165
0 0.39505207538604736 0.2638888955116272 0.03593749925494194 0.07222222536802292
1 0.5736979246139526 0.20185184478759766 0.01614583283662796 0.031481482088565826
0 0.625 0.5027777552604675 0.03333333507180214 0.09074074029922485
0 0.3760416805744171 0.7949073910713196 0.03229166567325592 0.06574074178934097
0 0.36770832538604736 0.6708333492279053 0.03125 0.08796296268701553
0 0.29765623807907104 0.5486111044883728 0.04114583507180214 0.07685185223817825
0 0.34322917461395264 0.7412037253379822 0.03229166567325592 0.05833333358168602
0 0.4411458373069763 0.4078703820705414 0.04270833358168602 0.0694444477558136
0 0.5552083253860474 0.5611110925674438 0.04479166492819786 0.06666667014360428
0 0.46302083134651184 0.5152778029441833 0.04479166492819786 0.06203703582286835
0 0.6328125 0.27453702688217163 0.03750000149011612 0.0694444477558136
0 0.5606771111488342 0.19953703880310059 0.04531250149011612 0.06203703582286835