3 0.5992187261581421 0.7986111044883728 0.0338541679084301 0.07314814627170563
1 0.6070312261581421 0.7773148417472839 0.01718750037252903 0.02500000037252903
1 0.578125 0.20277777314186096 0.01666666753590107 0.025925925001502037
0 0.5809895992279053 0.7907407283782959 0.01718750037252903 0.04444444552063942
0 0.6013020873069763 0.7972221970558167 0.02760416641831398 0.06666667014360428
1 0.600781261920929 0.23333333432674408 0.01822916604578495 0.025925925001502037
1 0.3205729126930237 0.7120370268821716 0.01822916604578495 0.02777777798473835
0 0.6817708611488342 0.45879629254341125 0.02708333358168602 0.06203703582286835
1 0.3880208432674408 0.3092592656612396 0.01770833320915699 0.03333333507180214
0 0.4619791805744171 0.8393518328666687 0.03437500074505806 0.06203703582286835
0 0.6658853888511658 0.4027777910232544 0.02864583395421505 0.07037036865949631
1 0.5083333253860474 0.16944444179534912 0.01770833320915699 0.03333333507180214
1 0.42786458134651184 0.38425925374031067 0.01718750037252903 0.03333333507180214
1 0.5864583253860474 0.5337963104248047 0.01666666753590107 0.032407406717538834
1 0.5880208611488342 0.4018518626689911 0.01875000074505806 0.02777777798473835
0 0.4140625 0.39027777314186096 0.04791666567325592 0.05277777835726738
3 0.6744791865348816 0.42500001192092896 0.04270833358168602 0.1240740716457367
0 0.49531251192092896 0.16388888657093048 0.04583333432674408 0.05370370298624039
0 0.3736979067325592 0.31712964177131653 0.04531250149011612 0.06018518656492233
0 0.60546875 0.260185182094574 0.02656250074505806 0.08703703433275223
0 0.5684896111488342 0.1953703761100769 0.03697916492819786 0.046296294778585434
0 0.5911458134651184 0.4296296238899231 0.02812499925494194 0.0833333358168602
0 0.5729166865348816 0.5453703999519348 0.046875 0.06851851940155029
0 0.33020833134651184 0.7356481552124023 0.03958333283662796 0.07685185223817825