3 0.4567708373069763 0.33287036418914795 0.04583333432674408 0.09166666865348816
1 0.6513020992279053 0.41527777910232544 0.01614583283662796 0.026851851493120193
1 0.6583333611488342 0.6689814925193787 0.01770833320915699 0.02500000037252903
1 0.5721353888511658 0.20879629254341125 0.015104166232049465 0.026851851493120193
0 0.5598958134651184 0.19305555522441864 0.04062499850988388 0.06574074178934097
1 0.31458333134651184 0.322685182094574 0.014583333395421505 0.026851851493120193
0 0.44973957538604736 0.27222222089767456 0.03802083432674408 0.05740740895271301
1 0.45885416865348816 0.2560185194015503 0.01979166641831398 0.03055555559694767
1 0.6117187738418579 0.47546297311782837 0.01614583283662796 0.023148147389292717
1 0.526562511920929 0.4106481373310089 0.01875000074505806 0.028703704476356506
1 0.6205729246139526 0.6171296238899231 0.01614583283662796 0.026851851493120193
1 0.3333333432674408 0.47870370745658875 0.02083333395421505 0.025925925001502037
1 0.35598957538604736 0.2490740716457367 0.01718750037252903 0.02777777798473835
1 0.32369792461395264 0.38240739703178406 0.01614583283662796 0.02777777798473835
1 0.6763020753860474 0.447685182094574 0.01718750037252903 0.02500000037252903
0 0.3059895932674408 0.34166666865348816 0.03072916716337204 0.06481481343507767
0 0.33802083134651184 0.37962964177131653 0.04374999925494194 0.05740740895271301
0 0.36901041865348816 0.23333333432674408 0.04114583507180214 0.05925925821065903
0 0.641406238079071 0.43009260296821594 0.03489583358168602 0.06388889253139496
0 0.6552083492279053 0.6888889074325562 0.02916666679084301 0.06296296417713165
0 0.6820312738418579 0.4643518626689911 0.02968749962747097 0.07314814627170563
0 0.5330728888511658 0.4342592656612396 0.03177083283662796 0.07222222536802292
0 0.6143229007720947 0.5037037134170532 0.02552083320915699 0.07777778059244156
0 0.3343749940395355 0.5055555701255798 0.02916666679084301 0.08703703433275223
0 0.6096354126930237 0.6324074268341064 0.04322916641831398 0.06666667014360428