0 0.37109375 0.792129635810852 0.05781250074505806 0.07314814627170563
1 0.33932292461395264 0.7393518686294556 0.02031249925494194 0.034259259700775146
1 0.6684895753860474 0.4245370328426361 0.015104166232049465 0.023148147389292717
0 0.3252604305744171 0.7083333134651184 0.04114583507180214 0.09259258955717087
3 0.37187498807907104 0.7884259223937988 0.06041666492819786 0.07314814627170563
1 0.65625 0.3578703701496124 0.015625 0.023148147389292717
0 0.3877604305744171 0.8115741014480591 0.02656250074505806 0.04537037014961243
1 0.6302083134651184 0.6560184955596924 0.014583333395421505 0.028703704476356506
0 0.32213541865348816 0.6870370507240295 0.03489583358168602 0.04444444552063942
1 0.4000000059604645 0.5620370507240295 0.01666666753590107 0.025925925001502037
1 0.30260416865348816 0.6032407283782959 0.01770833320915699 0.026851851493120193
1 0.3778645694255829 0.5898148417472839 0.01718750037252903 0.02777777798473835
0 0.36119791865348816 0.7749999761581421 0.03593749925494194 0.04444444552063942
3 0.32864582538604736 0.7097222208976746 0.04895833507180214 0.09537036716938019
0 0.672656238079071 0.4027777910232544 0.02864583395421505 0.07592592388391495
0 0.6497395634651184 0.3296296298503876 0.03281249850988388 0.07592592388391495
0 0.6377604007720947 0.6402778029441833 0.03697916492819786 0.07500000298023224
0 0.42395833134651184 0.7462962865829468 0.0416666679084301 0.0555555559694767
0 0.40703123807907104 0.5796296000480652 0.02968749962747097 0.07037036865949631
0 0.3776041567325592 0.5675926208496094 0.02395833283662796 0.07962962985038757
0 0.37682291865348816 0.7152777910232544 0.04114583507180214 0.05462963134050369
0 0.30260416865348816 0.5810185074806213 0.02812499925494194 0.0824074074625969