3 0.39270833134651184 0.779629647731781 0.04374999925494194 0.0555555559694767
1 0.36901041865348816 0.779629647731781 0.01718750037252903 0.029629629105329514
1 0.7088541388511658 0.4305555522441864 0.01875000074505806 0.029629629105329514
1 0.6947916746139526 0.45787036418914795 0.015625 0.02500000037252903
1 0.37942707538604736 0.7740740776062012 0.015104166232049465 0.035185184329748154
1 0.49557292461395264 0.8407407402992249 0.01614583283662796 0.02777777798473835
1 0.6864583492279053 0.3333333432674408 0.015625 0.024074073880910873
0 0.7109375 0.4435185194015503 0.02604166604578495 0.07962962985038757
0 0.6898437738418579 0.43287035822868347 0.0234375 0.06018518656492233
1 0.43411457538604736 0.8597221970558167 0.01718750037252903 0.028703704476356506
0 0.4401041567325592 0.8796296119689941 0.02916666679084301 0.06481481343507767
1 0.6177083253860474 0.8148148059844971 0.015625 0.029629629105329514
1 0.40703123807907104 0.654629647731781 0.01614583283662796 0.029629629105329514
1 0.4007812440395355 0.8393518328666687 0.01718750037252903 0.028703704476356506
1 0.7083333134651184 0.5212963223457336 0.01770833320915699 0.025925925001502037
1 0.30911457538604736 0.46759259700775146 0.01822916604578495 0.02777777798473835
0 0.3218750059604645 0.7166666388511658 0.02708333358168602 0.05370370298624039
0 0.3518229126930237 0.7361111044883728 0.03697916492819786 0.046296294778585434
0 0.39401042461395264 0.7787036895751953 0.04010416567325592 0.0555555559694767
0 0.3570312559604645 0.793055534362793 0.03072916716337204 0.05648148059844971
0 0.6898437738418579 0.34953704476356506 0.02968749962747097 0.07129629701375961
0 0.4088541567325592 0.8513888716697693 0.03437500074505806 0.05648148059844971
3 0.3382812440395355 0.7226851582527161 0.06614582985639572 0.07129629701375961
0 0.710156261920929 0.5467592477798462 0.02656250074505806 0.08425925672054291
0 0.4007812440395355 0.637499988079071 0.04010416567325592 0.08425925672054291
0 0.3072916567325592 0.43888887763023376 0.03020833246409893 0.09259258955717087
0 0.6283854246139526 0.8046296238899231 0.04114583507180214 0.06851851940155029