1 0.3294270932674408 0.27314814925193787 0.01927083358168602 0.029629629105329514
1 0.3044270873069763 0.36064815521240234 0.01927083358168602 0.026851851493120193
1 0.3072916567325592 0.31990739703178406 0.01666666753590107 0.023148147389292717
1 0.4752604067325592 0.8680555820465088 0.010937499813735485 0.026851851493120193
1 0.44999998807907104 0.8708333373069763 0.015625 0.032407406717538834
3 0.3070312440395355 0.3638888895511627 0.03177083283662796 0.12962962687015533
0 0.31067708134651184 0.31018519401550293 0.02864583395421505 0.051851850003004074
0 0.4593749940395355 0.8759258985519409 0.03437500074505806 0.035185184329748154
1 0.6705729365348816 0.3916666805744171 0.01614583283662796 0.024074073880910873
0 0.4294270873069763 0.855555534362793 0.02656250074505806 0.04814814776182175
1 0.5247395634651184 0.3782407343387604 0.01718750037252903 0.026851851493120193
0 0.671093761920929 0.41203704476356506 0.03697916492819786 0.08148147910833359
1 0.38333332538604736 0.8314814567565918 0.01354166679084301 0.024074073880910873
1 0.28958332538604736 0.6162037253379822 0.01875000074505806 0.03055555559694767
1 0.5601562261581421 0.1944444477558136 0.01406249962747097 0.03333333507180214
0 0.3929687440395355 0.8370370268821716 0.0338541679084301 0.040740739554166794
3 0.3278645873069763 0.2759259343147278 0.0598958320915699 0.10925926268100739
0 0.2945312559604645 0.6370370388031006 0.03177083283662796 0.0833333358168602
0 0.3059895932674408 0.380092591047287 0.02968749962747097 0.09351851791143417
0 0.6565104126930237 0.33888888359069824 0.03072916716337204 0.07222222536802292
0 0.5268229246139526 0.3560185134410858 0.03281249850988388 0.08981481194496155
0 0.4749999940395355 0.1615740805864334 0.03437500074505806 0.06388889253139496
0 0.3408854305744171 0.2509259283542633 0.03177083283662796 0.05925925821065903
0 0.571093738079071 0.19722221791744232 0.04114583507180214 0.05925925821065903