3 0.33932292461395264 0.28333333134651184 0.03177083283662796 0.07592592388391495
1 0.34973958134651184 0.26527777314186096 0.01614583283662796 0.028703704476356506
1 0.6546875238418579 0.4402777850627899 0.01875000074505806 0.028703704476356506
1 0.649218738079071 0.6995370388031006 0.01718750037252903 0.023148147389292717
1 0.6072916388511658 0.7768518328666687 0.01875000074505806 0.02777777798473835
1 0.3200520873069763 0.7138888835906982 0.01927083358168602 0.029629629105329514
1 0.3851562440395355 0.30694442987442017 0.01614583283662796 0.032407406717538834
0 0.37109375 0.3134259283542633 0.04531250149011612 0.05462963134050369
1 0.4268229305744171 0.38425925374031067 0.01614583283662796 0.031481482088565826
1 0.3986979126930237 0.4740740656852722 0.01614583283662796 0.031481482088565826
1 0.5346354246139526 0.17592592537403107 0.015104166232049465 0.029629629105329514
1 0.6739583611488342 0.4287036955356598 0.01979166641831398 0.025925925001502037
1 0.4247395694255829 0.5370370149612427 0.01927083358168602 0.02777777798473835
1 0.5859375 0.5356481671333313 0.01666666753590107 0.034259259700775146
0 0.33932292461395264 0.2856481373310089 0.02968749962747097 0.06759259104728699
1 0.578906238079071 0.4342592656612396 0.01718750037252903 0.031481482088565826
0 0.6572916507720947 0.46759259700775146 0.02708333358168602 0.08148147910833359
0 0.4138020873069763 0.3907407522201538 0.04739583283662796 0.05740740895271301
0 0.6705729365348816 0.40324074029922485 0.03281249850988388 0.08055555820465088
3 0.3617187440395355 0.29305556416511536 0.05781250074505806 0.08611111342906952
0 0.645312488079071 0.7222222089767456 0.03229166567325592 0.07407407462596893
0 0.6015625 0.7981481552124023 0.03125 0.06666667014360428
0 0.3838541805744171 0.46851852536201477 0.04583333432674408 0.06481481343507767
0 0.42786458134651184 0.5111111402511597 0.03072916716337204 0.09444444626569748
0 0.5721353888511658 0.5462962985038757 0.04843749850988388 0.07222222536802292
0 0.32890623807907104 0.7361111044883728 0.03802083432674408 0.07407407462596893
0 0.5252603888511658 0.16944444179534912 0.03697916492819786 0.05925925821065903
0 0.592968761920929 0.44398146867752075 0.04739583283662796 0.07500000298023224