0 0.42916667461395264 0.21666666865348816 0.03854166716337204 0.03888889029622078
1 0.43802082538604736 0.20462962985038757 0.01354166679084301 0.029629629105329514
1 0.38854166865348816 0.720370352268219 0.015625 0.025925925001502037
1 0.5901041626930237 0.5027777552604675 0.01770833320915699 0.02777777798473835
1 0.4375 0.17685185372829437 0.014583333395421505 0.024074073880910873
1 0.6145833134651184 0.772685170173645 0.01770833320915699 0.028703704476356506
1 0.5278645753860474 0.2925925850868225 0.01718750037252903 0.031481482088565826
1 0.4427083432674408 0.2481481432914734 0.015625 0.029629629105329514
0 0.42916667461395264 0.25138887763023376 0.04479166492819786 0.037962961941957474
1 0.6283854246139526 0.27314814925193787 0.015104166232049465 0.025925925001502037
1 0.6617187261581421 0.6731481552124023 0.01718750037252903 0.025925925001502037
1 0.5953124761581421 0.6060185432434082 0.01875000074505806 0.028703704476356506
1 0.3661458194255829 0.22546295821666718 0.015625 0.026851851493120193
1 0.3776041567325592 0.35046297311782837 0.01979166641831398 0.03055555559694767
1 0.5604166388511658 0.31018519401550293 0.01875000074505806 0.031481482088565826
0 0.4505208432674408 0.16388888657093048 0.03854166716337204 0.051851850003004074
0 0.5132812261581421 0.29722222685813904 0.04531250149011612 0.04444444552063942
0 0.6557291746139526 0.6953703761100769 0.03437500074505806 0.07407407462596893
0 0.6065104007720947 0.793055534362793 0.03593749925494194 0.0694444477558136
0 0.6395833492279053 0.28842592239379883 0.0364583320915699 0.06018518656492233
0 0.5880208611488342 0.5842592716217041 0.03333333507180214 0.07592592388391495
0 0.5544270873069763 0.29490742087364197 0.02968749962747097 0.06203703582286835
0 0.5994791388511658 0.48564815521240234 0.03750000149011612 0.07129629701375961
0 0.3700520694255829 0.32870370149612427 0.0338541679084301 0.07962962985038757
0 0.37578123807907104 0.2171296328306198 0.03177083283662796 0.04722222313284874
0 0.3864583373069763 0.6949074268341064 0.03020833246409893 0.08981481194496155