1 0.52734375 0.862500011920929 0.01718750037252903 0.028703704476356506
3 0.3776041567325592 0.8111110925674438 0.06666667014360428 0.09259258955717087
1 0.4182291626930237 0.3879629671573639 0.01666666753590107 0.025925925001502037
1 0.4143229126930237 0.3231481611728668 0.015104166232049465 0.02777777798473835
0 0.38723957538604736 0.8268518447875977 0.02031249925494194 0.04259259253740311
1 0.5486978888511658 0.760185182094574 0.01718750037252903 0.029629629105329514
0 0.5205729007720947 0.862500011920929 0.03177083283662796 0.037962961941957474
1 0.4489583373069763 0.22453702986240387 0.02083333395421505 0.03055555559694767
0 0.3645833432674408 0.7851851582527161 0.03229166567325592 0.03888889029622078
0 0.3661458194255829 0.8194444179534912 0.03229166567325592 0.03703703731298447
1 0.3695312440395355 0.3203703761100769 0.01718750037252903 0.029629629105329514
1 0.4270833432674408 0.8685185313224792 0.01875000074505806 0.031481482088565826
1 0.37708333134651184 0.5162037014961243 0.01875000074505806 0.026851851493120193
0 0.5518229007720947 0.7759259343147278 0.02760416641831398 0.06851851940155029
0 0.42656248807907104 0.3097222149372101 0.03958333283662796 0.05462963134050369
0 0.41718751192092896 0.852314829826355 0.03958333283662796 0.07870370149612427
0 0.37890625 0.5412036776542664 0.02864583395421505 0.08611111342906952
0 0.38072916865348816 0.31296294927597046 0.04062499850988388 0.05000000074505806
0 0.41197916865348816 0.380092591047287 0.03333333507180214 0.05462963134050369
0 0.5059896111488342 0.7805555462837219 0.02552083320915699 0.07962962985038757
0 0.44843751192092896 0.20277777314186096 0.02812499925494194 0.07777778059244156