3 0.3307291567325592 0.2699074149131775 0.04062499850988388 0.09537036716938019
1 0.29505208134651184 0.4773148000240326 0.01927083358168602 0.03055555559694767
0 0.3453125059604645 0.24537037312984467 0.02291666716337204 0.0555555559694767
1 0.6119791865348816 0.3472222089767456 0.01875000074505806 0.029629629105329514
1 0.3734374940395355 0.3662036955356598 0.015625 0.021296296268701553
1 0.6752604246139526 0.6921296119689941 0.01718750037252903 0.028703704476356506
1 0.44999998807907104 0.42500001192092896 0.01875000074505806 0.02777777798473835
1 0.2828125059604645 0.5055555701255798 0.01875000074505806 0.02777777798473835
1 0.3252604305744171 0.4416666626930237 0.01718750037252903 0.02777777798473835
1 0.32343751192092896 0.3064814805984497 0.02083333395421505 0.02777777798473835
1 0.4333333373069763 0.1509259194135666 0.01354166679084301 0.02777777798473835
0 0.30156248807907104 0.4546296298503876 0.02916666679084301 0.06481481343507767
1 0.39010417461395264 0.4384259283542633 0.01666666753590107 0.02500000037252903
1 0.41328126192092896 0.25046294927597046 0.01822916604578495 0.02500000037252903
0 0.3257812559604645 0.28518518805503845 0.03072916716337204 0.06111111119389534
0 0.39765626192092896 0.4138889014720917 0.0338541679084301 0.07037036865949631
0 0.44999998807907104 0.39814814925193787 0.02916666679084301 0.08518518507480621
0 0.3330729305744171 0.41620370745658875 0.02968749962747097 0.06759259104728699
0 0.37317708134651184 0.3384259343147278 0.02760416641831398 0.07870370149612427
0 0.40963542461395264 0.2750000059604645 0.03072916716337204 0.07777778059244156
0 0.28177082538604736 0.5319444537162781 0.02708333358168602 0.0824074074625969
0 0.6802083253860474 0.6726852059364319 0.03125 0.07870370149612427
0 0.4234375059604645 0.1509259194135666 0.03541666641831398 0.0555555559694767
0 0.617968738079071 0.3712962865829468 0.03281249850988388 0.09814814478158951