1 0.35338541865348816 0.25138887763023376 0.01927083358168602 0.028703704476356506
3 0.3674479126930237 0.2222222238779068 0.04843749850988388 0.09259258955717087
1 0.3075520694255829 0.4402777850627899 0.01614583283662796 0.02500000037252903
1 0.3726562559604645 0.3638888895511627 0.015104166232049465 0.02222222276031971
1 0.3239583373069763 0.44212964177131653 0.01979166641831398 0.026851851493120193
1 0.4085937440395355 0.25648146867752075 0.01822916604578495 0.024074073880910873
1 0.39114582538604736 0.43287035822868347 0.01770833320915699 0.028703704476356506
1 0.6338541507720947 0.7212963104248047 0.01666666753590107 0.029629629105329514
1 0.4242187440395355 0.1606481522321701 0.01614583283662796 0.03055555559694767
1 0.6916666626930237 0.6324074268341064 0.01875000074505806 0.029629629105329514
1 0.30416667461395264 0.6722221970558167 0.01979166641831398 0.02777777798473835
0 0.3739583194255829 0.20370370149612427 0.03229166567325592 0.0555555559694767
1 0.44999998807907104 0.42500001192092896 0.01875000074505806 0.025925925001502037
0 0.39895832538604736 0.40925925970077515 0.03437500074505806 0.07407407462596893
1 0.6263020634651184 0.7856481671333313 0.01718750037252903 0.028703704476356506
0 0.40833333134651184 0.28425925970077515 0.02604166604578495 0.0833333358168602
0 0.41197916865348816 0.16527777910232544 0.03958333283662796 0.049074072390794754
0 0.6213541626930237 0.7347221970558167 0.046875 0.0694444477558136
0 0.3330729305744171 0.4194444417953491 0.02968749962747097 0.06851851940155029
0 0.4505208432674408 0.3967592716217041 0.02812499925494194 0.0824074074625969
0 0.37317708134651184 0.33703702688217163 0.02656250074505806 0.07962962985038757
0 0.3088541626930237 0.6953703761100769 0.03229166567325592 0.08148147910833359
0 0.6950520873069763 0.612500011920929 0.03177083283662796 0.09351851791143417
0 0.30130207538604736 0.4694444537162781 0.02968749962747097 0.07962962985038757
0 0.6372395753860474 0.7787036895751953 0.03697916492819786 0.05925925821065903