3 0.4216145873069763 0.28842592239379883 0.04635416716337204 0.07500000298023224
0 0.5078125 0.7851851582527161 0.02812499925494194 0.029629629105329514
0 0.39140623807907104 0.23333333432674408 0.01614583283662796 0.03333333507180214
4 0.43020832538604736 0.30324074625968933 0.03125 0.049074072390794754
1 0.4390625059604645 0.7662037014961243 0.014583333395421505 0.01944444514811039
1 0.39114582538604736 0.23055554926395416 0.012500000186264515 0.024074073880910873
0 0.46406251192092896 0.7875000238418579 0.02708333358168602 0.03055555559694767
0 0.37838542461395264 0.6310185194015503 0.02656250074505806 0.03981481492519379
1 0.31458333134651184 0.4810185134410858 0.01666666753590107 0.023148147389292717
1 0.39765626192092896 0.6495370268821716 0.01406249962747097 0.023148147389292717
3 0.4026041626930237 0.2532407343387604 0.03541666641831398 0.06759259104728699
1 0.5856770873069763 0.36342594027519226 0.015104166232049465 0.023148147389292717
0 0.5822916626930237 0.37731480598449707 0.01770833320915699 0.05462963134050369
0 0.5950520634651184 0.4217592477798462 0.02760416641831398 0.049074072390794754
1 0.3708333373069763 0.39907407760620117 0.015625 0.02222222276031971
1 0.6377604007720947 0.644444465637207 0.01614583283662796 0.024074073880910873
0 0.3994791805744171 0.668055534362793 0.01979166641831398 0.06574074178934097
0 0.43697917461395264 0.7412037253379822 0.01979166641831398 0.06388889253139496
3 0.5911458134651184 0.39907407760620117 0.03854166716337204 0.10185185074806213
0 0.3140625059604645 0.49768519401550293 0.02187499962747097 0.0694444477558136
0 0.3736979067325592 0.37361112236976624 0.02135416679084301 0.06574074178934097
0 0.6408854126930237 0.6226851940155029 0.02552083320915699 0.0694444477558136