1 0.6138020753860474 0.8384259343147278 0.013020833022892475 0.023148147389292717
0 0.46145832538604736 0.1597222238779068 0.02083333395421505 0.034259259700775146
1 0.555468738079071 0.8736110925674438 0.01718750037252903 0.028703704476356506
1 0.4593749940395355 0.16249999403953552 0.01979166641831398 0.03055555559694767
1 0.4401041567325592 0.17129629850387573 0.014583333395421505 0.029629629105329514
1 0.5684896111488342 0.654629647731781 0.01822916604578495 0.02777777798473835
1 0.4937500059604645 0.17129629850387573 0.01875000074505806 0.031481482088565826
1 0.390625 0.7990740537643433 0.014583333395421505 0.02777777798473835
1 0.5518229007720947 0.5212963223457336 0.01718750037252903 0.031481482088565826
1 0.5888020992279053 0.8476851582527161 0.013020833022892475 0.026851851493120193
1 0.4989583194255829 0.5629629492759705 0.015625 0.031481482088565826
1 0.5026041865348816 0.23564815521240234 0.014583333395421505 0.026851851493120193
0 0.4869791567325592 0.15324074029922485 0.03958333283662796 0.06018518656492233
1 0.40572917461395264 0.21851852536201477 0.015625 0.025925925001502037
0 0.38072916865348816 0.7861111164093018 0.03958333283662796 0.06481481343507767
1 0.5697916746139526 0.20694445073604584 0.01770833320915699 0.03055555559694767
0 0.6026041507720947 0.8342592716217041 0.03958333283662796 0.05925925821065903
0 0.555468738079071 0.8671296238899231 0.02239583246409893 0.05092592537403107
0 0.42786458134651184 0.1736111044883728 0.03802083432674408 0.0416666679084301
0 0.41874998807907104 0.23333333432674408 0.03333333507180214 0.05740740895271301
0 0.56640625 0.677314817905426 0.03072916716337204 0.08981481194496155
0 0.5098958611488342 0.5773147940635681 0.03958333283662796 0.0694444477558136
0 0.5833333134651184 0.20555555820465088 0.04895833507180214 0.05925925821065903
0 0.5658854246139526 0.5310184955596924 0.04739583283662796 0.06388889253139496
0 0.48776042461395264 0.2361111044883728 0.0442708320915699 0.046296294778585434