3 0.6955729126930237 0.4513888955116272 0.03281249850988388 0.09351851791143417
1 0.4338541626930237 0.33287036418914795 0.015625 0.028703704476356506
1 0.63671875 0.48564815521240234 0.01718750037252903 0.032407406717538834
0 0.47994792461395264 0.842129647731781 0.03072916716337204 0.04537037014961243
1 0.6924479007720947 0.39120370149612427 0.01927083358168602 0.028703704476356506
1 0.69140625 0.47361111640930176 0.01718750037252903 0.02500000037252903
1 0.47343748807907104 0.6435185074806213 0.015625 0.02777777798473835
1 0.5364583134651184 0.5629629492759705 0.01770833320915699 0.025925925001502037
1 0.6664062738418579 0.3412036895751953 0.01718750037252903 0.032407406717538834
1 0.3539062440395355 0.5532407164573669 0.01614583283662796 0.028703704476356506
1 0.6351562738418579 0.5884259343147278 0.01614583283662796 0.028703704476356506
1 0.48906248807907104 0.4939814805984497 0.01666666753590107 0.03055555559694767
1 0.6895833611488342 0.6189814805984497 0.01666666753590107 0.028703704476356506
0 0.6505208611488342 0.48842594027519226 0.04791666567325592 0.06388889253139496
0 0.6947916746139526 0.45092591643333435 0.03020833246409893 0.08888889104127884
0 0.6520833373069763 0.33657407760620117 0.046875 0.05277777835726738
0 0.5317708253860474 0.5865740776062012 0.03333333507180214 0.09166666865348816
0 0.6958333253860474 0.5990740656852722 0.03125 0.08888889104127884
0 0.6916666626930237 0.3652777671813965 0.02812499925494194 0.07314814627170563
0 0.4671874940395355 0.6620370149612427 0.03437500074505806 0.08148147910833359
0 0.43828123807907104 0.3134259283542633 0.03177083283662796 0.08981481194496155
0 0.37031251192092896 0.5435185432434082 0.05624999850988388 0.07592592388391495
0 0.6463541388511658 0.5796296000480652 0.04583333432674408 0.06666667014360428
0 0.5018228888511658 0.47777777910232544 0.05364583432674408 0.07962962985038757