1 0.5583333373069763 0.8629629611968994 0.01770833320915699 0.02777777798473835
0 0.5760416388511658 0.15833333134651184 0.03020833246409893 0.03888889029622078
4 0.5640624761581421 0.5120370388031006 0.046875 0.0833333358168602
0 0.5645833611488342 0.5111111402511597 0.04583333432674408 0.0833333358168602
1 0.5924479365348816 0.16898147761821747 0.015104166232049465 0.032407406717538834
3 0.592968761920929 0.18009258806705475 0.05885416641831398 0.07314814627170563
0 0.561718761920929 0.2023148089647293 0.05156249925494194 0.06018518656492233
1 0.49427083134651184 0.14305555820465088 0.015625 0.028703704476356506
1 0.5489583611488342 0.5199074149131775 0.015625 0.028703704476356506
1 0.5119791626930237 0.7458333373069763 0.01666666753590107 0.028703704476356506
1 0.49791666865348816 0.5560185313224792 0.01875000074505806 0.03055555559694767
0 0.6039062738418579 0.18472221493721008 0.04218750074505806 0.06018518656492233
1 0.4869791567325592 0.1675925999879837 0.015625 0.031481482088565826
0 0.5044270753860474 0.14814814925193787 0.0338541679084301 0.051851850003004074
1 0.5028645992279053 0.2629629671573639 0.01614583283662796 0.029629629105329514
0 0.5390625 0.14351852238178253 0.04062499850988388 0.035185184329748154
0 0.5088541507720947 0.5439814925193787 0.04374999925494194 0.06018518656492233
0 0.5223958492279053 0.7587962746620178 0.0364583320915699 0.06574074178934097
0 0.4697916805744171 0.16203702986240387 0.04270833358168602 0.05000000074505806
0 0.5572916865348816 0.8685185313224792 0.02916666679084301 0.04814814776182175
0 0.5171874761581421 0.2708333432674408 0.046875 0.06203703582286835