1 0.36796873807907104 0.4833333194255829 0.015104166232049465 0.029629629105329514
1 0.43281251192092896 0.8259259462356567 0.01145833358168602 0.02222222276031971
1 0.6190103888511658 0.7430555820465088 0.01614583283662796 0.023148147389292717
3 0.36770832538604736 0.48842594027519226 0.07083333283662796 0.07500000298023224
1 0.6341145634651184 0.5939815044403076 0.01614583283662796 0.026851851493120193
1 0.6135416626930237 0.5273148417472839 0.01354166679084301 0.03055555559694767
1 0.6330729126930237 0.6944444179534912 0.015104166232049465 0.025925925001502037
1 0.33984375 0.46666666865348816 0.015104166232049465 0.031481482088565826
1 0.6606770753860474 0.5041666626930237 0.01718750037252903 0.02500000037252903
0 0.3479166626930237 0.47083333134651184 0.03541666641831398 0.049074072390794754
1 0.3265624940395355 0.7152777910232544 0.014583333395421505 0.02500000037252903
1 0.29869791865348816 0.6087962985038757 0.01614583283662796 0.02500000037252903
0 0.4476562440395355 0.8152777552604675 0.03177083283662796 0.03981481492519379
0 0.38489583134651184 0.5013889074325562 0.03750000149011612 0.05277777835726738
0 0.6580728888511658 0.4763889014720917 0.03072916716337204 0.07314814627170563
0 0.3674479126930237 0.7754629850387573 0.03281249850988388 0.06018518656492233
0 0.6385416388511658 0.5773147940635681 0.03125 0.07314814627170563
0 0.6226562261581421 0.5212963223457336 0.04010416567325592 0.05370370298624039
0 0.29739582538604736 0.5912036895751953 0.02500000037252903 0.07314814627170563
0 0.6390625238418579 0.710185170173645 0.02916666679084301 0.06666667014360428
0 0.33385416865348816 0.7287036776542664 0.03020833246409893 0.05370370298624039
0 0.4088541567325592 0.8291666507720947 0.03020833246409893 0.03981481492519379
0 0.6122395992279053 0.7606481313705444 0.02864583395421505 0.06388889253139496