1 0.5531250238418579 0.7226851582527161 0.01666666753590107 0.03611111268401146
1 0.4973958432674408 0.8439815044403076 0.012500000186264515 0.032407406717538834
1 0.5208333134651184 0.6824073791503906 0.014583333395421505 0.02777777798473835
0 0.32734376192092896 0.6236110925674438 0.03072916716337204 0.07870370149612427
0 0.32213541865348816 0.5629629492759705 0.04010416567325592 0.05370370298624039
1 0.5393229126930237 0.8125 0.015104166232049465 0.03055555559694767
1 0.5291666388511658 0.3541666567325592 0.01770833320915699 0.026851851493120193
1 0.3283854126930237 0.6421296000480652 0.01927083358168602 0.028703704476356506
1 0.5101562738418579 0.6240741014480591 0.01927083358168602 0.029629629105329514
0 0.5588541626930237 0.7421296238899231 0.02916666679084301 0.06574074178934097
0 0.5255208611488342 0.8097222447395325 0.04583333432674408 0.04722222313284874
1 0.6479166746139526 0.21898147463798523 0.015625 0.023148147389292717
1 0.6898437738418579 0.2944444417953491 0.015104166232049465 0.025925925001502037
0 0.535937488079071 0.6902777552604675 0.03854166716337204 0.049074072390794754
0 0.5026041865348816 0.6402778029441833 0.03125 0.06574074178934097
0 0.32421875 0.6027777791023254 0.04218750074505806 0.12962962687015533
1 0.4515624940395355 0.8430555462837219 0.015625 0.03055555559694767
0 0.5036458373069763 0.7041666507720947 0.02708333358168602 0.07685185223817825
0 0.6026041507720947 0.7486110925674438 0.04583333432674408 0.049074072390794754
3 0.547656238079071 0.7194444537162781 0.05156249925494194 0.10370370000600815
3 0.5028645992279053 0.675000011920929 0.03281249850988388 0.12777778506278992
0 0.526562511920929 0.33287036418914795 0.02708333358168602 0.08055555820465088
0 0.4622395932674408 0.8504629731178284 0.04322916641831398 0.06203703582286835
0 0.6458333134651184 0.2013888955116272 0.03125 0.06759259104728699
0 0.6825520992279053 0.28333333134651184 0.03593749925494194 0.05740740895271301