0 0.2971354126930237 0.5472221970558167 0.02968749962747097 0.0555555559694767
1 0.3541666567325592 0.6643518805503845 0.02083333395421505 0.026851851493120193
1 0.3098958432674408 0.6532407402992249 0.015625 0.02500000037252903
1 0.33281248807907104 0.5870370268821716 0.014583333395421505 0.020370369777083397
0 0.3502604067325592 0.6310185194015503 0.02656250074505806 0.06759259104728699
0 0.2906250059604645 0.4870370328426361 0.02500000037252903 0.06111111119389534
0 0.5466145873069763 0.6666666865348816 0.04531250149011612 0.08703703433275223
1 0.6010416746139526 0.22546295821666718 0.015625 0.03055555559694767
1 0.4645833373069763 0.7226851582527161 0.01770833320915699 0.03055555559694767
1 0.5354166626930237 0.6875 0.015625 0.028703704476356506
1 0.6080729365348816 0.5240740776062012 0.01614583283662796 0.031481482088565826
1 0.40052083134651184 0.7476851940155029 0.015625 0.03055555559694767
3 0.2984375059604645 0.5796296000480652 0.03020833246409893 0.11666666716337204
0 0.3135416805744171 0.6736111044883728 0.02604166604578495 0.06574074178934097
0 0.29739582538604736 0.6013888716697693 0.02708333358168602 0.07314814627170563
0 0.3372395932674408 0.5615741014480591 0.02552083320915699 0.06759259104728699
3 0.29296875 0.5120370388031006 0.02968749962747097 0.1111111119389534
0 0.3578124940395355 0.7027778029441833 0.02812499925494194 0.06851851940155029
3 0.3463541567325592 0.5962963104248047 0.0364583320915699 0.12777778506278992
0 0.6111978888511658 0.23425926268100739 0.04010416567325592 0.07037036865949631
0 0.47708332538604736 0.7120370268821716 0.04583333432674408 0.07222222536802292
0 0.6184895634651184 0.5180555582046509 0.0494791679084301 0.07500000298023224
0 0.4169270694255829 0.7462962865829468 0.04635416716337204 0.06481481343507767