3 0.45260417461395264 0.307407408952713 0.03541666641831398 0.1259259283542633
1 0.31171876192092896 0.45185184478759766 0.01614583283662796 0.031481482088565826
1 0.4427083432674408 0.3231481611728668 0.02083333395421505 0.031481482088565826
1 0.3148437440395355 0.3930555582046509 0.01614583283662796 0.02500000037252903
1 0.33255207538604736 0.31990739703178406 0.01718750037252903 0.026851851493120193
0 0.3111979067325592 0.4069444537162781 0.02552083320915699 0.06018518656492233
3 0.3075520694255829 0.4523148238658905 0.03281249850988388 0.12129629403352737
1 0.7033854126930237 0.5018518567085266 0.01718750037252903 0.024074073880910873
0 0.30651041865348816 0.4740740656852722 0.02968749962747097 0.07222222536802292
0 0.3278645873069763 0.34398147463798523 0.02864583395421505 0.06574074178934097
1 0.6557291746139526 0.27638888359069824 0.01770833320915699 0.026851851493120193
1 0.3776041567325592 0.720370352268219 0.014583333395421505 0.02777777798473835
1 0.45911458134651184 0.260185182094574 0.01822916604578495 0.025925925001502037
1 0.5645833611488342 0.35092592239379883 0.01875000074505806 0.031481482088565826
0 0.4559895694255829 0.2787036895751953 0.02760416641831398 0.07222222536802292
1 0.5570312738418579 0.16898147761821747 0.01718750037252903 0.03611111268401146
0 0.35755208134651184 0.30416667461395264 0.0338541679084301 0.05092592537403107
0 0.44583332538604736 0.34490740299224854 0.0416666679084301 0.07314814627170563
0 0.7033854126930237 0.5231481194496155 0.02864583395421505 0.0833333358168602
0 0.5697916746139526 0.16898147761821747 0.04270833358168602 0.06388889253139496
0 0.5692708492279053 0.3722222149372101 0.03333333507180214 0.09074074029922485
0 0.6505208611488342 0.25833332538604736 0.03750000149011612 0.07037036865949631
0 0.36796873807907104 0.6995370388031006 0.04635416716337204 0.08425925672054291