3 0.5570312738418579 0.45694443583488464 0.05781250074505806 0.07129629701375961
0 0.5518229007720947 0.4208333194255829 0.02239583246409893 0.05092592537403107
1 0.5291666388511658 0.47546297311782837 0.01354166679084301 0.028703704476356506
1 0.5184895992279053 0.47453704476356506 0.01406249962747097 0.028703704476356506
1 0.44453126192092896 0.8379629850387573 0.01927083358168602 0.02777777798473835
1 0.45260417461395264 0.8379629850387573 0.01666666753590107 0.025925925001502037
3 0.5307291746139526 0.3472222089767456 0.05937499925494194 0.07777778059244156
1 0.5286458134651184 0.8592592477798462 0.015625 0.029629629105329514
0 0.5510416626930237 0.369907408952713 0.02395833283662796 0.07129629701375961
1 0.653124988079071 0.2273148149251938 0.01666666753590107 0.023148147389292717
0 0.542187511920929 0.47361111640930176 0.03541666641831398 0.0416666679084301
0 0.5708333253860474 0.44999998807907104 0.03125 0.051851850003004074
0 0.43802082538604736 0.7620370388031006 0.02395833283662796 0.07592592388391495
1 0.721875011920929 0.5680555701255798 0.01770833320915699 0.026851851493120193
3 0.5533854365348816 0.39027777314186096 0.0338541679084301 0.11944444477558136
1 0.4781250059604645 0.3777777850627899 0.01666666753590107 0.029629629105329514
0 0.46041667461395264 0.8532407283782959 0.03958333283662796 0.05833333358168602
0 0.503125011920929 0.46388888359069824 0.04062499850988388 0.04814814776182175
0 0.7247396111488342 0.550000011920929 0.02864583395421505 0.08518518507480621
0 0.5177083611488342 0.3291666805744171 0.03854166716337204 0.04537037014961243
0 0.4893229305744171 0.3916666805744171 0.03802083432674408 0.06296296417713165
0 0.42656248807907104 0.8217592835426331 0.02708333358168602 0.05462963134050369
3 0.4312500059604645 0.7851851582527161 0.03541666641831398 0.1240740716457367
0 0.6520833373069763 0.21157407760620117 0.02916666679084301 0.05462963134050369