1 0.47994792461395264 0.8157407641410828 0.013020833022892475 0.018518518656492233
1 0.5065104365348816 0.730555534362793 0.01197916641831398 0.020370369777083397
1 0.45885416865348816 0.6074073910713196 0.01145833358168602 0.020370369777083397
1 0.42500001192092896 0.7837963104248047 0.01145833358168602 0.021296296268701553
1 0.4749999940395355 0.8143518567085266 0.010416666977107525 0.017592592164874077
1 0.3921875059604645 0.7509258985519409 0.01145833358168602 0.020370369777083397
1 0.4950520694255829 0.5 0.013020833022892475 0.024074073880910873
1 0.4468750059604645 0.3499999940395355 0.01354166679084301 0.029629629105329514
0 0.46484375 0.8148148059844971 0.02760416641831398 0.03703703731298447
0 0.41796875 0.7837963104248047 0.02656250074505806 0.034259259700775146
0 0.5559895634651184 0.8041666746139526 0.0234375 0.03981481492519379
0 0.3578124940395355 0.6550925970077515 0.02500000037252903 0.05648148059844971
0 0.4963541626930237 0.7421296238899231 0.03333333507180214 0.05092592537403107
0 0.45364582538604736 0.6175925731658936 0.03020833246409893 0.05925925821065903
0 0.40182292461395264 0.7361111044883728 0.03281249850988388 0.04814814776182175
0 0.6234375238418579 0.6004629731178284 0.0364583320915699 0.06018518656492233
0 0.4856770932674408 0.5120370388031006 0.03281249850988388 0.05925925821065903
0 0.4580729305744171 0.3499999940395355 0.03489583358168602 0.046296294778585434