0 0.3847222328186035 0.2991352081298828 0.05092592537403107 0.044811319559812546
3 0.12824073433876038 0.4449685513973236 0.10092592239379883 0.08176100999116898
3 0.28518518805503845 0.4178459048271179 0.0833333358168602 0.0416666679084301
0 0.33194443583488464 0.2633647918701172 0.03981481492519379 0.026729559525847435
0 0.21990740299224854 0.3274371027946472 0.0416666679084301 0.03694968670606613
1 0.25925925374031067 0.41352200508117676 0.02777777798473835 0.025157231837511063
1 0.1666666716337204 0.5224056839942932 0.03333333507180214 0.027515722438693047
3 0.37453705072402954 0.29441824555397034 0.07129629701375961 0.055817611515522
0 0.3583333194255829 0.36360064148902893 0.06481481343507767 0.04638364911079407
0 0.37037035822868347 0.44732704758644104 0.05740740895271301 0.039308175444602966
1 0.44675925374031067 0.22523584961891174 0.03055555559694767 0.02437106892466545
1 0.08981481194496155 0.4654088020324707 0.03333333507180214 0.025157231837511063
1 0.6694444417953491 0.29677674174308777 0.03333333507180214 0.02437106892466545
1 0.38657405972480774 0.41981130838394165 0.03055555559694767 0.022012578323483467
1 0.4625000059604645 0.3746069073677063 0.03055555559694767 0.027515722438693047
3 0.34166666865348816 0.2841981053352356 0.06111111119389534 0.06996855139732361
1 0.11759259551763535 0.31682389974594116 0.029629629105329514 0.025157231837511063
0 0.2856481373310089 0.41981130838394165 0.07314814627170563 0.04088050499558449
1 0.3759259283542633 0.3537735939025879 0.024074073880910873 0.0172955971211195
0 0.09537036716938019 0.44850629568099976 0.05370370298624039 0.06053459271788597
1 0.4148148000240326 0.5872641801834106 0.031481482088565826 0.02358490601181984
1 0.4435185194015503 0.41941824555397034 0.029629629105329514 0.02437106892466545
1 0.20879629254341125 0.3675314486026764 0.03055555559694767 0.021226415410637856
1 0.33796295523643494 0.2582547068595886 0.029629629105329514 0.019654087722301483
1 0.4870370328426361 0.5978773832321167 0.031481482088565826 0.025943396613001823
0 0.4018518626689911 0.4088050425052643 0.06481481343507767 0.0487421378493309
0 0.6499999761581421 0.3180031478404999 0.07407407462596893 0.06996855139732361
0 0.48842594027519226 0.3675314486026764 0.07500000298023224 0.04795597493648529
0 0.4791666567325592 0.23466980457305908 0.08981481194496155 0.05267295613884926
0 0.46157407760620117 0.6029874086380005 0.08425925672054291 0.044025156646966934
0 0.2152777761220932 0.3962264060974121 0.049074072390794754 0.06761006265878677
0 0.15694443881511688 0.5023584961891174 0.05648148059844971 0.07232704758644104
0 0.3888888955116272 0.569968581199646 0.07592592388391495 0.05188679322600365
0 0.4625000059604645 0.43514150381088257 0.06574074178934097 0.05267295613884926
0 0.12962962687015533 0.32468554377555847 0.06851851940155029 0.056603774428367615