4 0.4898437559604645 0.5564814805984497 0.04739583283662796 0.09074074029922485
0 0.49036458134651184 0.5578703880310059 0.04635416716337204 0.08981481194496155
1 0.4986979067325592 0.885185182094574 0.01927083358168602 0.031481482088565826
1 0.71484375 0.7152777910232544 0.02031249925494194 0.02500000037252903
0 0.49791666865348816 0.8972222208976746 0.02083333395421505 0.05000000074505806
1 0.015625 0.5268518328666687 0.01770833320915699 0.02777777798473835
1 0.7210937738418579 0.677314817905426 0.01822916604578495 0.026851851493120193
1 0.5208333134651184 0.8527777791023254 0.02083333395421505 0.031481482088565826
1 0.04479166492819786 0.3837963044643402 0.014583333395421505 0.023148147389292717
1 0.5588541626930237 0.5800926089286804 0.01979166641831398 0.03611111268401146
1 0.03463541716337204 0.260185182094574 0.01197916641831398 0.025925925001502037
1 0.3291666805744171 0.6523148417472839 0.01875000074505806 0.026851851493120193
1 0.6549479365348816 0.6777777671813965 0.01927083358168602 0.031481482088565826
1 0.6372395753860474 0.23981481790542603 0.01718750037252903 0.031481482088565826
0 0.014322916977107525 0.18796296417713165 0.02864583395421505 0.04259259253740311
1 0.38854166865348816 0.6162037253379822 0.015625 0.032407406717538834
0 0.5453125238418579 0.5782407522201538 0.05000000074505806 0.05462963134050369
1 0.5044270753860474 0.5717592835426331 0.01822916604578495 0.03055555559694767
0 0.5221354365348816 0.8717592358589172 0.02552083320915699 0.07314814627170563
0 0.014583333395421505 0.510185182094574 0.02812499925494194 0.07592592388391495
0 0.7138020992279053 0.7300925850868225 0.03072916716337204 0.06759259104728699
0 0.7281249761581421 0.6574074029922485 0.03333333507180214 0.07407407462596893
0 0.02421874925494194 0.2537037134170532 0.03802083432674408 0.05740740895271301
0 0.04583333432674408 0.37268519401550293 0.02812499925494194 0.0694444477558136
0 0.6341145634651184 0.7537037134170532 0.02864583395421505 0.0833333358168602
0 0.33281248807907104 0.6768518686294556 0.02916666679084301 0.08518518507480621
0 0.649218738079071 0.657870352268219 0.03697916492819786 0.0824074074625969
0 0.6479166746139526 0.25231480598449707 0.03958333283662796 0.06574074178934097
0 0.02630208246409893 0.44212964177131653 0.04114583507180214 0.0694444477558136
0 0.37682291865348816 0.6236110925674438 0.04843749850988388 0.07314814627170563