1 0.7005208134651184 0.7532407641410828 0.01875000074505806 0.034259259700775146
1 0.02578124962747097 0.2004629671573639 0.01614583283662796 0.023148147389292717
0 0.4973958432674408 0.8949074149131775 0.02083333395421505 0.049074072390794754
1 0.4971354305744171 0.8907407522201538 0.02239583246409893 0.035185184329748154
0 0.00989583320915699 0.18888889253139496 0.01979166641831398 0.029629629105329514
0 0.02578124962747097 0.22546295821666718 0.02135416679084301 0.0694444477558136
1 0.015104166232049465 0.5268518328666687 0.01770833320915699 0.02777777798473835
1 0.04322916641831398 0.2967592477798462 0.01666666753590107 0.02500000037252903
1 0.6341145634651184 0.729629635810852 0.01822916604578495 0.025925925001502037
1 0.0455729179084301 0.385185182094574 0.01718750037252903 0.025925925001502037
1 0.4234375059604645 0.6518518328666687 0.01979166641831398 0.03888889029622078
0 0.04479166492819786 0.3722222149372101 0.02500000037252903 0.07037036865949631
0 0.530468761920929 0.9092592597007751 0.03177083283662796 0.04814814776182175
1 0.5648437738418579 0.8481481671333313 0.01718750037252903 0.031481482088565826
1 0.7171875238418579 0.7166666388511658 0.01979166641831398 0.03333333507180214
1 0.5731770992279053 0.3444444537162781 0.01718750037252903 0.035185184329748154
1 0.5364583134651184 0.864814817905426 0.01770833320915699 0.029629629105329514
1 0.5388020873069763 0.380092591047287 0.02031249925494194 0.03055555559694767
0 0.01406249962747097 0.5083333253860474 0.02708333358168602 0.07777778059244156
0 0.5302083492279053 0.8388888835906982 0.02812499925494194 0.06296296417713165
0 0.5794270634651184 0.8412036895751953 0.0442708320915699 0.049074072390794754
0 0.5447916388511658 0.35972222685813904 0.03437500074505806 0.0694444477558136
0 0.58984375 0.3412036895751953 0.04218750074505806 0.049074072390794754
0 0.04088541492819786 0.31203705072402954 0.02656250074505806 0.06666667014360428
0 0.6356770992279053 0.7555555701255798 0.02968749962747097 0.08518518507480621
0 0.7088541388511658 0.7379629611968994 0.04374999925494194 0.07962962985038757
0 0.4091145694255829 0.6472222208976746 0.05572916567325592 0.07777778059244156
0 0.3531250059604645 0.7472222447395325 0.0364583320915699 0.08148147910833359