1 0.5533854365348816 0.1476851850748062 0.01927083358168602 0.03055555559694767
1 0.6184895634651184 0.20277777314186096 0.01614583283662796 0.029629629105329514
0 0.6109374761581421 0.18981482088565826 0.03229166567325592 0.051851850003004074
1 0.5848958492279053 0.710185170173645 0.01875000074505806 0.02777777798473835
0 0.6377604007720947 0.2101851850748062 0.02447916753590107 0.046296294778585434
1 0.6270833611488342 0.6282407641410828 0.01770833320915699 0.02500000037252903
3 0.5848958492279053 0.706944465637207 0.03125 0.11759259551763535
1 0.38359373807907104 0.8009259104728699 0.01406249962747097 0.025925925001502037
1 0.6174479126930237 0.6499999761581421 0.01614583283662796 0.02777777798473835
3 0.5981770753860474 0.17777778208255768 0.05885416641831398 0.07407407462596893
1 0.5854166746139526 0.27638888359069824 0.01666666753590107 0.028703704476356506
1 0.520312488079071 0.14398148655891418 0.01666666753590107 0.03055555559694767
1 0.57421875 0.7699074149131775 0.01718750037252903 0.028703704476356506
1 0.5570312738418579 0.5305555462837219 0.01614583283662796 0.031481482088565826
0 0.5830729007720947 0.15740740299224854 0.03177083283662796 0.046296294778585434
0 0.5861979126930237 0.6870370507240295 0.02760416641831398 0.07777778059244156
1 0.6130208373069763 0.4611110985279083 0.01770833320915699 0.025925925001502037
0 0.5825520753860474 0.7583333253860474 0.03489583358168602 0.06666667014360428
0 0.5065104365348816 0.1398148089647293 0.03697916492819786 0.040740739554166794
0 0.5442708134651184 0.1449074000120163 0.03437500074505806 0.037962961941957474
0 0.6395833492279053 0.6166666746139526 0.04270833358168602 0.05370370298624039
0 0.629687488079071 0.667129635810852 0.03854166716337204 0.05277777835726738
0 0.5986979007720947 0.26342591643333435 0.04531250149011612 0.05462963134050369
0 0.6177083253860474 0.43981480598449707 0.03333333507180214 0.08148147910833359
0 0.3736979067325592 0.7865740656852722 0.0338541679084301 0.06759259104728699
0 0.5700520873069763 0.5222222208976746 0.0442708320915699 0.06481481343507767