0 0.3601851761341095 0.2586477994918823 0.06296296417713165 0.044025156646966934
3 0.2291666716337204 0.38600629568099976 0.05277777835726738 0.07389937341213226
0 0.42222222685813904 0.2551100552082062 0.04444444552063942 0.02908805012702942
3 0.2291666716337204 0.436713844537735 0.06759259104728699 0.051100630313158035
1 0.21388888359069824 0.4245283007621765 0.031481482088565826 0.02358490601181984
0 0.2291666716337204 0.4386792480945587 0.06018518656492233 0.04559748247265816
3 0.25833332538604736 0.2830188572406769 0.07962962985038757 0.05188679322600365
0 0.2282407432794571 0.18317610025405884 0.07500000298023224 0.07232704758644104
3 0.44583332538604736 0.2582547068595886 0.08981481194496155 0.04009433835744858
0 0.44675925374031067 0.2578616440296173 0.08055555820465088 0.039308175444602966
1 0.4046296179294586 0.26218554377555847 0.02222222276031971 0.019654087722301483
3 0.22870370745658875 0.18199685215950012 0.07592592388391495 0.07311321049928665
1 0.6930555701255798 0.2771226465702057 0.028703704476356506 0.021226415410637856
0 0.29212963581085205 0.3899371027946472 0.05833333358168602 0.04088050499558449
1 0.2805555462837219 0.29638364911079407 0.024074073880910873 0.02358490601181984
1 0.36064815521240234 0.24724842607975006 0.02500000037252903 0.019654087722301483
1 0.192592591047287 0.5051100850105286 0.031481482088565826 0.02279874123632908
1 0.2787036895751953 0.3962264060974121 0.02777777798473835 0.02358490601181984
0 0.3027777671813965 0.46147799491882324 0.07777778059244156 0.0487421378493309
0 0.3222222328186035 0.30935534834861755 0.07037036865949631 0.0416666679084301
1 0.6958333253860474 0.5306603908538818 0.032407406717538834 0.028301887214183807
1 0.34074074029922485 0.3125 0.02777777798473835 0.021226415410637856
1 0.11759259551763535 0.4441823959350586 0.03333333507180214 0.026729559525847435
1 0.23287037014961243 0.4033018946647644 0.03055555559694767 0.020440252497792244
1 0.5004629492759705 0.3183962404727936 0.03055555559694767 0.025157231837511063
1 0.14861111342906952 0.29677674174308777 0.03055555559694767 0.02437106892466545
3 0.36759260296821594 0.26611635088920593 0.07222222536802292 0.055817611515522
1 0.762499988079071 0.5161163806915283 0.03055555559694767 0.027515722438693047
1 0.25 0.1603773534297943 0.029629629105329514 0.022012578323483467
0 0.6625000238418579 0.5389150977134705 0.0824074074625969 0.0416666679084301
0 0.6745370626449585 0.30031445622444153 0.0694444477558136 0.06761006265878677
0 0.5212963223457336 0.30110064148902893 0.07592592388391495 0.06132075563073158
0 0.23055554926395416 0.3836477994918823 0.05000000074505806 0.06603773683309555
0 0.1865740716457367 0.4858490526676178 0.049074072390794754 0.06603773683309555
0 0.7425925731658936 0.5341981053352356 0.07037036865949631 0.06367924809455872
0 0.2560185194015503 0.28262579441070557 0.07314814627170563 0.04795597493648529
0 0.12361110746860504 0.4288522005081177 0.05462963134050369 0.06682389974594116
0 0.16111111640930176 0.30778300762176514 0.06666667014360428 0.057389937341213226