1 0.4802083373069763 0.30601853132247925 0.014583333395421505 0.03055555559694767
0 0.5604166388511658 0.3231481611728668 0.03437500074505806 0.06296296417713165
1 0.5835937261581421 0.32685184478759766 0.02031249925494194 0.03703703731298447
3 0.5122395753860474 0.28009259700775146 0.05260416492819786 0.05833333358168602
0 0.532031238079071 0.2907407283782959 0.03281249850988388 0.0555555559694767
1 0.2932291626930237 0.5009258985519409 0.015625 0.02222222276031971
3 0.4807291626930237 0.2953703701496124 0.07187499850988388 0.07777778059244156
1 0.3057291805744171 0.34768518805503845 0.01770833320915699 0.026851851493120193
0 0.5953124761581421 0.3453703820705414 0.04374999925494194 0.07222222536802292
1 0.6106770634651184 0.5777778029441833 0.01718750037252903 0.031481482088565826
1 0.4229166805744171 0.7953703999519348 0.012500000186264515 0.025925925001502037
1 0.3854166567325592 0.37361112236976624 0.01666666753590107 0.03055555559694767
3 0.543749988079071 0.3037036955356598 0.06041666492819786 0.07962962985038757
3 0.590624988079071 0.3421296179294586 0.05312500149011612 0.07500000298023224
1 0.40312498807907104 0.19722221791744232 0.01770833320915699 0.02777777798473835
0 0.31041666865348816 0.32499998807907104 0.03020833246409893 0.07037036865949631
0 0.4166666567325592 0.7745370268821716 0.03020833246409893 0.07685185223817825
0 0.4661458432674408 0.31203705072402954 0.04374999925494194 0.05000000074505806
0 0.6036458611488342 0.5981481671333313 0.04062499850988388 0.07592592388391495
0 0.4111979305744171 0.18472221493721008 0.03802083432674408 0.05833333358168602
0 0.37578123807907104 0.3583333194255829 0.0442708320915699 0.06851851940155029
0 0.3856770694255829 0.8125 0.0338541679084301 0.04537037014961243
0 0.28984373807907104 0.5231481194496155 0.02447916753590107 0.07777778059244156