1 0.4585937559604645 0.8675925731658936 0.01614583283662796 0.02222222276031971
1 0.6768229007720947 0.4393518567085266 0.01718750037252903 0.02500000037252903
1 0.6778646111488342 0.5157407522201538 0.01718750037252903 0.024074073880910873
0 0.3942708373069763 0.8388888835906982 0.05416666716337204 0.06296296417713165
1 0.3942708373069763 0.19074073433876038 0.014583333395421505 0.024074073880910873
1 0.524218738079071 0.8615740537643433 0.01927083358168602 0.03055555559694767
1 0.5252603888511658 0.3777777850627899 0.01927083358168602 0.02777777798473835
1 0.2979166805744171 0.6384259462356567 0.01875000074505806 0.026851851493120193
1 0.35364583134651184 0.23564815521240234 0.014583333395421505 0.02500000037252903
0 0.41458332538604736 0.8476851582527161 0.03020833246409893 0.049074072390794754
0 0.38333332538604736 0.8305555582046509 0.03229166567325592 0.04259259253740311
1 0.43151041865348816 0.16388888657093048 0.01718750037252903 0.029629629105329514
0 0.6773437261581421 0.45277777314186096 0.02864583395421505 0.07222222536802292
1 0.6315104365348816 0.2828703820705414 0.01406249962747097 0.026851851493120193
0 0.5151041746139526 0.8643518686294556 0.03229166567325592 0.03981481492519379
1 0.3760416805744171 0.8273147940635681 0.01666666753590107 0.03055555559694767
0 0.4963541626930237 0.35879629850387573 0.03854166716337204 0.04537037014961243
0 0.40312498807907104 0.17916665971279144 0.03125 0.04537037014961243
0 0.4440104067325592 0.1587962955236435 0.0390625 0.043518517166376114
0 0.3020833432674408 0.6597222089767456 0.02916666679084301 0.07870370149612427
0 0.6794270873069763 0.5370370149612427 0.02864583395421505 0.0833333358168602
0 0.36380207538604736 0.22777777910232544 0.0338541679084301 0.04444444552063942
0 0.5283854007720947 0.3550925850868225 0.0234375 0.07870370149612427
0 0.4572916626930237 0.8462963104248047 0.02708333358168602 0.06666667014360428
0 0.6390625238418579 0.2953703701496124 0.03541666641831398 0.06666667014360428