0 0.6442708373069763 0.3643518388271332 0.02916666679084301 0.06759259104728699
3 0.6450520753860474 0.3958333432674408 0.02968749962747097 0.11759259551763535
1 0.6109374761581421 0.5874999761581421 0.015625 0.026851851493120193
1 0.6286458373069763 0.27407407760620117 0.015625 0.025925925001502037
1 0.34947916865348816 0.24768517911434174 0.014583333395421505 0.017592592164874077
1 0.3596354126930237 0.614814817905426 0.015104166232049465 0.031481482088565826
1 0.6484375 0.4893518388271332 0.01666666753590107 0.023148147389292717
1 0.3643229305744171 0.7856481671333313 0.013020833022892475 0.026851851493120193
0 0.6497395634651184 0.4314814805984497 0.02552083320915699 0.06851851940155029
0 0.6325520873069763 0.29212963581085205 0.02447916753590107 0.07314814627170563
0 0.29374998807907104 0.5935184955596924 0.02500000037252903 0.06111111119389534
3 0.6377604007720947 0.3231481611728668 0.0338541679084301 0.13148148357868195
0 0.35755208134651184 0.22962963581085205 0.02968749962747097 0.051851850003004074
1 0.528124988079071 0.27037036418914795 0.01666666753590107 0.025925925001502037
0 0.6377604007720947 0.5074074268341064 0.04114583507180214 0.06851851940155029
0 0.5315104126930237 0.28842592239379883 0.02656250074505806 0.0694444477558136
0 0.3684895932674408 0.31296294927597046 0.03593749925494194 0.06481481343507767
0 0.3265624940395355 0.28842592239379883 0.03125 0.06018518656492233
0 0.6020833253860474 0.605555534362793 0.0416666679084301 0.07037036865949631
0 0.3486979305744171 0.6078703999519348 0.0442708320915699 0.0694444477558136
0 0.35468751192092896 0.7731481194496155 0.03437500074505806 0.06296296417713165