1 0.49791666865348816 0.8736110925674438 0.01979166641831398 0.03055555559694767
0 0.0416666679084301 0.34166666865348816 0.02812499925494194 0.11481481790542603
0 0.6510416865348816 0.8490740656852722 0.02812499925494194 0.046296294778585434
1 0.04296875 0.2967592477798462 0.01718750037252903 0.026851851493120193
0 0.4989583194255829 0.8967592716217041 0.01979166641831398 0.06018518656492233
1 0.01536458358168602 0.5259259343147278 0.01822916604578495 0.029629629105329514
0 0.6677083373069763 0.8060185313224792 0.02916666679084301 0.0416666679084301
1 0.35859376192092896 0.7462962865829468 0.01822916604578495 0.02777777798473835
1 0.0455729179084301 0.385185182094574 0.01822916604578495 0.02777777798473835
1 0.4437499940395355 0.8578703999519348 0.01666666753590107 0.03055555559694767
0 0.014322916977107525 0.1893518567085266 0.02864583395421505 0.037962961941957474
0 0.04479166492819786 0.3717592656612396 0.02604166604578495 0.07685185223817825
1 0.03515625 0.2300925999879837 0.01197916641831398 0.021296296268701553
1 0.40312498807907104 0.7240740656852722 0.01666666753590107 0.029629629105329514
0 0.4911458194255829 0.8527777791023254 0.03020833246409893 0.046296294778585434
1 0.5263020992279053 0.8740741014480591 0.01718750037252903 0.02777777798473835
1 0.5729166865348816 0.6694444417953491 0.01666666753590107 0.03333333507180214
0 0.52734375 0.8939814567565918 0.02447916753590107 0.06203703582286835
1 0.5549479126930237 0.182407408952713 0.01718750037252903 0.03333333507180214
3 0.6598958373069763 0.8287037014961243 0.04583333432674408 0.08888889104127884
0 0.01406249962747097 0.5078703761100769 0.02708333358168602 0.08055555820465088
0 0.45260417461395264 0.8476851582527161 0.0364583320915699 0.05833333358168602
0 0.04114583507180214 0.3134259283542633 0.02395833283662796 0.06759259104728699
0 0.3606770932674408 0.762499988079071 0.0338541679084301 0.07685185223817825
0 0.03072916716337204 0.24351851642131805 0.02916666679084301 0.0555555559694767
0 0.5625 0.6574074029922485 0.04583333432674408 0.07037036865949631
0 0.5416666865348816 0.17638888955116272 0.04895833507180214 0.06574074178934097
0 0.4156250059604645 0.7111111283302307 0.04791666567325592 0.07592592388391495