1 0.645312488079071 0.24768517911434174 0.01979166641831398 0.021296296268701553
1 0.5718749761581421 0.8060185313224792 0.01770833320915699 0.032407406717538834
1 0.649218738079071 0.2518518567085266 0.01406249962747097 0.02222222276031971
1 0.49947917461395264 0.8374999761581421 0.01354166679084301 0.026851851493120193
1 0.5921875238418579 0.7430555820465088 0.01770833320915699 0.028703704476356506
0 0.5893229246139526 0.7953703999519348 0.02760416641831398 0.03703703731298447
0 0.5111979246139526 0.8416666388511658 0.03802083432674408 0.03333333507180214
0 0.5916666388511658 0.7550926208496094 0.02083333395421505 0.049074072390794754
1 0.32994791865348816 0.3768518567085266 0.01406249962747097 0.024074073880910873
1 0.44609373807907104 0.1856481432914734 0.01718750037252903 0.028703704476356506
0 0.4333333373069763 0.19768518209457397 0.04374999925494194 0.06759259104728699
1 0.5138021111488342 0.5078703761100769 0.015104166232049465 0.028703704476356506
1 0.5609375238418579 0.3430555462837219 0.01875000074505806 0.026851851493120193
1 0.30807292461395264 0.539814829826355 0.01614583283662796 0.024074073880910873
0 0.6229166388511658 0.769444465637207 0.0416666679084301 0.051851850003004074
3 0.6117187738418579 0.7666666507720947 0.06406249850988388 0.07222222536802292
0 0.6661458611488342 0.2935185134410858 0.03333333507180214 0.06666667014360428
0 0.35989582538604736 0.2421296238899231 0.02708333358168602 0.05648148059844971
0 0.3385416567325592 0.3532407283782959 0.03750000149011612 0.07870370149612427
0 0.6390625238418579 0.22777777910232544 0.03333333507180214 0.0555555559694767
0 0.3062500059604645 0.5231481194496155 0.03125 0.07962962985038757
0 0.5666666626930237 0.36666667461395264 0.03125 0.08888889104127884
0 0.524218738079071 0.5245370268821716 0.04218750074505806 0.0824074074625969