1 0.609375 0.7370370626449585 0.015625 0.02222222276031971
3 0.5687500238418579 0.8069444298744202 0.04374999925494194 0.0694444477558136
0 0.56640625 0.7800925970077515 0.0338541679084301 0.03055555559694767
3 0.6143229007720947 0.7314814925193787 0.03593749925494194 0.10000000149011612
1 0.2906250059604645 0.43194442987442017 0.01666666753590107 0.023148147389292717
1 0.5770833492279053 0.5546296238899231 0.01770833320915699 0.025925925001502037
1 0.5395833253860474 0.6310185194015503 0.014583333395421505 0.028703704476356506
0 0.5638020634651184 0.8175926208496094 0.03489583358168602 0.05370370298624039
0 0.609375 0.772685170173645 0.02708333358168602 0.043518517166376114
1 0.48359376192092896 0.6175925731658936 0.01718750037252903 0.031481482088565826
1 0.3815104067325592 0.6138888597488403 0.015104166232049465 0.029629629105329514
0 0.6158854365348816 0.7162036895751953 0.03281249850988388 0.06759259104728699
1 0.6716145873069763 0.6060185432434082 0.01822916604578495 0.026851851493120193
1 0.6070312261581421 0.23101851344108582 0.015104166232049465 0.026851851493120193
0 0.4867187440395355 0.6365740895271301 0.0390625 0.07314814627170563
0 0.5760416388511658 0.5773147940635681 0.02812499925494194 0.08611111342906952
0 0.28958332538604736 0.45185184478759766 0.02500000037252903 0.0833333358168602
0 0.66796875 0.5865740776062012 0.03177083283662796 0.08425925672054291
0 0.5302083492279053 0.6138888597488403 0.0364583320915699 0.06296296417713165
0 0.39401042461395264 0.6231481432914734 0.04531250149011612 0.07037036865949631
0 0.5966145992279053 0.2171296328306198 0.03697916492819786 0.06203703582286835