1 0.3986979126930237 0.3861111104488373 0.013020833022892475 0.02777777798473835
0 0.5864583253860474 0.7865740656852722 0.03020833246409893 0.049074072390794754
1 0.46171873807907104 0.8685185313224792 0.01614583283662796 0.029629629105329514
1 0.4216145873069763 0.39722222089767456 0.01718750037252903 0.024074073880910873
1 0.5541666746139526 0.7425925731658936 0.015625 0.024074073880910873
1 0.6395833492279053 0.7143518328666687 0.01875000074505806 0.023148147389292717
1 0.6174479126930237 0.48657408356666565 0.01614583283662796 0.026851851493120193
1 0.4859375059604645 0.7861111164093018 0.012500000186264515 0.029629629105329514
0 0.5182291865348816 0.862500011920929 0.03854166716337204 0.04537037014961243
1 0.4481770694255829 0.22083333134651184 0.01927083358168602 0.028703704476356506
0 0.5536458492279053 0.762499988079071 0.02291666716337204 0.07314814627170563
0 0.4192708432674408 0.3828703761100769 0.02708333358168602 0.05648148059844971
0 0.3854166567325592 0.4018518626689911 0.0364583320915699 0.06111111119389534
0 0.6393229365348816 0.7319444417953491 0.02760416641831398 0.06574074178934097
0 0.6200520992279053 0.5087962746620178 0.02968749962747097 0.08425925672054291
0 0.4494791626930237 0.8643518686294556 0.0416666679084301 0.05092592537403107
0 0.3687500059604645 0.21250000596046448 0.03333333507180214 0.06018518656492233
0 0.44869792461395264 0.19907407462596893 0.03072916716337204 0.07777778059244156
0 0.47473958134651184 0.789814829826355 0.04114583507180214 0.06296296417713165