0 0.5072916746139526 0.8652777671813965 0.0364583320915699 0.03981481492519379
1 0.6083333492279053 0.7958333492279053 0.01875000074505806 0.028703704476356506
1 0.5291666388511658 0.3194444477558136 0.01770833320915699 0.02777777798473835
1 0.4789062440395355 0.3027777671813965 0.01718750037252903 0.029629629105329514
1 0.5492187738418579 0.3717592656612396 0.01822916604578495 0.03055555559694767
1 0.5640624761581421 0.49444442987442017 0.01666666753590107 0.029629629105329514
1 0.5166666507720947 0.16944444179534912 0.01666666753590107 0.031481482088565826
1 0.5276041626930237 0.47268518805503845 0.01666666753590107 0.032407406717538834
1 0.4033854305744171 0.447685182094574 0.01927083358168602 0.03055555559694767
1 0.5200520753860474 0.7226851582527161 0.01614583283662796 0.032407406717538834
1 0.671093761920929 0.3898148238658905 0.02031249925494194 0.029629629105329514
1 0.4234375059604645 0.18379630148410797 0.02083333395421505 0.03055555559694767
0 0.5346354246139526 0.36759260296821594 0.0442708320915699 0.051851850003004074
0 0.5330728888511658 0.2953703701496124 0.02656250074505806 0.07407407462596893
0 0.6138020753860474 0.7736111283302307 0.02864583395421505 0.08055555820465088
0 0.571093738079071 0.47592592239379883 0.0338541679084301 0.07592592388391495
0 0.43307292461395264 0.8370370268821716 0.03697916492819786 0.06111111119389534
0 0.48906248807907104 0.28611111640930176 0.03750000149011612 0.06481481343507767
0 0.66796875 0.41435185074806213 0.02864583395421505 0.08796296268701553
0 0.3971354067325592 0.4703703820705414 0.03281249850988388 0.08148147910833359
0 0.5041666626930237 0.16805554926395416 0.04374999925494194 0.04537037014961243
0 0.5143229365348816 0.48472222685813904 0.0442708320915699 0.06018518656492233
0 0.42369791865348816 0.20879629254341125 0.02760416641831398 0.0824074074625969
0 0.5059896111488342 0.7138888835906982 0.04739583283662796 0.06296296417713165