3 0.5083333253860474 0.6944444179534912 0.03958333283662796 0.11666666716337204
1 0.5679687261581421 0.7472222447395325 0.01614583283662796 0.035185184329748154
1 0.5036458373069763 0.6805555820465088 0.01770833320915699 0.020370369777083397
0 0.5513020753860474 0.7361111044883728 0.02656250074505806 0.05925925821065903
1 0.528124988079071 0.8611111044883728 0.014583333395421505 0.02222222276031971
0 0.528124988079071 0.6837962865829468 0.03125 0.04722222313284874
1 0.5182291865348816 0.6763888597488403 0.014583333395421505 0.023148147389292717
1 0.3127604126930237 0.5745370388031006 0.01822916604578495 0.026851851493120193
1 0.51171875 0.6194444298744202 0.01718750037252903 0.02777777798473835
1 0.5291666388511658 0.3532407283782959 0.01666666753590107 0.02500000037252903
0 0.5028645992279053 0.6319444179534912 0.03281249850988388 0.05648148059844971
1 0.6898437738418579 0.2944444417953491 0.015104166232049465 0.025925925001502037
0 0.3239583373069763 0.6296296119689941 0.03333333507180214 0.07777778059244156
1 0.5856770873069763 0.6435185074806213 0.01822916604578495 0.025925925001502037
1 0.6473958492279053 0.21805556118488312 0.015625 0.023148147389292717
1 0.45130208134651184 0.8416666388511658 0.01614583283662796 0.031481482088565826
0 0.5838541388511658 0.7486110925674438 0.04270833358168602 0.043518517166376114
0 0.526562511920929 0.3314814865589142 0.02708333358168602 0.07962962985038757
0 0.5020833611488342 0.706944465637207 0.02395833283662796 0.07500000298023224
0 0.6460937261581421 0.19953703880310059 0.02968749962747097 0.0694444477558136
0 0.3192708194255829 0.5578703880310059 0.04270833358168602 0.0694444477558136
0 0.5830729007720947 0.6689814925193787 0.02864583395421505 0.07685185223817825
0 0.46276041865348816 0.8509259223937988 0.04531250149011612 0.06111111119389534
3 0.5403645634651184 0.7087963223457336 0.04739583283662796 0.09907407313585281
0 0.682812511920929 0.2828703820705414 0.03541666641831398 0.05648148059844971