3 0.40046295523643494 0.2786949574947357 0.08425925672054291 0.05896226316690445
1 0.2736110985279083 0.3962264060974121 0.034259259700775146 0.025157231837511063
3 0.33564814925193787 0.30935534834861755 0.0972222238779068 0.06367924809455872
0 0.3444444537162781 0.3058176040649414 0.07962962985038757 0.03616352379322052
0 0.35740742087364197 0.3533805012702942 0.05000000074505806 0.06996855139732361
1 0.27731481194496155 0.4375 0.03055555559694767 0.02437106892466545
3 0.3583333194255829 0.2834119498729706 0.08703703433275223 0.07154087722301483
1 0.10092592239379883 0.4587264060974121 0.031481482088565826 0.02437106892466545
1 0.34953704476356506 0.2566823959350586 0.03055555559694767 0.01808176189661026
1 0.19120369851589203 0.3278301954269409 0.03055555559694767 0.022012578323483467
1 0.37638887763023376 0.2987421452999115 0.026851851493120193 0.022012578323483467
1 0.13750000298023224 0.30974844098091125 0.03611111268401146 0.033018868416547775
0 0.40231481194496155 0.26690250635147095 0.07685185223817825 0.038522012531757355
1 0.5291666388511658 0.5978773832321167 0.03055555559694767 0.027515722438693047
0 0.14166666567325592 0.31603774428367615 0.051851850003004074 0.04559748247265816
1 0.42592594027519226 0.2700471580028534 0.029629629105329514 0.02279874123632908
0 0.3004629611968994 0.44732704758644104 0.07129629701375961 0.04716981202363968
3 0.3578703701496124 0.3529874086380005 0.05277777835726738 0.07232704758644104
1 0.2680555582046509 0.4040880501270294 0.03055555559694767 0.022012578323483467
1 0.17824074625968933 0.5212264060974121 0.03611111268401146 0.026729559525847435
1 0.4712963104248047 0.26650944352149963 0.035185184329748154 0.022012578323483467
0 0.2611111104488373 0.37224844098091125 0.06296296417713165 0.04638364911079407
1 0.612500011920929 0.6010220050811768 0.03055555559694767 0.025943396613001823
1 0.6828703880310059 0.28812894225120544 0.037962961941957474 0.027515722438693047
0 0.6652777791023254 0.30856919288635254 0.07500000298023224 0.06839622557163239
0 0.4851851761341095 0.24410377442836761 0.07592592388391495 0.07154087722301483
0 0.17314815521240234 0.49803459644317627 0.051851850003004074 0.07468553632497787
0 0.23935185372829437 0.41941824555397034 0.07685185223817825 0.0416666679084301
0 0.3828703761100769 0.4386792480945587 0.07685185223817825 0.044025156646966934
0 0.49444442987442017 0.5947327017784119 0.08703703433275223 0.04795597493648529
0 0.19120369851589203 0.3549528419971466 0.043518517166376114 0.06053459271788597
0 0.5865740776062012 0.6061320900917053 0.07870370149612427 0.04716981202363968
0 0.10648148506879807 0.4437893033027649 0.05000000074505806 0.06525157392024994