0 0.5322916507720947 0.7912036776542664 0.03750000149011612 0.04537037014961243
0 0.535937488079071 0.8365740776062012 0.02708333358168602 0.03611111268401146
0 0.5611979365348816 0.5893518328666687 0.04010416567325592 0.04722222313284874
0 0.5979166626930237 0.6199073791503906 0.0416666679084301 0.0694444477558136
0 0.5223958492279053 0.7337962985038757 0.02812499925494194 0.06574074178934097
1 0.6408854126930237 0.33009257912635803 0.01406249962747097 0.028703704476356506
1 0.34817707538604736 0.7564814686775208 0.015104166232049465 0.025925925001502037
1 0.6338541507720947 0.4124999940395355 0.014583333395421505 0.03055555559694767
1 0.34973958134651184 0.4819444417953491 0.01614583283662796 0.032407406717538834
3 0.5874999761581421 0.6134259104728699 0.05624999850988388 0.0824074074625969
1 0.45234376192092896 0.6643518805503845 0.01614583283662796 0.03055555559694767
3 0.528124988079071 0.7537037134170532 0.0416666679084301 0.10370370000600815
0 0.5591145753860474 0.7962962985038757 0.02447916753590107 0.06666667014360428
0 0.46015626192092896 0.6777777671813965 0.03593749925494194 0.07037036865949631
0 0.6283854246139526 0.3231481611728668 0.04114583507180214 0.05925925821065903
0 0.3411458432674408 0.7444444298744202 0.03437500074505806 0.06481481343507767
0 0.36250001192092896 0.489814817905426 0.05104166641831398 0.07037036865949631
0 0.6421874761581421 0.42407408356666565 0.03958333283662796 0.07962962985038757