1 0.47447916865348816 0.8476851582527161 0.01875000074505806 0.03055555559694767
1 0.3244791626930237 0.2995370328426361 0.01770833320915699 0.028703704476356506
1 0.4468750059604645 0.43101853132247925 0.01770833320915699 0.028703704476356506
1 0.28515625 0.4523148238658905 0.01718750037252903 0.026851851493120193
1 0.38619792461395264 0.442592591047287 0.01822916604578495 0.029629629105329514
0 0.3187499940395355 0.31203705072402954 0.03125 0.06666667014360428
1 0.41614583134651184 0.1615740805864334 0.015625 0.028703704476356506
1 0.6416666507720947 0.5064814686775208 0.01770833320915699 0.029629629105329514
1 0.559374988079071 0.20324073731899261 0.01875000074505806 0.032407406717538834
1 0.6333333253860474 0.23888888955116272 0.01666666753590107 0.031481482088565826
1 0.37161457538604736 0.37453705072402954 0.01718750037252903 0.02500000037252903
1 0.33541667461395264 0.47361111640930176 0.01979166641831398 0.026851851493120193
1 0.4348958432674408 0.24629630148410797 0.01770833320915699 0.031481482088565826
0 0.39531248807907104 0.42129629850387573 0.03750000149011612 0.07777778059244156
0 0.44921875 0.40416666865348816 0.03072916716337204 0.09537036716938019
0 0.2888020873069763 0.4263888895511627 0.03489583358168602 0.08055555820465088
0 0.5755208134651184 0.20972222089767456 0.04895833507180214 0.05462963134050369
0 0.33515626192092896 0.4402777850627899 0.0338541679084301 0.08981481194496155
0 0.3726562559604645 0.34768518805503845 0.03177083283662796 0.08981481194496155
0 0.4033854305744171 0.1745370328426361 0.0390625 0.06574074178934097
0 0.6489583253860474 0.5287036895751953 0.03750000149011612 0.08888889104127884
0 0.6458333134651184 0.25138887763023376 0.04062499850988388 0.06574074178934097
0 0.532031238079071 0.1476851850748062 0.05677083507180214 0.06018518656492233
0 0.4205729067325592 0.25555557012557983 0.04531250149011612 0.05925925821065903