1 0.3161458373069763 0.3777777850627899 0.01770833320915699 0.024074073880910873
1 0.6489583253860474 0.7342592477798462 0.01770833320915699 0.029629629105329514
1 0.31067708134651184 0.4287036955356598 0.01614583283662796 0.025925925001502037
1 0.6833333373069763 0.3375000059604645 0.01666666753590107 0.023148147389292717
1 0.6973958611488342 0.40833333134651184 0.01666666753590107 0.024074073880910873
1 0.5705729126930237 0.3717592656612396 0.01718750037252903 0.03055555559694767
1 0.30520832538604736 0.5189814567565918 0.01666666753590107 0.02500000037252903
1 0.3609375059604645 0.2430555522441864 0.014583333395421505 0.023148147389292717
0 0.3101562559604645 0.40740740299224854 0.03072916716337204 0.07777778059244156
1 0.35078126192092896 0.31296294927597046 0.01614583283662796 0.029629629105329514
0 0.3177083432674408 0.3541666567325592 0.02708333358168602 0.07129629701375961
1 0.5877603888511658 0.1865740716457367 0.01718750037252903 0.03055555559694767
1 0.36276042461395264 0.5166666507720947 0.01614583283662796 0.02777777798473835
0 0.6966145634651184 0.3837963044643402 0.02864583395421505 0.07870370149612427
0 0.30286458134651184 0.49537035822868347 0.03177083283662796 0.0833333358168602
0 0.6580728888511658 0.7226851582527161 0.03489583358168602 0.07129629701375961
0 0.36640626192092896 0.2273148149251938 0.02968749962747097 0.06203703582286835
0 0.5208333134651184 0.8300926089286804 0.03854166716337204 0.06203703582286835
0 0.3721354305744171 0.5305555462837219 0.04114583507180214 0.07037036865949631
0 0.6781250238418579 0.31296294927597046 0.03333333507180214 0.07222222536802292
0 0.5757812261581421 0.39259257912635803 0.03593749925494194 0.09814814478158951
0 0.5765625238418579 0.17175926268100739 0.04479166492819786 0.06759259104728699
0 0.3684895932674408 0.3046296238899231 0.04843749850988388 0.06111111119389534