1 0.6052083373069763 0.7763888835906982 0.01770833320915699 0.028703704476356506
1 0.5802083611488342 0.20324073731899261 0.01666666753590107 0.026851851493120193
1 0.6539062261581421 0.33472222089767456 0.01822916604578495 0.03055555559694767
1 0.32083332538604736 0.7087963223457336 0.01770833320915699 0.02500000037252903
1 0.6390625238418579 0.30416667461395264 0.01770833320915699 0.03055555559694767
1 0.5249999761581421 0.17546296119689941 0.01770833320915699 0.028703704476356506
1 0.3877604305744171 0.3106481432914734 0.01822916604578495 0.034259259700775146
1 0.5864583253860474 0.5361111164093018 0.015625 0.031481482088565826
1 0.42760416865348816 0.38333332538604736 0.01666666753590107 0.031481482088565826
1 0.62890625 0.5731481313705444 0.01927083358168602 0.024074073880910873
1 0.3700520694255829 0.8092592358589172 0.01718750037252903 0.025925925001502037
0 0.6002604365348816 0.7981481552124023 0.02760416641831398 0.06666667014360428
1 0.5953124761581421 0.39722222089767456 0.01979166641831398 0.029629629105329514
1 0.676562488079071 0.5157407522201538 0.02187499962747097 0.02777777798473835
0 0.4138020873069763 0.39027777314186096 0.04739583283662796 0.05092592537403107
0 0.5739583373069763 0.5453703999519348 0.04479166492819786 0.06481481343507767
0 0.6635416746139526 0.35370370745658875 0.03333333507180214 0.06851851940155029
0 0.5122395753860474 0.16620370745658875 0.0442708320915699 0.05462963134050369
0 0.5713541507720947 0.19583334028720856 0.03541666641831398 0.05092592537403107
0 0.32734376192092896 0.730555534362793 0.03489583358168602 0.07592592388391495
0 0.6312500238418579 0.6037036776542664 0.02708333358168602 0.0833333358168602
0 0.3739583194255829 0.3157407343387604 0.04583333432674408 0.05925925821065903
0 0.6776041388511658 0.4842592477798462 0.03229166567325592 0.08888889104127884
0 0.6223958134651184 0.2967592477798462 0.04583333432674408 0.049074072390794754
0 0.37968748807907104 0.8245370388031006 0.0416666679084301 0.06388889253139496
0 0.5924479365348816 0.4226851761341095 0.03281249850988388 0.09166666865348816