0 0.40833333134651184 0.8148148059844971 0.02395833283662796 0.04444444552063942
1 0.5666666626930237 0.35740742087364197 0.01875000074505806 0.02777777798473835
1 0.42630207538604736 0.739814817905426 0.01718750037252903 0.02777777798473835
1 0.3072916567325592 0.5180555582046509 0.01666666753590107 0.02500000037252903
1 0.31458333134651184 0.5814814567565918 0.01875000074505806 0.024074073880910873
1 0.6401041746139526 0.4166666567325592 0.01770833320915699 0.025925925001502037
1 0.6031249761581421 0.2023148089647293 0.01770833320915699 0.026851851493120193
1 0.32864582538604736 0.3152777850627899 0.01666666753590107 0.02500000037252903
1 0.7028645873069763 0.5175926089286804 0.01718750037252903 0.024074073880910873
1 0.43958333134651184 0.48564815521240234 0.01666666753590107 0.03055555559694767
1 0.36145833134651184 0.5148147940635681 0.01666666753590107 0.02777777798473835
0 0.3122395873069763 0.605555534362793 0.02760416641831398 0.07962962985038757
0 0.4247395694255829 0.7550926208496094 0.02656250074505806 0.07685185223817825
0 0.3049479126930237 0.5361111164093018 0.03177083283662796 0.06666667014360428
0 0.3333333432674408 0.29814815521240234 0.03229166567325592 0.06481481343507767
0 0.7036458253860474 0.5416666865348816 0.02812499925494194 0.0833333358168602
0 0.4429687559604645 0.5097222328186035 0.03489583358168602 0.08611111342906952
0 0.6411458253860474 0.442592591047287 0.03437500074505806 0.09074074029922485
0 0.3708333373069763 0.5291666388511658 0.0416666679084301 0.0694444477558136
0 0.5916666388511658 0.1893518567085266 0.03854166716337204 0.05648148059844971
0 0.5723958611488342 0.3810185194015503 0.03750000149011612 0.09351851791143417