0 0.4468750059604645 0.8263888955116272 0.02395833283662796 0.06203703582286835
1 0.4489583373069763 0.8444444537162781 0.014583333395421505 0.024074073880910873
1 0.4325520694255829 0.8606481552124023 0.01614583283662796 0.026851851493120193
1 0.5028645992279053 0.7384259104728699 0.01718750037252903 0.02500000037252903
3 0.4921875 0.7416666746139526 0.05000000074505806 0.11481481790542603
0 0.43932291865348816 0.8717592358589172 0.03072916716337204 0.07129629701375961
1 0.4997395873069763 0.7055555582046509 0.01614583283662796 0.025925925001502037
1 0.70703125 0.4523148238658905 0.01927083358168602 0.023148147389292717
0 0.43437498807907104 0.7652778029441833 0.03333333507180214 0.04537037014961243
1 0.33411458134651184 0.7319444417953491 0.013020833022892475 0.02500000037252903
1 0.6653645634651184 0.7402777671813965 0.015104166232049465 0.026851851493120193
1 0.30807292461395264 0.35277777910232544 0.01718750037252903 0.020370369777083397
0 0.6934896111488342 0.550000011920929 0.0390625 0.0833333358168602
1 0.578906238079071 0.29398149251937866 0.01614583283662796 0.03055555559694767
1 0.7083333134651184 0.49537035822868347 0.02500000037252903 0.03333333507180214
0 0.5013020634651184 0.7620370388031006 0.02552083320915699 0.07407407462596893
0 0.3255208432674408 0.7240740656852722 0.03125 0.05925925821065903
0 0.40546876192092896 0.7166666388511658 0.03489583358168602 0.07037036865949631
3 0.6966145634651184 0.5388888716697693 0.04739583283662796 0.11481481790542603
0 0.48619791865348816 0.706944465637207 0.04322916641831398 0.04537037014961243
3 0.4192708432674408 0.7370370626449585 0.0625 0.10000000149011612
0 0.7075520753860474 0.43518519401550293 0.02552083320915699 0.06666667014360428
0 0.31067708134651184 0.33194443583488464 0.02864583395421505 0.06759259104728699
0 0.6734374761581421 0.7282407283782959 0.03541666641831398 0.0694444477558136
0 0.5908854007720947 0.28425925970077515 0.0494791679084301 0.07222222536802292