1 0.48046875 0.7379629611968994 0.013020833022892475 0.024074073880910873
1 0.7020833492279053 0.520370364189148 0.015625 0.02222222276031971
1 0.6776041388511658 0.6685185432434082 0.01770833320915699 0.02777777798473835
1 0.3518229126930237 0.6944444179534912 0.01197916641831398 0.024074073880910873
1 0.6973958611488342 0.4574074149131775 0.015625 0.02222222276031971
1 0.6851562261581421 0.38749998807907104 0.013020833022892475 0.021296296268701553
1 0.5247395634651184 0.7541666626930237 0.01406249962747097 0.023148147389292717
1 0.5614583492279053 0.7916666865348816 0.012500000186264515 0.02222222276031971
1 0.44218748807907104 0.6319444179534912 0.014583333395421505 0.02500000037252903
1 0.5091145634651184 0.6143518686294556 0.01614583283662796 0.026851851493120193
1 0.5518229007720947 0.832870364189148 0.010937499813735485 0.021296296268701553
1 0.6455729007720947 0.6606481671333313 0.01614583283662796 0.02500000037252903
0 0.7010416388511658 0.5425925850868225 0.02604166604578495 0.06481481343507767
0 0.4476562440395355 0.8407407402992249 0.03593749925494194 0.04444444552063942
0 0.6781250238418579 0.6814814805984497 0.02916666679084301 0.06481481343507767
0 0.5033854246139526 0.6328703761100769 0.03802083432674408 0.07870370149612427
0 0.6901041865348816 0.3638888895511627 0.03020833246409893 0.08148147910833359
0 0.6473958492279053 0.6819444298744202 0.02916666679084301 0.07685185223817825
0 0.6981770992279053 0.4703703820705414 0.03177083283662796 0.06296296417713165
0 0.44921875 0.6157407164573669 0.0338541679084301 0.07037036865949631
0 0.4895833432674408 0.75 0.03541666641831398 0.05925925821065903
0 0.5348958373069763 0.7393518686294556 0.0364583320915699 0.06018518656492233
0 0.3434895873069763 0.6939814686775208 0.03802083432674408 0.06574074178934097
0 0.5723958611488342 0.8055555820465088 0.03229166567325592 0.05370370298624039
0 0.5395833253860474 0.8472222089767456 0.03333333507180214 0.04814814776182175