1 0.6567708253860474 0.26342591643333435 0.012500000186264515 0.023148147389292717
1 0.36510416865348816 0.7634259462356567 0.012500000186264515 0.021296296268701553
1 0.3346354067325592 0.6754629611968994 0.01406249962747097 0.026851851493120193
1 0.3890624940395355 0.664814829826355 0.01875000074505806 0.02777777798473835
1 0.3604166805744171 0.5967592597007751 0.015625 0.028703704476356506
1 0.3135416805744171 0.5972222089767456 0.01770833320915699 0.02777777798473835
1 0.3343749940395355 0.3731481432914734 0.01666666753590107 0.020370369777083397
1 0.38203126192092896 0.22685185074806213 0.013020833022892475 0.02777777798473835
1 0.32421875 0.4407407343387604 0.01718750037252903 0.024074073880910873
0 0.40026041865348816 0.5444444417953491 0.04010416567325592 0.07222222536802292
1 0.6351562738418579 0.3569444417953491 0.01614583283662796 0.02500000037252903
1 0.390625 0.5282407402992249 0.015625 0.03055555559694767
0 0.32864582538604736 0.4175925850868225 0.03125 0.07222222536802292
0 0.39921873807907104 0.21990740299224854 0.0442708320915699 0.049074072390794754
0 0.3539062440395355 0.5800926089286804 0.03177083283662796 0.07685185223817825
0 0.3346354067325592 0.34398147463798523 0.02968749962747097 0.07870370149612427
0 0.3596354126930237 0.24722221493721008 0.02760416641831398 0.051851850003004074
0 0.32734376192092896 0.6620370149612427 0.03281249850988388 0.06481481343507767
0 0.3111979067325592 0.5800926089286804 0.02760416641831398 0.06388889253139496
0 0.38749998807907104 0.6884258985519409 0.03020833246409893 0.07500000298023224
0 0.663281261920929 0.2726851999759674 0.02968749962747097 0.05833333358168602
0 0.6312500238418579 0.3314814865589142 0.03020833246409893 0.08703703433275223
0 0.37161457538604736 0.7717592716217041 0.03281249850988388 0.05462963134050369