1 0.48880207538604736 0.1675925999879837 0.02552083320915699 0.040740739554166794
0 0.4007812440395355 0.8050925731658936 0.02864583395421505 0.08055555820465088
1 0.6377604007720947 0.28425925970077515 0.015104166232049465 0.02777777798473835
3 0.4020833373069763 0.8041666746139526 0.03125 0.09351851791143417
1 0.4611979126930237 0.1648148149251938 0.015104166232049465 0.029629629105329514
3 0.4104166626930237 0.7351852059364319 0.04583333432674408 0.06296296417713165
1 0.39895832538604736 0.7523148059844971 0.01770833320915699 0.026851851493120193
1 0.6190103888511658 0.6759259104728699 0.01822916604578495 0.02777777798473835
1 0.3427083194255829 0.5342592597007751 0.01979166641831398 0.025925925001502037
1 0.59765625 0.5703703761100769 0.015104166232049465 0.029629629105329514
1 0.5375000238418579 0.28935185074806213 0.01666666753590107 0.032407406717538834
1 0.67578125 0.604629635810852 0.01822916604578495 0.024074073880910873
1 0.614062488079071 0.2717592716217041 0.01770833320915699 0.03055555559694767
0 0.4895833432674408 0.16712963581085205 0.02916666679084301 0.049074072390794754
1 0.35546875 0.5694444179534912 0.015104166232049465 0.029629629105329514
1 0.3046875 0.5013889074325562 0.01875000074505806 0.02500000037252903
0 0.6747395992279053 0.6291666626930237 0.02552083320915699 0.07500000298023224
0 0.4098958373069763 0.7370370626449585 0.04583333432674408 0.05925925821065903
0 0.624218761920929 0.6574074029922485 0.02864583395421505 0.07222222536802292
0 0.34375 0.5004629492759705 0.02708333358168602 0.10092592239379883
0 0.30807292461395264 0.4731481373310089 0.02656250074505806 0.09259258955717087
0 0.6252604126930237 0.2726851999759674 0.04114583507180214 0.06018518656492233
0 0.44999998807907104 0.16944444179534912 0.0416666679084301 0.0555555559694767
0 0.610156238079071 0.5787037014961243 0.04322916641831398 0.07037036865949631
0 0.37057292461395264 0.5768518447875977 0.04531250149011612 0.06111111119389534
0 0.550000011920929 0.2976851761341095 0.046875 0.0694444477558136