0 0.42890626192092896 0.8703703880310059 0.04843749850988388 0.08888889104127884
1 0.5325520634651184 0.875 0.01822916604578495 0.025925925001502037
1 0.6890624761581421 0.35277777910232544 0.01875000074505806 0.02777777798473835
1 0.34973958134651184 0.75 0.02031249925494194 0.024074073880910873
1 0.4424479305744171 0.854629635810852 0.02239583246409893 0.031481482088565826
1 0.43541666865348816 0.8578703999519348 0.01770833320915699 0.03611111268401146
1 0.49531251192092896 0.8407407402992249 0.01666666753590107 0.029629629105329514
3 0.4247395694255829 0.8675925731658936 0.05677083507180214 0.09074074029922485
0 0.41197916865348816 0.8486111164093018 0.03229166567325592 0.05277777835726738
1 0.5057291388511658 0.130092591047287 0.015625 0.03055555559694767
1 0.4046874940395355 0.3759259283542633 0.01666666753590107 0.03333333507180214
1 0.6466146111488342 0.7560185194015503 0.01927083358168602 0.026851851493120193
0 0.44062501192092896 0.8805555701255798 0.02708333358168602 0.07037036865949631
1 0.48828125 0.2222222238779068 0.01718750037252903 0.025925925001502037
0 0.34375 0.720370352268219 0.03437500074505806 0.09259258955717087
1 0.43697917461395264 0.41203704476356506 0.01666666753590107 0.031481482088565826
1 0.40156251192092896 0.6527777910232544 0.01770833320915699 0.029629629105329514
3 0.34375 0.7259259223937988 0.04895833507180214 0.11296296119689941
1 0.40546876192092896 0.8384259343147278 0.01822916604578495 0.03055555559694767
1 0.3674479126930237 0.8069444298744202 0.01614583283662796 0.028703704476356506
1 0.3265624940395355 0.7291666865348816 0.01770833320915699 0.026851851493120193
1 0.49166667461395264 0.6152777671813965 0.01770833320915699 0.02500000037252903
0 0.4820312559604645 0.20509259402751923 0.02760416641831398 0.0694444477558136
0 0.3231770694255829 0.7083333134651184 0.02447916753590107 0.07592592388391495
0 0.359375 0.7935185432434082 0.03333333507180214 0.06111111119389534
0 0.6916666626930237 0.36574074625968933 0.03125 0.08148147910833359
0 0.4166666567325592 0.37037035822868347 0.04374999925494194 0.0555555559694767
0 0.49270832538604736 0.5893518328666687 0.03437500074505806 0.10092592239379883
0 0.6432291865348816 0.7421296238899231 0.03958333283662796 0.08425925672054291
0 0.49609375 0.12824073433876038 0.0338541679084301 0.05277777835726738
0 0.4528645873069763 0.42129629850387573 0.04531250149011612 0.06481481343507767
0 0.39895832538604736 0.6273148059844971 0.03750000149011612 0.0972222238779068