0 0.04192708432674408 0.3421296179294586 0.02864583395421505 0.11388888955116272
1 0.5401041507720947 0.8759258985519409 0.02604166604578495 0.035185184329748154
1 0.49531251192092896 0.8879629373550415 0.02083333395421505 0.03333333507180214
1 0.5601562261581421 0.7152777910232544 0.01927083358168602 0.02500000037252903
3 0.5619791746139526 0.7236111164093018 0.04479166492819786 0.10833333432674408
1 0.04296875 0.2967592477798462 0.01718750037252903 0.026851851493120193
1 0.04583333432674408 0.38425925374031067 0.01770833320915699 0.02777777798473835
1 0.015104166232049465 0.5263888835906982 0.01770833320915699 0.028703704476356506
0 0.5354166626930237 0.8847222328186035 0.02708333358168602 0.05277777835726738
1 0.5385416746139526 0.6814814805984497 0.01666666753590107 0.02777777798473835
0 0.014583333395421505 0.1893518567085266 0.02812499925494194 0.03981481492519379
1 0.4859375059604645 0.6722221970558167 0.01979166641831398 0.03333333507180214
0 0.5033854246139526 0.9023148417472839 0.03177083283662796 0.05277777835726738
1 0.4739583432674408 0.39814814925193787 0.01875000074505806 0.03888889029622078
1 0.03541666641831398 0.22962963581085205 0.012500000186264515 0.02222222276031971
1 0.41588541865348816 0.40601852536201477 0.01822916604578495 0.037962961941957474
0 0.04505208507180214 0.3731481432914734 0.02656250074505806 0.07777778059244156
1 0.6520833373069763 0.8296296000480652 0.01875000074505806 0.03333333507180214
0 0.4026041626930237 0.4124999940395355 0.046875 0.0694444477558136
1 0.5755208134651184 0.28425925970077515 0.01875000074505806 0.031481482088565826
0 0.5651041865348816 0.7356481552124023 0.03750000149011612 0.07685185223817825
0 0.5729166865348816 0.9032407402992249 0.03750000149011612 0.04537037014961243
0 0.014322916977107525 0.5083333253860474 0.02760416641831398 0.07962962985038757
0 0.5541666746139526 0.677314817905426 0.0416666679084301 0.03981481492519379
0 0.567187488079071 0.26851850748062134 0.0364583320915699 0.07037036865949631
0 0.4611979126930237 0.3907407522201538 0.04635416716337204 0.06851851940155029
0 0.49791666865348816 0.6717592477798462 0.04895833507180214 0.05092592537403107
0 0.6669270992279053 0.8245370388031006 0.04322916641831398 0.06018518656492233
0 0.04114583507180214 0.31388887763023376 0.02395833283662796 0.06851851940155029
0 0.03125 0.2430555522441864 0.02916666679084301 0.05462963134050369