1 0.3619791567325592 0.7675926089286804 0.015625 0.025925925001502037
1 0.6455729007720947 0.6106481552124023 0.01614583283662796 0.02500000037252903
1 0.49010416865348816 0.5217592716217041 0.01666666753590107 0.03055555559694767
1 0.32421875 0.427314817905426 0.01614583283662796 0.03055555559694767
1 0.5104166865348816 0.3787037134170532 0.014583333395421505 0.02777777798473835
1 0.4789062440395355 0.3018518388271332 0.01718750037252903 0.031481482088565826
1 0.6651041507720947 0.5944444537162781 0.01979166641831398 0.02777777798473835
1 0.6111978888511658 0.5606481432914734 0.015104166232049465 0.032407406717538834
1 0.37031251192092896 0.8148148059844971 0.014583333395421505 0.024074073880910873
1 0.68359375 0.47175925970077515 0.02031249925494194 0.02500000037252903
1 0.48515623807907104 0.16249999403953552 0.01822916604578495 0.03055555559694767
1 0.3877604305744171 0.2222222238779068 0.01822916604578495 0.029629629105329514
0 0.6643229126930237 0.5712962746620178 0.02656250074505806 0.07407407462596893
0 0.6841145753860474 0.44907405972480774 0.02656250074505806 0.07037036865949631
0 0.6098958253860474 0.7902777791023254 0.02916666679084301 0.05092592537403107
0 0.6361979246139526 0.6361111402511597 0.03177083283662796 0.07037036865949631
0 0.3544270694255829 0.7472222447395325 0.0338541679084301 0.07592592388391495
0 0.30937498807907104 0.42500001192092896 0.04583333432674408 0.06296296417713165
0 0.40026041865348816 0.2074074000120163 0.04531250149011612 0.06481481343507767
0 0.4989583194255829 0.39351850748062134 0.04270833358168602 0.07407407462596893
0 0.5010416507720947 0.5064814686775208 0.04791666567325592 0.07222222536802292
0 0.4976562559604645 0.17407406866550446 0.04218750074505806 0.05740740895271301
0 0.4895833432674408 0.28518518805503845 0.0416666679084301 0.07222222536802292
0 0.5971354246139526 0.5680555701255798 0.04739583283662796 0.06388889253139496
0 0.38072916865348816 0.824999988079071 0.0364583320915699 0.051851850003004074