3 0.41588541865348816 0.1814814805984497 0.07864583283662796 0.06111111119389534
1 0.5833333134651184 0.8152777552604675 0.014583333395421505 0.026851851493120193
1 0.36406248807907104 0.22499999403953552 0.01145833358168602 0.024074073880910873
1 0.5546875 0.7615740895271301 0.01666666753590107 0.028703704476356506
1 0.47708332538604736 0.16296295821666718 0.014583333395421505 0.025925925001502037
1 0.43828123807907104 0.7731481194496155 0.01718750037252903 0.025925925001502037
3 0.5096353888511658 0.1745370328426361 0.07343749701976776 0.07129629701375961
1 0.6697916388511658 0.42916667461395264 0.015625 0.023148147389292717
0 0.42109376192092896 0.17175926268100739 0.03697916492819786 0.04537037014961243
1 0.4505208432674408 0.21990740299224854 0.015625 0.023148147389292717
0 0.53125 0.1856481432914734 0.03958333283662796 0.06203703582286835
1 0.28437501192092896 0.4375 0.01666666753590107 0.026851851493120193
0 0.44192707538604736 0.20694445073604584 0.03489583358168602 0.05277777835726738
0 0.5903645753860474 0.7986111044883728 0.02760416641831398 0.0694444477558136
0 0.4869791567325592 0.16944444179534912 0.03750000149011612 0.0555555559694767
1 0.2955729067325592 0.6402778029441833 0.01718750037252903 0.023148147389292717
0 0.5575520992279053 0.7777777910232544 0.02656250074505806 0.07407407462596893
0 0.3841145932674408 0.192592591047287 0.02968749962747097 0.035185184329748154
0 0.6677083373069763 0.40601852536201477 0.02604166604578495 0.07685185223817825
0 0.3526041805744171 0.23564815521240234 0.0364583320915699 0.05648148059844971
0 0.4429687559604645 0.7902777791023254 0.02968749962747097 0.0694444477558136
0 0.29765623807907104 0.6615740656852722 0.02760416641831398 0.08055555820465088
0 0.2802083194255829 0.4643518626689911 0.02916666679084301 0.08425925672054291