1 0.6187499761581421 0.19166666269302368 0.014583333395421505 0.03703703731298447
3 0.5596354007720947 0.2083333283662796 0.03281249850988388 0.10740740597248077
1 0.5838541388511658 0.16249999403953552 0.01979166641831398 0.032407406717538834
1 0.5606771111488342 0.17037037014961243 0.02031249925494194 0.024074073880910873
0 0.5716145634651184 0.15509259700775146 0.03697916492819786 0.0416666679084301
3 0.5940104126930237 0.20879629254341125 0.03281249850988388 0.1120370402932167
1 0.561718761920929 0.19490741193294525 0.01718750037252903 0.023148147389292717
1 0.5580729246139526 0.8611111044883728 0.01718750037252903 0.025925925001502037
3 0.6145833134651184 0.1944444477558136 0.0625 0.08518518507480621
1 0.49791666865348816 0.5560185313224792 0.01875000074505806 0.032407406717538834
1 0.5104166865348816 0.8356481194496155 0.015625 0.028703704476356506
1 0.6239583492279053 0.2569444477558136 0.01770833320915699 0.028703704476356506
0 0.5919271111488342 0.23194444179534912 0.02447916753590107 0.05833333358168602
0 0.6299479007720947 0.2013888955116272 0.03281249850988388 0.05462963134050369
1 0.48906248807907104 0.16018518805503845 0.015625 0.02777777798473835
1 0.5510416626930237 0.5166666507720947 0.01770833320915699 0.031481482088565826
0 0.559374988079071 0.21851852536201477 0.02916666679084301 0.08148147910833359
0 0.5565103888511658 0.8675925731658936 0.02864583395421505 0.046296294778585434
0 0.5669270753860474 0.5231481194496155 0.0494791679084301 0.0555555559694767
0 0.5184895992279053 0.8189814686775208 0.03802083432674408 0.07129629701375961
0 0.6346353888511658 0.27314814925193787 0.03802083432674408 0.06111111119389534
0 0.5088541507720947 0.5439814925193787 0.04374999925494194 0.0694444477558136
0 0.47578126192092896 0.16203702986240387 0.04635416716337204 0.06851851940155029