1 0.49817708134651184 0.8898147940635681 0.02447916753590107 0.035185184329748154
1 0.34973958134651184 0.7138888835906982 0.01822916604578495 0.02777777798473835
0 0.6611979007720947 0.7861111164093018 0.02135416679084301 0.0555555559694767
1 0.04348958283662796 0.29722222685813904 0.01718750037252903 0.025925925001502037
1 0.01536458358168602 0.5287036895751953 0.01927083358168602 0.02777777798473835
1 0.3723958432674408 0.7810184955596924 0.015625 0.023148147389292717
1 0.62890625 0.28333333134651184 0.01406249962747097 0.02777777798473835
1 0.7281249761581421 0.6384259462356567 0.01979166641831398 0.028703704476356506
1 0.04609375074505806 0.38425925374031067 0.01822916604578495 0.02777777798473835
0 0.4976562559604645 0.8949074149131775 0.02864583395421505 0.05833333358168602
1 0.612500011920929 0.5560185313224792 0.01666666753590107 0.03611111268401146
0 0.014322916977107525 0.1893518567085266 0.02760416641831398 0.037962961941957474
3 0.6315104365348816 0.28101852536201477 0.0651041641831398 0.09166666865348816
1 0.5260416865348816 0.6754629611968994 0.01770833320915699 0.034259259700775146
1 0.03541666641831398 0.22962963581085205 0.012500000186264515 0.02222222276031971
0 0.04531250149011612 0.37268519401550293 0.02604166604578495 0.07500000298023224
1 0.6640625 0.5791666507720947 0.01666666753590107 0.034259259700775146
0 0.6716145873069763 0.7995370626449585 0.04010416567325592 0.08611111342906952
0 0.616406261920929 0.29814815521240234 0.03593749925494194 0.06666667014360428
0 0.6546875238418579 0.25925925374031067 0.02916666679084301 0.0555555559694767
0 0.34765625 0.7268518805503845 0.02968749962747097 0.07037036865949631
0 0.014322916977107525 0.5092592835426331 0.02760416641831398 0.07962962985038757
0 0.03098958358168602 0.2430555522441864 0.02864583395421505 0.05648148059844971
0 0.04140625149011612 0.3134259283542633 0.0234375 0.06759259104728699
0 0.5145833492279053 0.6870370507240295 0.046875 0.07407407462596893
0 0.7322916388511658 0.6199073791503906 0.02916666679084301 0.09166666865348816
0 0.3773437440395355 0.7972221970558167 0.03177083283662796 0.07222222536802292
0 0.598437488079071 0.5564814805984497 0.05416666716337204 0.06851851940155029
0 0.6778646111488342 0.5759259462356567 0.05052083358168602 0.06851851940155029