3 0.38854166865348816 0.543055534362793 0.03020833246409893 0.11759259551763535
1 0.5846354365348816 0.8111110925674438 0.015104166232049465 0.02777777798473835
1 0.3893229067325592 0.5027777552604675 0.015104166232049465 0.025925925001502037
0 0.546093761920929 0.8518518805503845 0.02760416641831398 0.04259259253740311
1 0.6234375238418579 0.7611111402511597 0.01770833320915699 0.02777777798473835
1 0.3369791805744171 0.7527777552604675 0.01875000074505806 0.02777777798473835
0 0.553906261920929 0.8374999761581421 0.02864583395421505 0.06574074178934097
0 0.29869791865348816 0.6763888597488403 0.02864583395421505 0.0694444477558136
0 0.5591145753860474 0.822685182094574 0.0234375 0.03981481492519379
1 0.4151041805744171 0.1675925999879837 0.015625 0.029629629105329514
1 0.45364582538604736 0.5990740656852722 0.01666666753590107 0.03333333507180214
1 0.2966145873069763 0.6583333611488342 0.01822916604578495 0.025925925001502037
1 0.3763020932674408 0.8300926089286804 0.01614583283662796 0.028703704476356506
1 0.44999998807907104 0.17499999701976776 0.01875000074505806 0.031481482088565826
1 0.565625011920929 0.1893518567085266 0.015625 0.028703704476356506
0 0.3893229067325592 0.5148147940635681 0.0234375 0.06481481343507767
0 0.6330729126930237 0.7462962865829468 0.03489583358168602 0.06481481343507767
0 0.4046874940395355 0.1726851910352707 0.03333333507180214 0.04722222313284874
0 0.44062501192092896 0.18472221493721008 0.0364583320915699 0.05833333358168602
0 0.3841145932674408 0.8347222208976746 0.03489583358168602 0.05092592537403107
0 0.38854166865348816 0.5773147940635681 0.03437500074505806 0.07500000298023224
0 0.5955728888511658 0.800000011920929 0.03489583358168602 0.04814814776182175
0 0.3401041626930237 0.769444465637207 0.03541666641831398 0.07407407462596893
0 0.555468738079071 0.18009258806705475 0.0390625 0.06388889253139496
0 0.4424479305744171 0.5898148417472839 0.04531250149011612 0.07037036865949631
0 0.43802082538604736 0.8185185194015503 0.03541666641831398 0.05740740895271301