0 0.5932291746139526 0.8199074268341064 0.02500000037252903 0.032407406717538834
1 0.3427083194255829 0.5078703761100769 0.01666666753590107 0.023148147389292717
1 0.4802083373069763 0.5805555582046509 0.01666666753590107 0.02222222276031971
1 0.43828123807907104 0.5694444179534912 0.01614583283662796 0.024074073880910873
1 0.4971354305744171 0.3106481432914734 0.01718750037252903 0.026851851493120193
1 0.5083333253860474 0.5351851582527161 0.015625 0.02777777798473835
1 0.6291666626930237 0.6199073791503906 0.01770833320915699 0.026851851493120193
0 0.3450520932674408 0.5379629731178284 0.02864583395421505 0.05740740895271301
1 0.28567707538604736 0.4296296238899231 0.01614583283662796 0.025925925001502037
1 0.38333332538604736 0.6810185313224792 0.015625 0.02500000037252903
1 0.47994792461395264 0.3083333373069763 0.01718750037252903 0.025925925001502037
0 0.4973958432674408 0.5412036776542664 0.03958333283662796 0.043518517166376114
1 0.30156248807907104 0.35879629850387573 0.01666666753590107 0.023148147389292717
1 0.5838541388511658 0.3722222149372101 0.014583333395421505 0.02777777798473835
0 0.34713542461395264 0.5050926208496094 0.0390625 0.11388888955116272
0 0.4815104305744171 0.6032407283782959 0.02552083320915699 0.06759259104728699
0 0.5127604007720947 0.31898146867752075 0.03593749925494194 0.05277777835726738
0 0.3046875 0.3333333432674408 0.03229166567325592 0.07037036865949631
0 0.44140625 0.5916666388511658 0.02864583395421505 0.07407407462596893
0 0.48046875 0.3291666805744171 0.0234375 0.07500000298023224
0 0.3786458373069763 0.6949074268341064 0.03333333507180214 0.07129629701375961
0 0.625781238079071 0.6425926089286804 0.03281249850988388 0.08148147910833359
0 0.28697916865348816 0.40509259700775146 0.02916666679084301 0.08055555820465088
0 0.5934895873069763 0.38055557012557983 0.0390625 0.06296296417713165
0 0.4611979126930237 0.5129629373550415 0.03802083432674408 0.051851850003004074