0 0.5770833492279053 0.7791666388511658 0.03229166567325592 0.06018518656492233
3 0.5708333253860474 0.832870364189148 0.03020833246409893 0.10277777910232544
1 0.33932292461395264 0.31990739703178406 0.01927083358168602 0.026851851493120193
1 0.3125 0.4402777850627899 0.01666666753590107 0.02500000037252903
1 0.563281238079071 0.6601851582527161 0.015104166232049465 0.025925925001502037
3 0.3291666805744171 0.3375000059604645 0.04270833358168602 0.1268518567085266
1 0.31979167461395264 0.39351850748062134 0.01875000074505806 0.024074073880910873
1 0.3617187440395355 0.28101852536201477 0.01822916604578495 0.03055555559694767
0 0.3111979067325592 0.42824074625968933 0.02239583246409893 0.05648148059844971
3 0.3190104067325592 0.3856481611728668 0.03281249850988388 0.1268518567085266
1 0.6171875 0.5495370626449585 0.01666666753590107 0.028703704476356506
1 0.5416666865348816 0.5611110925674438 0.014583333395421505 0.02777777798473835
1 0.5171874761581421 0.717129647731781 0.01666666753590107 0.028703704476356506
1 0.5317708253860474 0.8782407641410828 0.01666666753590107 0.026851851493120193
0 0.3216145932674408 0.37037035822868347 0.02864583395421505 0.07407407462596893
0 0.5971354246139526 0.7319444417953491 0.02968749962747097 0.05462963134050369
0 0.34192708134651184 0.3046296238899231 0.02656250074505806 0.06666667014360428
0 0.5549479126930237 0.6777777671813965 0.03489583358168602 0.06481481343507767
0 0.5697916746139526 0.8481481671333313 0.02604166604578495 0.07037036865949631
1 0.550000011920929 0.15833333134651184 0.01979166641831398 0.031481482088565826
0 0.5252603888511658 0.7393518686294556 0.03593749925494194 0.06759259104728699
0 0.5294271111488342 0.8620370626449585 0.02552083320915699 0.05925925821065903
0 0.5575520992279053 0.17870371043682098 0.03593749925494194 0.07777778059244156
0 0.3695312440395355 0.30092594027519226 0.02656250074505806 0.07037036865949631
0 0.6302083134651184 0.5305555462837219 0.04583333432674408 0.07407407462596893
0 0.5565103888511658 0.5583333373069763 0.04739583283662796 0.07222222536802292
3 0.5877603888511658 0.7550926208496094 0.0494791679084301 0.09907407313585281