0 0.4752604067325592 0.8671296238899231 0.01927083358168602 0.0694444477558136
0 0.46562498807907104 0.8370370268821716 0.02500000037252903 0.04814814776182175
1 0.5406249761581421 0.9004629850387573 0.01666666753590107 0.028703704476356506
0 0.46796876192092896 0.8574073910713196 0.03072916716337204 0.08703703433275223
1 0.2945312559604645 0.4018518626689911 0.01614583283662796 0.029629629105329514
1 0.5249999761581421 0.35972222685813904 0.01875000074505806 0.034259259700775146
1 0.4476562440395355 0.4268518388271332 0.01718750037252903 0.031481482088565826
1 0.42395833134651184 0.15324074029922485 0.01770833320915699 0.03055555559694767
1 0.30416667461395264 0.3583333194255829 0.01666666753590107 0.02777777798473835
1 0.37291666865348816 0.36574074625968933 0.01666666753590107 0.025925925001502037
1 0.3343749940395355 0.2953703701496124 0.01666666753590107 0.025925925001502037
1 0.5419270992279053 0.16111111640930176 0.01614583283662796 0.03333333507180214
1 0.3895833194255829 0.43703705072402954 0.01770833320915699 0.02777777798473835
1 0.32630208134651184 0.4504629671573639 0.01927083358168602 0.026851851493120193
1 0.4242187440395355 0.24583333730697632 0.01822916604578495 0.03055555559694767
1 0.5072916746139526 0.14166666567325592 0.01770833320915699 0.031481482088565826
0 0.3984375 0.4166666567325592 0.03541666641831398 0.07407407462596893
0 0.30807292461395264 0.34166666865348816 0.02968749962747097 0.05740740895271301
0 0.44999998807907104 0.40138888359069824 0.03125 0.09351851791143417
0 0.2903645932674408 0.42314815521240234 0.02968749962747097 0.0833333358168602
0 0.3736979067325592 0.34351852536201477 0.02864583395421505 0.08518518507480621
0 0.41015625 0.16620370745658875 0.04218750074505806 0.06203703582286835
0 0.3307291567325592 0.42500001192092896 0.03020833246409893 0.08148147910833359
0 0.33671873807907104 0.26944443583488464 0.03177083283662796 0.07407407462596893
0 0.41354167461395264 0.2611111104488373 0.04062499850988388 0.06481481343507767
0 0.5570312738418579 0.16111111640930176 0.04531250149011612 0.051851850003004074
0 0.49557292461395264 0.1319444477558136 0.04531250149011612 0.06018518656492233
0 0.5289062261581421 0.33703702688217163 0.0338541679084301 0.09814814478158951