3 0.4962962865829468 0.2936320900917053 0.05740740895271301 0.06682389974594116
0 0.6569444537162781 0.5538522005081177 0.04537037014961243 0.04323899373412132
0 0.6171296238899231 0.3121069073677063 0.0824074074625969 0.03616352379322052
0 0.4574074149131775 0.3596698045730591 0.03703703731298447 0.02437106892466545
3 0.47083333134651184 0.3808962404727936 0.06759259104728699 0.06682389974594116
0 0.3291666805744171 0.284984290599823 0.037962961941957474 0.02437106892466545
0 0.4703703820705414 0.3808962404727936 0.06666667014360428 0.06682389974594116
1 0.3282407522201538 0.28183960914611816 0.03611111268401146 0.021226415410637856
3 0.6115740537643433 0.3962264060974121 0.05092592537403107 0.07389937341213226
1 0.5782407522201538 0.29599055647850037 0.028703704476356506 0.02437106892466545
0 0.6083333492279053 0.37224844098091125 0.03888889029622078 0.025943396613001823
0 0.5518518686294556 0.27476415038108826 0.05740740895271301 0.038522012531757355
1 0.3245370388031006 0.25943395495414734 0.023148147389292717 0.01886792480945587
1 0.6657407283782959 0.544418215751648 0.029629629105329514 0.021226415410637856
0 0.5967592597007751 0.24410377442836761 0.08055555820465088 0.032232705503702164
1 0.5648148059844971 0.24449685215950012 0.02777777798473835 0.02358490601181984
1 0.0902777761220932 0.50157231092453 0.03055555559694767 0.02358490601181984
1 0.16203702986240387 0.5589622855186462 0.03333333507180214 0.02358490601181984
1 0.24953703582286835 0.5243710875511169 0.034259259700775146 0.025157231837511063
1 0.1893518567085266 0.44103774428367615 0.034259259700775146 0.020440252497792244
1 0.6458333134651184 0.30896225571632385 0.02500000037252903 0.022012578323483467
1 0.5069444179534912 0.2716194987297058 0.026851851493120193 0.019654087722301483
1 0.4564814865589142 0.35849055647850037 0.03333333507180214 0.020440252497792244
1 0.605555534362793 0.3694968521595001 0.02777777798473835 0.01886792480945587
0 0.30601853132247925 0.39897799491882324 0.034259259700775146 0.051100630313158035
1 0.38055557012557983 0.340015709400177 0.029629629105329514 0.019654087722301483
1 0.30694442987442017 0.3812893033027649 0.026851851493120193 0.0172955971211195
0 0.612500011920929 0.3954402506351471 0.05092592537403107 0.069182388484478
1 0.11944444477558136 0.35731130838394165 0.029629629105329514 0.025943396613001823
3 0.5620370507240295 0.28262579441070557 0.06851851940155029 0.055817611515522
0 0.23749999701976776 0.5058962106704712 0.07129629701375961 0.06839622557163239
1 0.41296297311782837 0.5821540951728821 0.03703703731298447 0.02437106892466545
0 0.35879629850387573 0.2551100552082062 0.0824074074625969 0.03380503132939339
0 0.32870370149612427 0.30935534834861755 0.04444444552063942 0.07311321049928665
0 0.494907408952713 0.29481130838394165 0.05648148059844971 0.069182388484478
0 0.380092591047287 0.3203616440296173 0.049074072390794754 0.06053459271788597
0 0.1319444477558136 0.36477985978126526 0.06203703582286835 0.050314463675022125
0 0.4055555462837219 0.5546383857727051 0.05370370298624039 0.07783018797636032
0 0.19027778506278992 0.4233490526676178 0.05648148059844971 0.06053459271788597
0 0.15046297013759613 0.5436320900917053 0.06203703582286835 0.062106918543577194
0 0.09675925970077515 0.48388364911079407 0.05462963134050369 0.06839622557163239