1 0.40963542461395264 0.18611110746860504 0.01197916641831398 0.025925925001502037
1 0.6630208492279053 0.5643518567085266 0.01770833320915699 0.026851851493120193
1 0.6049479246139526 0.2023148089647293 0.01718750037252903 0.026851851493120193
3 0.5786458253860474 0.17546296119689941 0.06562499701976776 0.07314814627170563
1 0.41718751192092896 0.2560185194015503 0.01666666753590107 0.02500000037252903
1 0.3812499940395355 0.20879629254341125 0.015625 0.02500000037252903
1 0.4390625059604645 0.39120370149612427 0.01666666753590107 0.026851851493120193
1 0.31953126192092896 0.6254629492759705 0.01822916604578495 0.028703704476356506
0 0.7013021111488342 0.5458333492279053 0.02968749962747097 0.06759259104728699
1 0.5729166865348816 0.4069444537162781 0.01875000074505806 0.032407406717538834
0 0.38854166865348816 0.20092593133449554 0.03333333507180214 0.04814814776182175
1 0.3622395694255829 0.5157407522201538 0.01614583283662796 0.025925925001502037
0 0.5971354246139526 0.18981482088565826 0.03177083283662796 0.0555555559694767
0 0.42109376192092896 0.2768518626689911 0.02760416641831398 0.07777778059244156
0 0.4765625 0.14305555820465088 0.03125 0.04722222313284874
0 0.42239582538604736 0.17638888955116272 0.03125 0.04722222313284874
0 0.4375 0.3652777671813965 0.03020833246409893 0.09537036716938019
0 0.5611979365348816 0.16111111640930176 0.04010416567325592 0.04814814776182175
0 0.3218750059604645 0.647685170173645 0.03437500074505806 0.08055555820465088
0 0.6619791388511658 0.5893518328666687 0.03020833246409893 0.08981481194496155
0 0.3723958432674408 0.5314815044403076 0.04374999925494194 0.07592592388391495
0 0.5841146111488342 0.4263888895511627 0.04531250149011612 0.08425925672054291