1 0.44192707538604736 0.835185170173645 0.013020833022892475 0.025925925001502037
3 0.6070312261581421 0.7564814686775208 0.05052083358168602 0.05370370298624039
0 0.5369791388511658 0.8143518567085266 0.03229166567325592 0.04722222313284874
3 0.5356770753860474 0.48055556416511536 0.0546875 0.1259259283542633
0 0.47447916865348816 0.8074073791503906 0.0364583320915699 0.035185184329748154
1 0.3851562440395355 0.8087962865829468 0.01406249962747097 0.026851851493120193
0 0.4281249940395355 0.8370370268821716 0.03229166567325592 0.03703703731298447
0 0.5690104365348816 0.8120370507240295 0.02552083320915699 0.046296294778585434
3 0.586718738079071 0.7925925850868225 0.06614582985639572 0.07592592388391495
0 0.6122395992279053 0.7490741014480591 0.0390625 0.040740739554166794
1 0.43932291865348816 0.16712963581085205 0.013020833022892475 0.026851851493120193
1 0.48906248807907104 0.16249999403953552 0.015625 0.026851851493120193
0 0.5221354365348816 0.4453703761100769 0.03489583358168602 0.06111111119389534
0 0.3773437440395355 0.7875000238418579 0.0338541679084301 0.07870370149612427
0 0.550000011920929 0.5120370388031006 0.03020833246409893 0.07407407462596893
0 0.5002604126930237 0.15601852536201477 0.04010416567325592 0.05277777835726738
0 0.42786458134651184 0.16296295821666718 0.0390625 0.05740740895271301