3 0.6026041507720947 0.7467592358589172 0.0572916679084301 0.05648148059844971
1 0.5591145753860474 0.8324074149131775 0.01614583283662796 0.02777777798473835
0 0.3057291805744171 0.3375000059604645 0.02291666716337204 0.049074072390794754
1 0.6114583611488342 0.7708333134651184 0.01666666753590107 0.03055555559694767
0 0.6252604126930237 0.7495370507240295 0.03697916492819786 0.06574074178934097
0 0.29765623807907104 0.3620370328426361 0.04010416567325592 0.10370370000600815
0 0.6471354365348816 0.7134259343147278 0.02968749962747097 0.05092592537403107
1 0.582812488079071 0.7449073791503906 0.014583333395421505 0.028703704476356506
1 0.4463541805744171 0.35046297311782837 0.015625 0.032407406717538834
0 0.563281238079071 0.8467592597007751 0.02135416679084301 0.049074072390794754
0 0.59375 0.7412037253379822 0.03750000149011612 0.043518517166376114
1 0.5263020992279053 0.5555555820465088 0.01614583283662796 0.025925925001502037
1 0.5815104246139526 0.41712963581085205 0.01614583283662796 0.026851851493120193
1 0.36901041865348816 0.6629629731178284 0.015104166232049465 0.031481482088565826
1 0.45234376192092896 0.8675925731658936 0.013020833022892475 0.02777777798473835
3 0.2979166805744171 0.3620370328426361 0.0416666679084301 0.10555555671453476
0 0.46484375 0.8634259104728699 0.04010416567325592 0.049074072390794754
0 0.589062511920929 0.4314814805984497 0.0364583320915699 0.07592592388391495
0 0.5317708253860474 0.5763888955116272 0.02812499925494194 0.08611111342906952
0 0.4320312440395355 0.35277777910232544 0.04739583283662796 0.05925925821065903
3 0.63671875 0.729629635810852 0.05364583432674408 0.08888889104127884
0 0.38229167461395264 0.6652777791023254 0.04895833507180214 0.06388889253139496