0 0.48046875 0.6898148059844971 0.04218750074505806 0.07037036865949631
0 0.5692708492279053 0.8106481432914734 0.03125 0.06759259104728699
1 0.3265624940395355 0.2837963104248047 0.01354166679084301 0.02500000037252903
1 0.6401041746139526 0.3810185194015503 0.01354166679084301 0.02500000037252903
1 0.4658854305744171 0.5962963104248047 0.01718750037252903 0.024074073880910873
1 0.6604166626930237 0.4435185194015503 0.01666666753590107 0.025925925001502037
1 0.5210937261581421 0.16712963581085205 0.01406249962747097 0.028703704476356506
1 0.37057292461395264 0.21944443881511688 0.01406249962747097 0.02777777798473835
0 0.5531250238418579 0.7439814805984497 0.03020833246409893 0.06574074178934097
3 0.2783854305744171 0.5240740776062012 0.02760416641831398 0.12222222238779068
3 0.4807291626930237 0.6587963104248047 0.05104166641831398 0.12870369851589203
1 0.5463541746139526 0.7291666865348816 0.014583333395421505 0.023148147389292717
1 0.38671875 0.4851851761341095 0.01614583283662796 0.031481482088565826
0 0.2789062559604645 0.4810185134410858 0.02760416641831398 0.05648148059844971
0 0.46692708134651184 0.6175925731658936 0.02447916753590107 0.06851851940155029
0 0.2799479067325592 0.5467592477798462 0.0234375 0.07870370149612427
0 0.42760416865348816 0.7967592477798462 0.02916666679084301 0.05462963134050369
3 0.5622395873069763 0.7740740776062012 0.04010416567325592 0.11296296119689941
0 0.3578124940395355 0.2282407432794571 0.03854166716337204 0.06388889253139496
0 0.6653645634651184 0.46296295523643494 0.03072916716337204 0.08518518507480621
0 0.6312500238418579 0.36944442987442017 0.03750000149011612 0.06481481343507767
0 0.39791667461395264 0.47361111640930176 0.04479166492819786 0.06759259104728699
0 0.3174479305744171 0.2958333194255829 0.03177083283662796 0.06388889253139496
0 0.5091145634651184 0.16203702986240387 0.04218750074505806 0.05925925821065903