1 0.4268229305744171 0.7041666507720947 0.01614583283662796 0.023148147389292717
0 0.4677083194255829 0.8254629373550415 0.03229166567325592 0.03981481492519379
1 0.5322916507720947 0.24027778208255768 0.015625 0.021296296268701553
1 0.5270833373069763 0.6087962985038757 0.01770833320915699 0.026851851493120193
1 0.47343748807907104 0.550000011920929 0.01770833320915699 0.029629629105329514
1 0.44583332538604736 0.7393518686294556 0.014583333395421505 0.03055555559694767
1 0.4140625 0.8087962865829468 0.012500000186264515 0.026851851493120193
1 0.507031261920929 0.19212962687015533 0.01406249962747097 0.026851851493120193
1 0.45364582538604736 0.4268518388271332 0.01666666753590107 0.024074073880910873
0 0.4429687559604645 0.8101851940155029 0.02239583246409893 0.051851850003004074
1 0.5322916507720947 0.17175926268100739 0.014583333395421505 0.02500000037252903
0 0.4020833373069763 0.8138889074325562 0.03958333283662796 0.046296294778585434
0 0.5445312261581421 0.17083333432674408 0.03697916492819786 0.03981481492519379
0 0.45781248807907104 0.7532407641410828 0.03437500074505806 0.049074072390794754
0 0.5307291746139526 0.6305555701255798 0.02916666679084301 0.08148147910833359
0 0.4963541626930237 0.18101851642131805 0.0364583320915699 0.05277777835726738
0 0.48255208134651184 0.5638889074325562 0.04114583507180214 0.07037036865949631
0 0.4559895694255829 0.4486111104488373 0.02864583395421505 0.08611111342906952
0 0.4286458194255829 0.7199074029922485 0.02291666716337204 0.07129629701375961
0 0.524218738079071 0.260185182094574 0.03281249850988388 0.07037036865949631