3 0.3395833373069763 0.6555555462837219 0.05000000074505806 0.07407407462596893
0 0.3518229126930237 0.47870370745658875 0.04010416567325592 0.05000000074505806
3 0.4606770873069763 0.18796296417713165 0.04322916641831398 0.08888889104127884
0 0.45885416865348816 0.18888889253139496 0.04062499850988388 0.0833333358168602
0 0.3893229067325592 0.7856481671333313 0.04218750074505806 0.04537037014961243
3 0.35208332538604736 0.5046296119689941 0.04583333432674408 0.10555555671453476
0 0.3505208194255829 0.5083333253860474 0.04374999925494194 0.09444444626569748
1 0.5161458253860474 0.16990740597248077 0.014583333395421505 0.028703704476356506
1 0.3283854126930237 0.6416666507720947 0.01822916604578495 0.031481482088565826
1 0.3401041626930237 0.46759259700775146 0.01770833320915699 0.029629629105329514
1 0.6825520992279053 0.5157407522201538 0.01927083358168602 0.02777777798473835
1 0.6039062738418579 0.23564815521240234 0.01614583283662796 0.02500000037252903
1 0.32994791865348816 0.7490741014480591 0.01614583283662796 0.031481482088565826
1 0.44713541865348816 0.16620370745658875 0.01822916604578495 0.03055555559694767
1 0.3434895873069763 0.5375000238418579 0.01822916604578495 0.026851851493120193
1 0.31588542461395264 0.494907408952713 0.01822916604578495 0.026851851493120193
1 0.5403645634651184 0.7185184955596924 0.01718750037252903 0.029629629105329514
1 0.5960937738418579 0.572685182094574 0.01614583283662796 0.03055555559694767
0 0.34375 0.7578703761100769 0.0416666679084301 0.05648148059844971
3 0.3645833432674408 0.7749999761581421 0.08437500149011612 0.09259258955717087
0 0.3414062559604645 0.6541666388511658 0.0442708320915699 0.06759259104728699
0 0.5062500238418579 0.1648148149251938 0.0364583320915699 0.046296294778585434
0 0.3070312440395355 0.47083333134651184 0.0338541679084301 0.07685185223817825
0 0.68359375 0.5379629731178284 0.02656250074505806 0.08518518507480621
0 0.6151041388511658 0.24583333730697632 0.03750000149011612 0.06203703582286835
0 0.6078125238418579 0.5879629850387573 0.046875 0.07777778059244156
0 0.5549479126930237 0.7037037014961243 0.04843749850988388 0.07222222536802292