0 0.6263889074325562 0.3187893033027649 0.07685185223817825 0.032232705503702164
1 0.08888889104127884 0.4913522005081177 0.04814814776182175 0.05817610025405884
0 0.6462963223457336 0.31485849618911743 0.03703703731298447 0.027515722438693047
1 0.3203703761100769 0.25943395495414734 0.025925925001502037 0.022012578323483467
1 0.5837963223457336 0.2999213933944702 0.026851851493120193 0.02437106892466545
1 0.6504629850387573 0.31485849618911743 0.026851851493120193 0.02437106892466545
0 0.6013888716697693 0.3738207519054413 0.037962961941957474 0.025943396613001823
3 0.5652777552604675 0.285770446062088 0.06759259104728699 0.05424528196454048
1 0.13055555522441864 0.5208333134651184 0.02777777798473835 0.019654087722301483
1 0.6018518805503845 0.37106919288635254 0.031481482088565826 0.020440252497792244
1 0.4939814805984497 0.27319180965423584 0.028703704476356506 0.019654087722301483
1 0.31898146867752075 0.2845911979675293 0.032407406717538834 0.020440252497792244
0 0.3004629611968994 0.37028300762176514 0.037962961941957474 0.04245283082127571
1 0.1120370402932167 0.35888364911079407 0.031481482088565826 0.02908805012702942
1 0.08287037163972855 0.5027515888214111 0.03055555559694767 0.02437106892466545
0 0.3212963044643402 0.3125 0.046296294778585434 0.07311321049928665
1 0.30092594027519226 0.3596698045730591 0.029629629105329514 0.019654087722301483
1 0.5287036895751953 0.24174527823925018 0.025925925001502037 0.021226415410637856
1 0.17870371043682098 0.44221699237823486 0.03333333507180214 0.021226415410637856
0 0.5606481432914734 0.23466980457305908 0.08611111342906952 0.03694968670606613
0 0.35462963581085205 0.2566823959350586 0.08148147910833359 0.03380503132939339
1 0.15509259700775146 0.5621069073677063 0.032407406717538834 0.02358490601181984
1 0.37361112236976624 0.3404088020324707 0.03055555559694767 0.020440252497792244
1 0.24351851642131805 0.525943398475647 0.031481482088565826 0.026729559525847435
0 0.605555534362793 0.3966194987297058 0.05370370298624039 0.06996855139732361
1 0.40601852536201477 0.5825471878051758 0.037962961941957474 0.026729559525847435
1 0.6601851582527161 0.5459905862808228 0.031481482088565826 0.02437106892466545
1 0.44999998807907104 0.35888364911079407 0.03888889029622078 0.02437106892466545
0 0.6402778029441833 0.5672169923782349 0.06574074178934097 0.06682389974594116
0 0.5643518567085266 0.284984290599823 0.06203703582286835 0.051100630313158035
0 0.18379630148410797 0.4245283007621765 0.05833333358168602 0.0628930851817131
0 0.3967592716217041 0.5581761002540588 0.05648148059844971 0.07232704758644104
0 0.46157407760620117 0.37893080711364746 0.0694444477558136 0.0628930851817131
0 0.37268519401550293 0.32311320304870605 0.04537037014961243 0.06446541100740433
0 0.2273148149251938 0.5070754885673523 0.07129629701375961 0.069182388484478
0 0.12314815074205399 0.3663522005081177 0.06111111119389534 0.05188679322600365
0 0.48842594027519226 0.2983490526676178 0.049074072390794754 0.06525157392024994
0 0.14537036418914795 0.5436320900917053 0.05740740895271301 0.062106918543577194
0 0.08888889104127884 0.48860064148902893 0.051851850003004074 0.06367924809455872