1 0.3278645873069763 0.3203703761100769 0.01822916604578495 0.029629629105329514
1 0.32994791865348816 0.6458333134651184 0.01718750037252903 0.02500000037252903
1 0.5333333611488342 0.4263888895511627 0.01666666753590107 0.026851851493120193
1 0.40156251192092896 0.25 0.015625 0.02777777798473835
1 0.43541666865348816 0.6935185194015503 0.01666666753590107 0.02777777798473835
1 0.4283854067325592 0.36250001192092896 0.01614583283662796 0.026851851493120193
1 0.5989583134651184 0.3939814865589142 0.01770833320915699 0.028703704476356506
1 0.45234376192092896 0.18888889253139496 0.01718750037252903 0.03333333507180214
1 0.3466145694255829 0.5037037134170532 0.01406249962747097 0.029629629105329514
1 0.614062488079071 0.4731481373310089 0.015625 0.029629629105329514
1 0.4270833432674408 0.41527777910232544 0.015625 0.028703704476356506
1 0.5234375 0.4912036955356598 0.01770833320915699 0.026851851493120193
0 0.3239583373069763 0.33888888359069824 0.03125 0.07592592388391495
0 0.5315104126930237 0.44583332538604736 0.02760416641831398 0.07500000298023224
0 0.5927083492279053 0.4148148000240326 0.03229166567325592 0.07962962985038757
0 0.4130208194255829 0.23981481790542603 0.04270833358168602 0.05925925821065903
0 0.629687488079071 0.48148149251937866 0.04895833507180214 0.06111111119389534
0 0.514843761920929 0.510185182094574 0.0338541679084301 0.06481481343507767
0 0.4390625059604645 0.7148148417472839 0.03125 0.08518518507480621
0 0.4143229126930237 0.4305555522441864 0.04531250149011612 0.06296296417713165
0 0.46822917461395264 0.19305555522441864 0.05000000074505806 0.05462963134050369
0 0.43411457538604736 0.34074074029922485 0.0338541679084301 0.07962962985038757
0 0.3361979126930237 0.6675925850868225 0.03593749925494194 0.0833333358168602
0 0.3330729305744171 0.5106481313705444 0.04635416716337204 0.06574074178934097