0 0.4489583373069763 0.8486111164093018 0.03333333507180214 0.04722222313284874
1 0.45885416865348816 0.8652777671813965 0.01875000074505806 0.02500000037252903
0 0.4309895932674408 0.8083333373069763 0.04114583507180214 0.046296294778585434
1 0.49270832538604736 0.875 0.01979166641831398 0.029629629105329514
3 0.4338541626930237 0.8273147940635681 0.05520833283662796 0.07314814627170563
1 0.40416666865348816 0.8074073791503906 0.015625 0.029629629105329514
1 0.5549479126930237 0.875 0.01614583283662796 0.02777777798473835
0 0.4830729067325592 0.8726851940155029 0.03593749925494194 0.034259259700775146
1 0.4075520932674408 0.34259259700775146 0.01718750037252903 0.025925925001502037
1 0.6546875238418579 0.5004629492759705 0.015625 0.028703704476356506
1 0.5893229246139526 0.8472222089767456 0.01406249962747097 0.02777777798473835
1 0.4989583194255829 0.5611110925674438 0.01666666753590107 0.029629629105329514
1 0.69921875 0.6828703880310059 0.01822916604578495 0.026851851493120193
1 0.5528646111488342 0.5208333134651184 0.01614583283662796 0.03055555559694767
3 0.4091145694255829 0.7986111044883728 0.07447917014360428 0.06759259104728699
1 0.34062498807907104 0.3569444417953491 0.01666666753590107 0.028703704476356506
1 0.5690104365348816 0.20370370149612427 0.01718750037252903 0.03333333507180214
0 0.5557291507720947 0.8666666746139526 0.02083333395421505 0.051851850003004074
0 0.6036458611488342 0.8342592716217041 0.03854166716337204 0.05925925821065903
0 0.3929687440395355 0.7949073910713196 0.03802083432674408 0.05462963134050369
0 0.6994791626930237 0.6569444537162781 0.03333333507180214 0.08981481194496155
0 0.4124999940395355 0.32083332538604736 0.03125 0.0824074074625969
0 0.5101562738418579 0.5740740895271301 0.04218750074505806 0.06851851940155029
0 0.6466146111488342 0.48055556416511536 0.04010416567325592 0.0833333358168602
0 0.35364583134651184 0.3402777910232544 0.04374999925494194 0.06574074178934097
0 0.5830729007720947 0.2013888955116272 0.04635416716337204 0.06388889253139496
0 0.567187488079071 0.5319444537162781 0.04895833507180214 0.0694444477558136