0 0.3335937559604645 0.5439814925193787 0.04739583283662796 0.10277777910232544
1 0.6338541507720947 0.5958333611488342 0.014583333395421505 0.026851851493120193
0 0.2958333194255829 0.5856481194496155 0.02604166604578495 0.043518517166376114
0 0.3229166567325592 0.574999988079071 0.03437500074505806 0.05000000074505806
1 0.34062498807907104 0.730555534362793 0.01770833320915699 0.025925925001502037
3 0.3205729126930237 0.6824073791503906 0.03072916716337204 0.12777778506278992
1 0.609375 0.5259259343147278 0.01354166679084301 0.029629629105329514
0 0.3218750059604645 0.7013888955116272 0.02395833283662796 0.07129629701375961
0 0.3083333373069763 0.6416666507720947 0.02604166604578495 0.06481481343507767
3 0.30156248807907104 0.6208333373069763 0.03541666641831398 0.10833333432674408
1 0.6393229365348816 0.6861110925674438 0.01822916604578495 0.02777777798473835
0 0.34036457538604736 0.519444465637207 0.03072916716337204 0.05740740895271301
1 0.6794270873069763 0.47083333134651184 0.01718750037252903 0.02500000037252903
1 0.3786458373069763 0.7851851582527161 0.01770833320915699 0.029629629105329514
0 0.6820312738418579 0.489814817905426 0.02552083320915699 0.07407407462596893
0 0.6635416746139526 0.5777778029441833 0.03854166716337204 0.05370370298624039
0 0.62890625 0.5745370388031006 0.02760416641831398 0.07500000298023224
0 0.34765625 0.7537037134170532 0.02968749962747097 0.05370370298624039
0 0.6356770992279053 0.6657407283782959 0.03072916716337204 0.07962962985038757
0 0.6195312738418579 0.5171296000480652 0.04114583507180214 0.05648148059844971
3 0.3317708373069763 0.5444444417953491 0.05000000074505806 0.10740740597248077
0 0.3955729305744171 0.7925925850868225 0.04843749850988388 0.05740740895271301