0 0.6070312261581421 0.730555534362793 0.02968749962747097 0.05740740895271301
1 0.5674479007720947 0.5111111402511597 0.01614583283662796 0.02777777798473835
3 0.589062511920929 0.7537037134170532 0.05416666716337204 0.0833333358168602
3 0.651562511920929 0.7546296119689941 0.05104166641831398 0.07407407462596893
1 0.640625 0.6472222208976746 0.01770833320915699 0.02777777798473835
1 0.6520833373069763 0.7435185313224792 0.01354166679084301 0.020370369777083397
1 0.5661458373069763 0.8629629611968994 0.01666666753590107 0.025925925001502037
1 0.7210937738418579 0.5365740656852722 0.01822916604578495 0.026851851493120193
3 0.633593738079071 0.6995370388031006 0.03177083283662796 0.12870369851589203
1 0.5627604126930237 0.7254629731178284 0.01614583283662796 0.026851851493120193
0 0.6348958611488342 0.6675925850868225 0.03020833246409893 0.06481481343507767
1 0.5255208611488342 0.5185185074806213 0.01770833320915699 0.02777777798473835
0 0.6325520873069763 0.7384259104728699 0.02239583246409893 0.06203703582286835
0 0.5716145634651184 0.8541666865348816 0.02864583395421505 0.04722222313284874
1 0.5692708492279053 0.20370370149612427 0.01666666753590107 0.03333333507180214
1 0.3096354305744171 0.5115740895271301 0.01822916604578495 0.026851851493120193
0 0.578906238079071 0.7708333134651184 0.03281249850988388 0.04537037014961243
0 0.60546875 0.8287037014961243 0.04010416567325592 0.0555555559694767
0 0.7184895873069763 0.5532407164573669 0.02968749962747097 0.07129629701375961
0 0.5299479365348816 0.5416666865348816 0.02968749962747097 0.07592592388391495
0 0.5752604007720947 0.532870352268219 0.03281249850988388 0.07685185223817825
0 0.66015625 0.7620370388031006 0.03489583358168602 0.06296296417713165
0 0.30859375 0.4851851761341095 0.02968749962747097 0.08703703433275223
0 0.5492187738418579 0.7319444417953491 0.04322916641831398 0.05092592537403107
0 0.5835937261581421 0.20092593133449554 0.04635416716337204 0.06666667014360428