0 0.5645833611488342 0.8569444417953491 0.01770833320915699 0.03981481492519379
3 0.4322916567325592 0.8527777791023254 0.0729166641831398 0.07037036865949631
1 0.6729166507720947 0.40925925970077515 0.01666666753590107 0.02222222276031971
1 0.4322916567325592 0.8675925731658936 0.01354166679084301 0.029629629105329514
1 0.6466146111488342 0.31805557012557983 0.01718750037252903 0.023148147389292717
1 0.4976562559604645 0.8444444537162781 0.01927083358168602 0.02777777798473835
1 0.46822917461395264 0.8703703880310059 0.01354166679084301 0.029629629105329514
1 0.3385416567325592 0.47453704476356506 0.012500000186264515 0.02500000037252903
1 0.6533854007720947 0.34490740299224854 0.015104166232049465 0.026851851493120193
1 0.3596354126930237 0.6157407164573669 0.01406249962747097 0.025925925001502037
1 0.4463541805744171 0.3453703820705414 0.01770833320915699 0.029629629105329514
1 0.3747395873069763 0.375 0.015104166232049465 0.029629629105329514
0 0.4216145873069763 0.8537036776542664 0.04531250149011612 0.04814814776182175
0 0.4583333432674408 0.8703703880310059 0.03125 0.040740739554166794
1 0.38333332538604736 0.21203704178333282 0.01666666753590107 0.031481482088565826
0 0.6773437261581421 0.4356481432914734 0.02656250074505806 0.07685185223817825
1 0.3395833373069763 0.5763888955116272 0.01354166679084301 0.026851851493120193
0 0.3479166626930237 0.6291666626930237 0.03958333283662796 0.06203703582286835
0 0.4945312440395355 0.8236111402511597 0.02656250074505806 0.06759259104728699
0 0.6619791388511658 0.36342594027519226 0.03020833246409893 0.06388889253139496
0 0.4398437440395355 0.3629629611968994 0.03281249850988388 0.0833333358168602
0 0.3526041805744171 0.5629629492759705 0.0416666679084301 0.06481481343507767
0 0.3643229305744171 0.3856481611728668 0.04218750074505806 0.06388889253139496
0 0.641406238079071 0.2976851761341095 0.03177083283662796 0.06203703582286835
0 0.3307291567325592 0.47870370745658875 0.03854166716337204 0.06481481343507767
0 0.39635416865348816 0.19907407462596893 0.04270833358168602 0.05925925821065903