0 0.6171875 0.3583333194255829 0.02916666679084301 0.05740740895271301
3 0.40156251192092896 0.8101851940155029 0.0520833320915699 0.07037036865949631
1 0.5989583134651184 0.26851850748062134 0.015625 0.02777777798473835
3 0.5992187261581421 0.27546295523643494 0.0338541679084301 0.11574073880910873
3 0.609375 0.3444444537162781 0.04791666567325592 0.10000000149011612
1 0.3255208432674408 0.36851853132247925 0.01666666753590107 0.025925925001502037
3 0.6148437261581421 0.38240739703178406 0.04322916641831398 0.11666666716337204
0 0.6111978888511658 0.41203704476356506 0.04218750074505806 0.06111111119389534
1 0.6690104007720947 0.38240739703178406 0.01822916604578495 0.02777777798473835
0 0.4270833432674408 0.832870364189148 0.02916666679084301 0.032407406717538834
1 0.5760416388511658 0.2203703671693802 0.015625 0.025925925001502037
1 0.40416666865348816 0.7435185313224792 0.01666666753590107 0.029629629105329514
3 0.5901041626930237 0.255092591047287 0.03958333283662796 0.10277777910232544
0 0.39661458134651184 0.8083333373069763 0.03281249850988388 0.06111111119389534
0 0.5856770873069763 0.23055554926395416 0.03593749925494194 0.05740740895271301
0 0.671875 0.40509259700775146 0.02395833283662796 0.07500000298023224
0 0.3187499940395355 0.34583333134651184 0.0364583320915699 0.07870370149612427
0 0.3473958373069763 0.2421296238899231 0.03020833246409893 0.05833333358168602
0 0.3893229067325592 0.7370370626449585 0.04739583283662796 0.0555555559694767