1 0.4752604067325592 0.8481481671333313 0.01927083358168602 0.029629629105329514
1 0.546875 0.15694443881511688 0.01770833320915699 0.03055555559694767
1 0.3630208373069763 0.2092592567205429 0.015625 0.025925925001502037
1 0.3255208432674408 0.3004629611968994 0.01770833320915699 0.028703704476356506
1 0.5263020992279053 0.15138888359069824 0.01927083358168602 0.03055555559694767
1 0.44713541865348816 0.4314814805984497 0.01718750037252903 0.029629629105329514
1 0.647656261920929 0.5092592835426331 0.01718750037252903 0.02777777798473835
1 0.2848958373069763 0.4513888955116272 0.01770833320915699 0.026851851493120193
1 0.3721354305744171 0.3717592656612396 0.01718750037252903 0.02500000037252903
1 0.3335937559604645 0.46990740299224854 0.01822916604578495 0.026851851493120193
1 0.38880208134651184 0.43796294927597046 0.01718750037252903 0.029629629105329514
0 0.5518229007720947 0.15324074029922485 0.02760416641831398 0.043518517166376114
1 0.6705729365348816 0.3212963044643402 0.01927083358168602 0.031481482088565826
0 0.31848958134651184 0.31203705072402954 0.03177083283662796 0.06666667014360428
1 0.4351562559604645 0.24583333730697632 0.01822916604578495 0.032407406717538834
1 0.5776041746139526 0.1856481432914734 0.01875000074505806 0.03055555559694767
0 0.39791667461395264 0.4148148000240326 0.03541666641831398 0.08148147910833359
0 0.3528645932674408 0.22870370745658875 0.03593749925494194 0.07407407462596893
0 0.33385416865348816 0.43611112236976624 0.03125 0.09259258955717087
0 0.4481770694255829 0.40648147463798523 0.03072916716337204 0.09814814478158951
0 0.2888020873069763 0.4254629611968994 0.03593749925494194 0.0824074074625969
0 0.6796875 0.3430555462837219 0.03750000149011612 0.08981481194496155
0 0.3726562559604645 0.3453703820705414 0.02968749962747097 0.09444444626569748
0 0.6539062261581421 0.5324074029922485 0.03489583358168602 0.09259258955717087
0 0.5932291746139526 0.20185184478759766 0.04583333432674408 0.06481481343507767
0 0.512499988079071 0.14212962985038757 0.04374999925494194 0.05277777835726738
0 0.421875 0.25462964177131653 0.046875 0.06111111119389534