0 0.4507812559604645 0.8060185313224792 0.05156249925494194 0.08425925672054291
1 0.6677083373069763 0.27222222089767456 0.01354166679084301 0.018518518656492233
1 0.4869791567325592 0.2759259343147278 0.01666666753590107 0.02777777798473835
1 0.45234376192092896 0.7944444417953491 0.01718750037252903 0.02777777798473835
1 0.6499999761581421 0.2300925999879837 0.01875000074505806 0.026851851493120193
3 0.49609375 0.2680555582046509 0.04114583507180214 0.0972222238779068
3 0.49166667461395264 0.34398147463798523 0.03854166716337204 0.10833333432674408
0 0.49661457538604736 0.25462964177131653 0.03697916492819786 0.07407407462596893
1 0.38619792461395264 0.41805556416511536 0.01718750037252903 0.034259259700775146
1 0.5044270753860474 0.8055555820465088 0.01718750037252903 0.031481482088565826
1 0.6080729365348816 0.7958333492279053 0.01718750037252903 0.032407406717538834
1 0.4244791567325592 0.7509258985519409 0.01875000074505806 0.031481482088565826
1 0.6276041865348816 0.8310185074806213 0.01770833320915699 0.032407406717538834
1 0.39661458134651184 0.19907407462596893 0.01614583283662796 0.029629629105329514
1 0.6268228888511658 0.5615741014480591 0.01927083358168602 0.034259259700775146
3 0.4437499940395355 0.7777777910232544 0.0572916679084301 0.09074074029922485
0 0.6427083611488342 0.20787036418914795 0.03437500074505806 0.06388889253139496
0 0.43541666865348816 0.7643518447875977 0.0416666679084301 0.06018518656492233
0 0.46041667461395264 0.8203703761100769 0.0364583320915699 0.05925925821065903
0 0.4911458194255829 0.3662036955356598 0.02916666679084301 0.06759259104728699
0 0.6328125 0.8189814686775208 0.02916666679084301 0.0694444477558136
0 0.671875 0.25648146867752075 0.02291666716337204 0.05370370298624039
0 0.592968761920929 0.7856481671333313 0.04739583283662796 0.06018518656492233
0 0.5205729007720947 0.7990740537643433 0.0546875 0.051851850003004074
0 0.37552082538604736 0.43518519401550293 0.04270833358168602 0.07962962985038757
0 0.6356770992279053 0.5791666507720947 0.04114583507180214 0.08425925672054291
0 0.38463541865348816 0.2092592567205429 0.03802083432674408 0.06111111119389534