1 0.6130208373069763 0.7824074029922485 0.01770833320915699 0.031481482088565826
3 0.5513020753860474 0.43194442987442017 0.0442708320915699 0.10277777910232544
1 0.49921876192092896 0.5240740776062012 0.01406249962747097 0.024074073880910873
1 0.5200520753860474 0.4625000059604645 0.0234375 0.03981481492519379
1 0.5393229126930237 0.37546294927597046 0.01718750037252903 0.028703704476356506
0 0.5989583134651184 0.7865740656852722 0.04791666567325592 0.05277777835726738
1 0.5286458134651184 0.8592592477798462 0.014583333395421505 0.025925925001502037
0 0.543749988079071 0.36157408356666565 0.03437500074505806 0.05277777835726738
1 0.4427083432674408 0.7379629611968994 0.01770833320915699 0.024074073880910873
1 0.44140625 0.8356481194496155 0.015104166232049465 0.02500000037252903
1 0.7213541865348816 0.5671296119689941 0.01666666753590107 0.02500000037252903
1 0.4611979126930237 0.2986111044883728 0.015104166232049465 0.028703704476356506
3 0.5473958253860474 0.38657405972480774 0.03854166716337204 0.1120370402932167
0 0.4716145694255829 0.5069444179534912 0.04322916641831398 0.05092592537403107
3 0.516406238079071 0.4861111044883728 0.05052083358168602 0.09259258955717087
0 0.5182291865348816 0.31898146867752075 0.02916666679084301 0.05648148059844971
3 0.5307291746139526 0.3375000059604645 0.05312500149011612 0.09351851791143417
0 0.4507812559604645 0.8518518805503845 0.03802083432674408 0.06481481343507767
0 0.44088542461395264 0.760185182094574 0.02864583395421505 0.07777778059244156
0 0.723437488079071 0.550000011920929 0.03020833246409893 0.08518518507480621
0 0.4505208432674408 0.2819444537162781 0.04479166492819786 0.06759259104728699
0 0.655468761920929 0.2101851850748062 0.0338541679084301 0.06111111119389534