1 0.5184895992279053 0.8708333373069763 0.01406249962747097 0.02500000037252903
0 0.5372396111488342 0.864814817905426 0.02968749962747097 0.040740739554166794
0 0.5770833492279053 0.7689814567565918 0.0416666679084301 0.0824074074625969
1 0.5523437261581421 0.8740741014480591 0.015104166232049465 0.02777777798473835
0 0.5096353888511658 0.8675925731658936 0.02968749962747097 0.029629629105329514
1 0.571093738079071 0.8013888597488403 0.02031249925494194 0.03055555559694767
1 0.5627604126930237 0.6638888716697693 0.015104166232049465 0.02777777798473835
1 0.4559895694255829 0.8694444298744202 0.013020833022892475 0.02777777798473835
0 0.47864583134651184 0.8726851940155029 0.03229166567325592 0.032407406717538834
0 0.5833333134651184 0.7523148059844971 0.03229166567325592 0.049074072390794754
1 0.546875 0.5509259104728699 0.014583333395421505 0.031481482088565826
0 0.5682291388511658 0.8537036776542664 0.02187499962747097 0.0555555559694767
1 0.5356770753860474 0.6175925731658936 0.015104166232049465 0.025925925001502037
3 0.5755208134651184 0.7736111283302307 0.04479166492819786 0.09166666865348816
1 0.5893229246139526 0.6467592716217041 0.01822916604578495 0.026851851493120193
1 0.5492187738418579 0.15740740299224854 0.01927083358168602 0.031481482088565826
0 0.44218748807907104 0.8601852059364319 0.03333333507180214 0.04259259253740311
0 0.5244791507720947 0.6365740895271301 0.0364583320915699 0.06388889253139496
0 0.5559895634651184 0.1736111044883728 0.0338541679084301 0.07129629701375961
0 0.5598958134651184 0.5481481552124023 0.0416666679084301 0.06111111119389534
0 0.5950520634651184 0.6226851940155029 0.03281249850988388 0.08055555820465088
0 0.5528646111488342 0.6824073791503906 0.03177083283662796 0.05925925821065903