1 0.3427083194255829 0.38055557012557983 0.01666666753590107 0.024074073880910873
1 0.3140625059604645 0.7310185432434082 0.015625 0.026851851493120193
1 0.543749988079071 0.6231481432914734 0.014583333395421505 0.029629629105329514
1 0.6791666746139526 0.5175926089286804 0.01666666753590107 0.025925925001502037
1 0.4502604305744171 0.8518518805503845 0.01614583283662796 0.031481482088565826
1 0.44843751192092896 0.34953704476356506 0.015625 0.028703704476356506
1 0.3773437440395355 0.6254629492759705 0.015104166232049465 0.021296296268701553
1 0.6244791746139526 0.37731480598449707 0.015625 0.026851851493120193
0 0.6768229007720947 0.5902777910232544 0.02239583246409893 0.06574074178934097
0 0.680468738079071 0.5300925970077515 0.02968749962747097 0.05833333358168602
1 0.48489582538604736 0.35972222685813904 0.01770833320915699 0.03055555559694767
1 0.2958333194255829 0.6694444417953491 0.01666666753590107 0.025925925001502037
3 0.6786458492279053 0.5634258985519409 0.03125 0.11759259551763535
0 0.3114583194255829 0.7157407402992249 0.02916666679084301 0.07592592388391495
0 0.2893229126930237 0.6499999761581421 0.03281249850988388 0.07222222536802292
0 0.4427083432674408 0.3652777671813965 0.03125 0.07685185223817825
0 0.37812501192092896 0.6425926089286804 0.02812499925494194 0.08148147910833359
0 0.6468750238418579 0.33194443583488464 0.03125 0.07870370149612427
0 0.4963541626930237 0.34259259700775146 0.0416666679084301 0.06481481343507767
0 0.4364583194255829 0.8444444537162781 0.046875 0.06111111119389534
0 0.34427082538604736 0.4009259343147278 0.03020833246409893 0.08518518507480621
0 0.3791666626930237 0.8300926089286804 0.03020833246409893 0.05277777835726738
0 0.5575520992279053 0.6217592358589172 0.0494791679084301 0.06574074178934097
0 0.6111978888511658 0.3629629611968994 0.0390625 0.06481481343507767