1 0.4309895932674408 0.8263888955116272 0.013020833022892475 0.02500000037252903
0 0.6302083134651184 0.5365740656852722 0.0416666679084301 0.0824074074625969
1 0.3388020694255829 0.47268518805503845 0.01718750037252903 0.032407406717538834
1 0.6265624761581421 0.737500011920929 0.012500000186264515 0.02500000037252903
1 0.40182292461395264 0.8199074268341064 0.01614583283662796 0.026851851493120193
3 0.3682291805744171 0.489814817905426 0.07500000298023224 0.07407407462596893
1 0.3518229126930237 0.7509258985519409 0.01718750037252903 0.024074073880910873
1 0.6585937738418579 0.5217592716217041 0.01718750037252903 0.026851851493120193
1 0.6322916746139526 0.6032407283782959 0.015625 0.026851851493120193
1 0.6127604246139526 0.5282407402992249 0.01406249962747097 0.028703704476356506
1 0.2966145873069763 0.6157407164573669 0.01614583283662796 0.025925925001502037
1 0.6382812261581421 0.6939814686775208 0.01718750037252903 0.023148147389292717
0 0.34583333134651184 0.47268518805503845 0.03750000149011612 0.049074072390794754
0 0.44348958134651184 0.8148148059844971 0.03593749925494194 0.040740739554166794
0 0.3841145932674408 0.49953705072402954 0.04010416567325592 0.05462963134050369
0 0.6572916507720947 0.4962962865829468 0.03125 0.07777778059244156
0 0.29765623807907104 0.5967592597007751 0.02447916753590107 0.07685185223817825
0 0.6205729246139526 0.5212963223457336 0.0390625 0.05740740895271301
0 0.4078125059604645 0.8277778029441833 0.03020833246409893 0.046296294778585434
0 0.32499998807907104 0.7092592716217041 0.02916666679084301 0.05925925821065903
0 0.6411458253860474 0.7083333134651184 0.02708333358168602 0.06851851940155029
0 0.6380208134651184 0.5833333134651184 0.03333333507180214 0.07592592388391495
0 0.35859376192092896 0.769444465637207 0.03802083432674408 0.06111111119389534
0 0.6174479126930237 0.7550926208496094 0.02656250074505806 0.06203703582286835