0 0.3955729305744171 0.7416666746139526 0.02135416679084301 0.03888889029622078
1 0.44609373807907104 0.7749999761581421 0.013020833022892475 0.02222222276031971
1 0.37552082538604736 0.699999988079071 0.01354166679084301 0.024074073880910873
0 0.4124999940395355 0.7574074268341064 0.01875000074505806 0.031481482088565826
0 0.4364583194255829 0.3759259283542633 0.0364583320915699 0.06851851940155029
0 0.44843751192092896 0.2935185134410858 0.03229166567325592 0.05370370298624039
3 0.43958333134651184 0.36064815521240234 0.04270833358168602 0.09907407313585281
0 0.5822916626930237 0.38333332538604736 0.02708333358168602 0.05925925821065903
1 0.5895833373069763 0.3708333373069763 0.01666666753590107 0.026851851493120193
0 0.4026041626930237 0.7486110925674438 0.03750000149011612 0.049074072390794754
1 0.48750001192092896 0.1657407432794571 0.014583333395421505 0.029629629105329514
3 0.4427083432674408 0.2736110985279083 0.04479166492819786 0.09537036716938019
0 0.6013020873069763 0.42222222685813904 0.03072916716337204 0.05370370298624039
1 0.3153645694255829 0.5277777910232544 0.015104166232049465 0.02222222276031971
0 0.45651042461395264 0.7777777910232544 0.02864583395421505 0.03703703731298447
0 0.43046873807907104 0.24444444477558136 0.02552083320915699 0.05000000074505806
0 0.6294270753860474 0.3166666626930237 0.0234375 0.05000000074505806
3 0.5927083492279053 0.4027777910232544 0.05000000074505806 0.09814814478158951
0 0.36510416865348816 0.6865741014480591 0.03437500074505806 0.05462963134050369
0 0.31692707538604736 0.5134259462356567 0.02447916753590107 0.06574074178934097
0 0.4989583194255829 0.17175926268100739 0.03854166716337204 0.06574074178934097