0 0.5463541746139526 0.46064814925193787 0.02708333358168602 0.06203703582286835
0 0.5197916626930237 0.385185182094574 0.03125 0.06111111119389534
0 0.4997395873069763 0.4393518567085266 0.02968749962747097 0.06574074178934097
1 0.49791666865348816 0.8435184955596924 0.012500000186264515 0.02777777798473835
1 0.49531251192092896 0.8615740537643433 0.012500000186264515 0.028703704476356506
3 0.5192708373069763 0.40833333134651184 0.04479166492819786 0.10370370000600815
1 0.5679687261581421 0.46990740299224854 0.01822916604578495 0.032407406717538834
0 0.4716145694255829 0.40231481194496155 0.03593749925494194 0.05092592537403107
1 0.6536458134651184 0.22685185074806213 0.01666666753590107 0.024074073880910873
1 0.49427083134651184 0.4148148000240326 0.014583333395421505 0.029629629105329514
3 0.5802083611488342 0.4402777850627899 0.05000000074505806 0.07870370149612427
1 0.5283854007720947 0.8587962985038757 0.015104166232049465 0.028703704476356506
0 0.5372396111488342 0.3342592716217041 0.03489583358168602 0.06851851940155029
0 0.5666666626930237 0.36944442987442017 0.02500000037252903 0.06666667014360428
3 0.5640624761581421 0.36759260296821594 0.03125 0.10370370000600815
0 0.5942708253860474 0.8500000238418579 0.0364583320915699 0.06296296417713165
0 0.5932291746139526 0.42824074625968933 0.02916666679084301 0.05648148059844971
1 0.7205728888511658 0.5703703761100769 0.01822916604578495 0.025925925001502037
1 0.4598958194255829 0.4124999940395355 0.01354166679084301 0.02500000037252903
1 0.45651042461395264 0.8495370149612427 0.015104166232049465 0.03055555559694767
3 0.5445312261581421 0.35277777910232544 0.0546875 0.10925926268100739
3 0.4789062440395355 0.41712963581085205 0.05364583432674408 0.08611111342906952
0 0.721875011920929 0.5509259104728699 0.03229166567325592 0.09074074029922485
0 0.65234375 0.21064814925193787 0.03072916716337204 0.05833333358168602
0 0.4690104126930237 0.8569444417953491 0.04531250149011612 0.0694444477558136