1 0.6484375 0.6601851582527161 0.015625 0.025925925001502037
0 0.6346353888511658 0.522685170173645 0.03281249850988388 0.07314814627170563
1 0.628125011920929 0.5504629611968994 0.01979166641831398 0.023148147389292717
3 0.6302083134651184 0.5555555820465088 0.03541666641831398 0.10555555671453476
0 0.6338541507720947 0.4634259343147278 0.02604166604578495 0.05462963134050369
1 0.5388020873069763 0.7814815044403076 0.015104166232049465 0.025925925001502037
1 0.6588541865348816 0.3453703820705414 0.015625 0.02777777798473835
1 0.6268228888511658 0.6532407402992249 0.01406249962747097 0.028703704476356506
0 0.6343749761581421 0.48750001192092896 0.03229166567325592 0.09907407313585281
1 0.36145833134651184 0.770370364189148 0.014583333395421505 0.025925925001502037
0 0.6278645992279053 0.5745370388031006 0.02864583395421505 0.06574074178934097
1 0.3166666626930237 0.5236111283302307 0.015625 0.028703704476356506
1 0.6255208253860474 0.7143518328666687 0.01770833320915699 0.026851851493120193
1 0.5523437261581421 0.7208333611488342 0.01822916604578495 0.028703704476356506
3 0.6328125 0.5004629492759705 0.03541666641831398 0.12314815074205399
0 0.6526041626930237 0.6398147940635681 0.02708333358168602 0.06481481343507767
0 0.6328125 0.6986111402511597 0.03333333507180214 0.05648148059844971
0 0.5432291626930237 0.8037037253379822 0.02395833283662796 0.06666667014360428
0 0.5447916388511658 0.7337962985038757 0.03229166567325592 0.06388889253139496
0 0.6111978888511658 0.644444465637207 0.04218750074505806 0.04444444552063942
0 0.6507812738418579 0.3601851761341095 0.04010416567325592 0.07592592388391495
0 0.31197917461395264 0.5069444179534912 0.0364583320915699 0.08425925672054291
0 0.3513020873069763 0.7555555701255798 0.0390625 0.06851851940155029