1 0.578906238079071 0.40416666865348816 0.01718750037252903 0.02500000037252903
0 0.47708332538604736 0.8537036776542664 0.03020833246409893 0.031481482088565826
1 0.6776041388511658 0.4018518626689911 0.01875000074505806 0.025925925001502037
1 0.390625 0.3097222149372101 0.01770833320915699 0.02500000037252903
1 0.2955729067325592 0.3916666805744171 0.01614583283662796 0.02777777798473835
1 0.5065104365348816 0.16018518805503845 0.015104166232049465 0.03333333507180214
1 0.29505208134651184 0.5273148417472839 0.01822916604578495 0.02500000037252903
0 0.6755208373069763 0.41990742087364197 0.02708333358168602 0.07870370149612427
0 0.29895833134651184 0.36944442987442017 0.03229166567325592 0.07962962985038757
0 0.67578125 0.489814817905426 0.03593749925494194 0.05370370298624039
1 0.34375 0.4541666805744171 0.01770833320915699 0.026851851493120193
0 0.5489583611488342 0.8060185313224792 0.04583333432674408 0.05462963134050369
0 0.3893229067325592 0.2874999940395355 0.02552083320915699 0.07500000298023224
0 0.5677083134651184 0.41527777910232544 0.0416666679084301 0.07314814627170563
0 0.5713541507720947 0.31296294927597046 0.04270833358168602 0.05925925821065903
0 0.3830729126930237 0.21157407760620117 0.02447916753590107 0.06203703582286835
0 0.5184895992279053 0.16111111640930176 0.04010416567325592 0.06111111119389534
0 0.2919270694255829 0.5046296119689941 0.03072916716337204 0.09074074029922485
0 0.34687501192092896 0.43194442987442017 0.03750000149011612 0.08611111342906952