0 0.5932291746139526 0.8458333611488342 0.02291666716337204 0.05462963134050369
1 0.5309895873069763 0.15046297013759613 0.0234375 0.032407406717538834
1 0.5882812738418579 0.8277778029441833 0.01614583283662796 0.025925925001502037
0 0.3072916567325592 0.3643518388271332 0.03125 0.06203703582286835
3 0.29765623807907104 0.3898148238658905 0.04218750074505806 0.12222222238779068
0 0.3101562559604645 0.3185185194015503 0.02760416641831398 0.06111111119389534
1 0.6734374761581421 0.5712962746620178 0.01875000074505806 0.029629629105329514
1 0.5424479246139526 0.1527777761220932 0.02135416679084301 0.03703703731298447
0 0.29114583134651184 0.4078703820705414 0.03437500074505806 0.08611111342906952
1 0.2888020873069763 0.4305555522441864 0.01822916604578495 0.02777777798473835
1 0.33203125 0.4662036895751953 0.02031249925494194 0.028703704476356506
1 0.3307291567325592 0.729629635810852 0.01875000074505806 0.029629629105329514
1 0.4479166567325592 0.42592594027519226 0.01770833320915699 0.029629629105329514
1 0.40156251192092896 0.8337963223457336 0.014583333395421505 0.026851851493120193
1 0.3721354305744171 0.3722222149372101 0.01718750037252903 0.024074073880910873
3 0.30807292461395264 0.34074074029922485 0.03593749925494194 0.10555555671453476
1 0.5190104246139526 0.14629629254341125 0.01927083358168602 0.040740739554166794
1 0.38854166865348816 0.43888887763023376 0.01875000074505806 0.031481482088565826
1 0.4346354305744171 0.24444444477558136 0.01822916604578495 0.03333333507180214
0 0.3981770873069763 0.41712963581085205 0.03802083432674408 0.08055555820465088
0 0.3734374940395355 0.3462963104248047 0.02916666679084301 0.10185185074806213
0 0.3343749940395355 0.4365740716457367 0.03229166567325592 0.08796296268701553
0 0.4494791626930237 0.39907407760620117 0.03229166567325592 0.09444444626569748
0 0.5481770634651184 0.15648147463798523 0.03281249850988388 0.05370370298624039
0 0.3346354067325592 0.7013888955116272 0.03593749925494194 0.10092592239379883
0 0.3895833194255829 0.8273147940635681 0.04062499850988388 0.05833333358168602
0 0.4216145873069763 0.2541666626930237 0.04739583283662796 0.06759259104728699
0 0.5054687261581421 0.1388888955116272 0.04739583283662796 0.06851851940155029
0 0.671093761920929 0.5962963104248047 0.03281249850988388 0.09814814478158951