0 0.37161457538604736 0.7666666507720947 0.02656250074505806 0.035185184329748154
1 0.37161457538604736 0.7671296000480652 0.02656250074505806 0.03611111268401146
3 0.38854166865348816 0.7768518328666687 0.06458333134651184 0.05370370298624039
1 0.38854166865348816 0.6652777791023254 0.01770833320915699 0.028703704476356506
1 0.657031238079071 0.26342591643333435 0.013020833022892475 0.023148147389292717
0 0.4033854305744171 0.7893518805503845 0.04218750074505806 0.0416666679084301
0 0.37968748807907104 0.7699074149131775 0.04791666567325592 0.04537037014961243
0 0.40833333134651184 0.7365740537643433 0.02708333358168602 0.06388889253139496
1 0.33151042461395264 0.3879629671573639 0.01927083358168602 0.025925925001502037
1 0.3570312559604645 0.7282407283782959 0.015104166232049465 0.026851851493120193
1 0.4111979305744171 0.7541666626930237 0.01822916604578495 0.026851851493120193
1 0.3544270694255829 0.3351851999759674 0.01718750037252903 0.025925925001502037
3 0.3997395932674408 0.7092592716217041 0.0390625 0.11666666716337204
1 0.3153645694255829 0.45601850748062134 0.01822916604578495 0.026851851493120193
1 0.6356770992279053 0.3550925850868225 0.01822916604578495 0.02500000037252903
0 0.4007812440395355 0.5462962985038757 0.04218750074505806 0.07777778059244156
0 0.34687501192092896 0.717129647731781 0.03229166567325592 0.049074072390794754
1 0.3903645873069763 0.5273148417472839 0.01614583283662796 0.03055555559694767
0 0.38749998807907104 0.6865741014480591 0.02395833283662796 0.07314814627170563
0 0.3330729305744171 0.36666667461395264 0.02760416641831398 0.06481481343507767
0 0.3604166805744171 0.244907408952713 0.02812499925494194 0.05462963134050369
0 0.3200520873069763 0.4347222149372101 0.0338541679084301 0.07314814627170563
0 0.6627604365348816 0.27222222089767456 0.02968749962747097 0.05740740895271301
0 0.3622395694255829 0.31296294927597046 0.03072916716337204 0.06481481343507767
0 0.6322916746139526 0.3282407522201538 0.02916666679084301 0.08425925672054291