1 0.4072916805744171 0.831944465637207 0.01666666753590107 0.03055555559694767
1 0.04270833358168602 0.2953703701496124 0.01354166679084301 0.020370369777083397
1 0.32473957538604736 0.6013888716697693 0.02031249925494194 0.032407406717538834
1 0.35624998807907104 0.35046297311782837 0.01875000074505806 0.034259259700775146
1 0.32369792461395264 0.5347222089767456 0.01614583283662796 0.021296296268701553
0 0.5 0.9027777910232544 0.02500000037252903 0.05370370298624039
1 0.01536458358168602 0.5263888835906982 0.01718750037252903 0.026851851493120193
1 0.500781238079071 0.8930555582046509 0.02031249925494194 0.034259259700775146
1 0.3830729126930237 0.35370370745658875 0.01822916604578495 0.029629629105329514
1 0.0455729179084301 0.385185182094574 0.01822916604578495 0.02777777798473835
3 0.32239583134651184 0.5365740656852722 0.03125 0.1268518567085266
0 0.014843749813735485 0.19027778506278992 0.02760416641831398 0.03611111268401146
1 0.6351562738418579 0.5856481194496155 0.01927083358168602 0.03611111268401146
1 0.6622396111488342 0.7972221970558167 0.01718750037252903 0.029629629105329514
1 0.46666666865348816 0.8509259223937988 0.01979166641831398 0.031481482088565826
1 0.03515625 0.2291666716337204 0.01197916641831398 0.021296296268701553
0 0.04505208507180214 0.37268519401550293 0.02552083320915699 0.07500000298023224
0 0.3231770694255829 0.5837963223457336 0.02552083320915699 0.07129629701375961
1 0.44973957538604736 0.2925925850868225 0.01822916604578495 0.035185184329748154
1 0.3661458194255829 0.772685170173645 0.015625 0.026851851493120193
0 0.32213541865348816 0.5092592835426331 0.02656250074505806 0.07777778059244156
0 0.35104167461395264 0.35972222685813904 0.03020833246409893 0.07685185223817825
0 0.4817708432674408 0.8402777910232544 0.05624999850988388 0.05462963134050369
0 0.6473958492279053 0.5847222208976746 0.05312500149011612 0.06203703582286835
0 0.01354166679084301 0.5083333253860474 0.02604166604578495 0.07592592388391495
0 0.6723958253860474 0.8078703880310059 0.03750000149011612 0.06388889253139496
0 0.38359373807907104 0.3731481432914734 0.02864583395421505 0.09074074029922485
0 0.03098958358168602 0.24259258806705475 0.02864583395421505 0.0555555559694767
0 0.04114583507180214 0.3134259283542633 0.02291666716337204 0.06574074178934097
0 0.4609375 0.28009259700775146 0.04583333432674408 0.07870370149612427
0 0.35885417461395264 0.7574074268341064 0.03333333507180214 0.07037036865949631
0 0.39531248807907104 0.8314814567565918 0.04583333432674408 0.06296296417713165