0 0.5674479007720947 0.4305555522441864 0.02760416641831398 0.0555555559694767
3 0.5572916865348816 0.45185184478759766 0.04374999925494194 0.07962962985038757
3 0.46276041865348816 0.41342592239379883 0.04218750074505806 0.09537036716938019
3 0.5406249761581421 0.36157408356666565 0.05520833283662796 0.08981481194496155
1 0.5776041746139526 0.47175925970077515 0.01354166679084301 0.02500000037252903
3 0.5122395753860474 0.32499998807907104 0.05052083358168602 0.05740740895271301
1 0.4830729067325592 0.3421296179294586 0.01614583283662796 0.034259259700775146
1 0.7208333611488342 0.5787037014961243 0.015625 0.025925925001502037
1 0.5286458134651184 0.8592592477798462 0.015625 0.031481482088565826
0 0.5567708611488342 0.47083333134651184 0.03333333507180214 0.034259259700775146
1 0.47265625 0.3967592716217041 0.01614583283662796 0.023148147389292717
0 0.5528646111488342 0.37546294927597046 0.03593749925494194 0.07314814627170563
0 0.46562498807907104 0.4208333194255829 0.03854166716337204 0.07685185223817825
3 0.510937511920929 0.36250001192092896 0.04270833358168602 0.11759259551763535
1 0.5166666507720947 0.4486111104488373 0.015625 0.026851851493120193
0 0.5249999761581421 0.45601850748062134 0.03541666641831398 0.049074072390794754
1 0.6583333611488342 0.2162037044763565 0.014583333395421505 0.026851851493120193
3 0.5609375238418579 0.40601852536201477 0.03854166716337204 0.12314815074205399
0 0.5924479365348816 0.4912036955356598 0.0390625 0.06759259104728699
3 0.553906261920929 0.3787037134170532 0.04114583507180214 0.09444444626569748
1 0.4567708373069763 0.8504629731178284 0.015625 0.032407406717538834
0 0.4716145694255829 0.3560185134410858 0.02968749962747097 0.05462963134050369
0 0.5028645992279053 0.3819444477558136 0.02968749962747097 0.06203703582286835
0 0.7247396111488342 0.5657407641410828 0.03072916716337204 0.0833333358168602
0 0.4684895873069763 0.8601852059364319 0.04531250149011612 0.06666667014360428
0 0.6484375 0.21111111342906952 0.03750000149011612 0.05370370298624039