3 0.3033854067325592 0.3393518626689911 0.04531250149011612 0.1101851835846901
1 0.6776041388511658 0.44675925374031067 0.014583333395421505 0.021296296268701553
1 0.3023437559604645 0.3384259343147278 0.015104166232049465 0.02500000037252903
1 0.3265624940395355 0.2819444537162781 0.015625 0.028703704476356506
3 0.4674479067325592 0.5712962746620178 0.04635416716337204 0.11296296119689941
1 0.44453126192092896 0.5171296000480652 0.015104166232049465 0.02500000037252903
1 0.54296875 0.28148147463798523 0.01614583283662796 0.025925925001502037
1 0.52734375 0.677314817905426 0.01822916604578495 0.02500000037252903
0 0.46927082538604736 0.5925925970077515 0.03958333283662796 0.07222222536802292
1 0.4729166626930237 0.7356481552124023 0.01354166679084301 0.02500000037252903
1 0.5768229365348816 0.322685182094574 0.01614583283662796 0.028703704476356506
1 0.55078125 0.7402777671813965 0.015104166232049465 0.026851851493120193
1 0.6598958373069763 0.36157408356666565 0.015625 0.023148147389292717
0 0.5583333373069763 0.7592592835426331 0.03125 0.0555555559694767
1 0.38671875 0.48472222685813904 0.01718750037252903 0.03055555559694767
1 0.4716145694255829 0.3472222089767456 0.01614583283662796 0.03333333507180214
0 0.530468761920929 0.7018518447875977 0.02968749962747097 0.07407407462596893
0 0.6773437261581421 0.4296296238899231 0.02656250074505806 0.06481481343507767
0 0.6557291746139526 0.34074074029922485 0.02916666679084301 0.06851851940155029
0 0.3179687559604645 0.29490742087364197 0.03177083283662796 0.06018518656492233
0 0.2953124940395355 0.36064815521240234 0.02812499925494194 0.06574074178934097
0 0.4528645873069763 0.5314815044403076 0.03697916492819786 0.05925925821065903
0 0.5330728888511658 0.26759257912635803 0.03072916716337204 0.05740740895271301
0 0.4671874940395355 0.7458333373069763 0.03229166567325592 0.05277777835726738
0 0.48385417461395264 0.34768518805503845 0.046875 0.05648148059844971
0 0.5690104365348816 0.31018519401550293 0.0338541679084301 0.05740740895271301
0 0.39791667461395264 0.4712963104248047 0.04479166492819786 0.06666667014360428