0 0.5572916865348816 0.8444444537162781 0.06041666492819786 0.051851850003004074
1 0.5531250238418579 0.832870364189148 0.02291666716337204 0.026851851493120193
0 0.571093738079071 0.8361111283302307 0.03281249850988388 0.031481482088565826
1 0.5768229365348816 0.8356481194496155 0.02031249925494194 0.026851851493120193
1 0.5130208134651184 0.21250000596046448 0.01770833320915699 0.032407406717538834
1 0.4963541626930237 0.8689814805984497 0.01770833320915699 0.03055555559694767
0 0.5416666865348816 0.854629635810852 0.03854166716337204 0.051851850003004074
1 0.4273437559604645 0.39953702688217163 0.01406249962747097 0.026851851493120193
1 0.4854166805744171 0.7870370149612427 0.012500000186264515 0.02777777798473835
1 0.5541666746139526 0.7421296238899231 0.01666666753590107 0.02500000037252903
1 0.6643229126930237 0.6449074149131775 0.01822916604578495 0.03055555559694767
1 0.44921875 0.21990740299224854 0.01927083358168602 0.028703704476356506
1 0.5815104246139526 0.3087962865829468 0.01822916604578495 0.028703704476356506
0 0.589062511920929 0.7851851582527161 0.03854166716337204 0.051851850003004074
0 0.4820312559604645 0.8662037253379822 0.03697916492819786 0.05833333358168602
0 0.5541666746139526 0.7638888955116272 0.02291666716337204 0.06481481343507767
0 0.6606770753860474 0.6652777791023254 0.03072916716337204 0.07500000298023224
0 0.453125 0.3787037134170532 0.03229166567325592 0.040740739554166794
0 0.41458332538604736 0.40509259700775146 0.04062499850988388 0.049074072390794754
0 0.5213541388511658 0.21666666865348816 0.03958333283662796 0.05740740895271301
0 0.5854166746139526 0.3282407522201538 0.03229166567325592 0.08425925672054291
0 0.44999998807907104 0.19814814627170563 0.02916666679084301 0.08518518507480621
0 0.4739583432674408 0.7916666865348816 0.04062499850988388 0.06296296417713165