0 0.2919270694255829 0.3810185194015503 0.02552083320915699 0.06388889253139496
1 0.41718751192092896 0.8592592477798462 0.014583333395421505 0.02777777798473835
0 0.6294270753860474 0.7449073791503906 0.0546875 0.09537036716938019
0 0.5216146111488342 0.8722222447395325 0.02031249925494194 0.025925925001502037
1 0.6145833134651184 0.7439814805984497 0.015625 0.021296296268701553
0 0.5427083373069763 0.8398148417472839 0.01666666753590107 0.04444444552063942
1 0.4466145932674408 0.7944444417953491 0.02031249925494194 0.029629629105329514
0 0.6401041746139526 0.7212963104248047 0.03020833246409893 0.046296294778585434
3 0.31718748807907104 0.29629629850387573 0.04062499850988388 0.09444444626569748
1 0.4664062559604645 0.8652777671813965 0.01406249962747097 0.026851851493120193
1 0.5197916626930237 0.8722222447395325 0.01666666753590107 0.025925925001502037
1 0.5013020634651184 0.8805555701255798 0.01614583283662796 0.02777777798473835
0 0.53515625 0.8393518328666687 0.03281249850988388 0.06018518656492233
1 0.3148437440395355 0.30092594027519226 0.01822916604578495 0.02222222276031971
0 0.4583333432674408 0.7893518805503845 0.03541666641831398 0.043518517166376114
0 0.296875 0.35972222685813904 0.0364583320915699 0.10462962836027145
0 0.5239583253860474 0.8365740776062012 0.02500000037252903 0.05277777835726738
0 0.43281251192092896 0.8259259462356567 0.03125 0.03703703731298447
1 0.6109374761581421 0.39444443583488464 0.01354166679084301 0.029629629105329514
1 0.4411458373069763 0.8550925850868225 0.01354166679084301 0.02500000037252903
3 0.6388021111488342 0.3861111104488373 0.07447917014360428 0.07222222536802292
1 0.3908854126930237 0.21388888359069824 0.01822916604578495 0.029629629105329514
1 0.6479166746139526 0.7152777910232544 0.01875000074505806 0.032407406717538834
1 0.2901041805744171 0.3976851999759674 0.01770833320915699 0.026851851493120193
1 0.5669270753860474 0.3490740656852722 0.01822916604578495 0.029629629105329514
0 0.6197916865348816 0.3986110985279083 0.03437500074505806 0.05092592537403107
0 0.5768229365348816 0.36064815521240234 0.03802083432674408 0.06203703582286835
3 0.2981770932674408 0.3583333194255829 0.03802083432674408 0.11296296119689941
0 0.6572916507720947 0.3837963044643402 0.03541666641831398 0.06759259104728699
0 0.3200520873069763 0.2805555462837219 0.02864583395421505 0.06296296417713165
0 0.616406261920929 0.7606481313705444 0.02135416679084301 0.06203703582286835
3 0.6304687261581421 0.7449073791503906 0.05364583432674408 0.09907407313585281
0 0.3828125 0.2300925999879837 0.03541666641831398 0.07500000298023224
0 0.49687498807907104 0.1458333283662796 0.03125 0.06759259104728699