1 0.4007812440395355 0.8138889074325562 0.01614583283662796 0.025925925001502037
3 0.33281248807907104 0.6601851582527161 0.03958333283662796 0.06666667014360428
1 0.34062498807907104 0.6800925731658936 0.01770833320915699 0.02500000037252903
0 0.3335937559604645 0.6592592597007751 0.03489583358168602 0.06666667014360428
0 0.3382812440395355 0.7277777791023254 0.01822916604578495 0.046296294778585434
1 0.6721354126930237 0.42314815521240234 0.01822916604578495 0.024074073880910873
1 0.6781250238418579 0.4722222089767456 0.015625 0.024074073880910873
0 0.3218750059604645 0.6953703761100769 0.03229166567325592 0.04444444552063942
0 0.3916666805744171 0.8069444298744202 0.03854166716337204 0.0416666679084301
1 0.6304687261581421 0.6564815044403076 0.01406249962747097 0.029629629105329514
1 0.37447917461395264 0.7749999761581421 0.015625 0.024074073880910873
0 0.37317708134651184 0.7537037134170532 0.01927083358168602 0.07037036865949631
3 0.3283854126930237 0.6930555701255798 0.04635416716337204 0.11388888955116272
0 0.42005208134651184 0.8361111283302307 0.02760416641831398 0.03888889029622078
3 0.3877604305744171 0.7708333134651184 0.04635416716337204 0.10277777910232544
0 0.678906261920929 0.4583333432674408 0.02552083320915699 0.06666667014360428
0 0.664843738079071 0.3958333432674408 0.03072916716337204 0.06574074178934097
1 0.5341145992279053 0.657870352268219 0.01406249962747097 0.028703704476356506
1 0.4138020873069763 0.7379629611968994 0.015104166232049465 0.029629629105329514
1 0.3932291567325592 0.2606481611728668 0.01979166641831398 0.028703704476356506
0 0.6380208134651184 0.6398147940635681 0.0364583320915699 0.07592592388391495
0 0.42578125 0.7453703880310059 0.04531250149011612 0.05925925821065903
0 0.39635416865348816 0.2819444537162781 0.02812499925494194 0.08055555820465088
0 0.5210937261581421 0.6481481194496155 0.04635416716337204 0.06296296417713165