1 0.6109374761581421 0.7629629373550415 0.01875000074505806 0.03703703731298447
0 0.6411458253860474 0.717129647731781 0.03020833246409893 0.03611111268401146
0 0.6268228888511658 0.7467592358589172 0.0494791679084301 0.07685185223817825
0 0.5072916746139526 0.8634259104728699 0.03333333507180214 0.034259259700775146
1 0.49531251192092896 0.8629629611968994 0.012500000186264515 0.029629629105329514
0 0.5591145753860474 0.8476851582527161 0.02864583395421505 0.03981481492519379
1 0.2890625 0.3847222328186035 0.015625 0.023148147389292717
0 0.655468761920929 0.6689814925193787 0.03072916716337204 0.05833333358168602
1 0.5544270873069763 0.8393518328666687 0.02135416679084301 0.03055555559694767
1 0.3739583194255829 0.6893518567085266 0.015625 0.028703704476356506
1 0.4455729126930237 0.35370370745658875 0.015104166232049465 0.03333333507180214
1 0.59765625 0.42222222685813904 0.01927083358168602 0.029629629105329514
1 0.5533854365348816 0.6930555701255798 0.01614583283662796 0.028703704476356506
0 0.6421874761581421 0.6157407164573669 0.02812499925494194 0.04814814776182175
0 0.28515625 0.40324074029922485 0.02864583395421505 0.08055555820465088
0 0.3010416626930237 0.3402777910232544 0.03125 0.06203703582286835
3 0.628125011920929 0.7425925731658936 0.05624999850988388 0.08518518507480621
0 0.563281238079071 0.7050926089286804 0.03802083432674408 0.06759259104728699
0 0.4325520694255829 0.3560185134410858 0.04843749850988388 0.06203703582286835
0 0.5958333611488342 0.44398146867752075 0.03125 0.08425925672054291
0 0.3851562440395355 0.6740740537643433 0.04635416716337204 0.07777778059244156