3 0.672656238079071 0.5592592358589172 0.04218750074505806 0.10000000149011612
1 0.4606770873069763 0.737500011920929 0.013020833022892475 0.026851851493120193
1 0.46406251192092896 0.5513888597488403 0.015625 0.03055555559694767
0 0.4390625059604645 0.7148148417472839 0.03333333507180214 0.035185184329748154
1 0.30286458134651184 0.6814814805984497 0.01406249962747097 0.02777777798473835
1 0.4296875 0.7157407402992249 0.01354166679084301 0.025925925001502037
1 0.28828126192092896 0.3828703761100769 0.01718750037252903 0.026851851493120193
1 0.624218761920929 0.5175926089286804 0.01406249962747097 0.029629629105329514
0 0.47213542461395264 0.7356481552124023 0.0390625 0.07314814627170563
1 0.3552083373069763 0.5930555462837219 0.01770833320915699 0.026851851493120193
1 0.45781248807907104 0.8680555820465088 0.014583333395421505 0.03055555559694767
1 0.6575520634651184 0.5865740776062012 0.01406249962747097 0.028703704476356506
1 0.4078125059604645 0.8435184955596924 0.01770833320915699 0.031481482088565826
3 0.45781248807907104 0.7333333492279053 0.0677083358168602 0.07592592388391495
1 0.44973957538604736 0.1745370328426361 0.01822916604578495 0.032407406717538834
0 0.6692708134651184 0.5810185074806213 0.03750000149011612 0.05462963134050369
1 0.5309895873069763 0.17175926268100739 0.01406249962747097 0.03055555559694767
0 0.47083333134651184 0.8731481432914734 0.03958333283662796 0.046296294778585434
0 0.4192708432674408 0.8532407283782959 0.04583333432674408 0.05462963134050369
0 0.4716145694255829 0.5634258985519409 0.0390625 0.07685185223817825
0 0.2864583432674408 0.4027777910232544 0.02812499925494194 0.08703703433275223
0 0.35494792461395264 0.612500011920929 0.0338541679084301 0.09166666865348816
0 0.3138020932674408 0.6939814686775208 0.0390625 0.06759259104728699
0 0.4375 0.18518517911434174 0.04374999925494194 0.06666667014360428
0 0.61328125 0.5046296119689941 0.04635416716337204 0.07592592388391495
0 0.5177083611488342 0.1648148149251938 0.04583333432674408 0.06481481343507767