0 0.4778645932674408 0.6847222447395325 0.03072916716337204 0.09351851791143417
3 0.4778645932674408 0.6902777552604675 0.03281249850988388 0.10648148506879807
3 0.4072916805744171 0.792129635810852 0.05833333358168602 0.07870370149612427
1 0.47578126192092896 0.6916666626930237 0.01822916604578495 0.025925925001502037
1 0.5286458134651184 0.8601852059364319 0.015625 0.02777777798473835
0 0.4450520873069763 0.7523148059844971 0.03177083283662796 0.049074072390794754
1 0.4411458373069763 0.8347222208976746 0.01770833320915699 0.026851851493120193
1 0.3778645694255829 0.7712963223457336 0.01822916604578495 0.029629629105329514
1 0.4361979067325592 0.7611111402511597 0.01614583283662796 0.029629629105329514
3 0.46171873807907104 0.7444444298744202 0.06614582985639572 0.07037036865949631
1 0.5257812738418579 0.34490740299224854 0.01822916604578495 0.028703704476356506
1 0.7210937738418579 0.5689814686775208 0.01927083358168602 0.026851851493120193
0 0.4671874940395355 0.6138888597488403 0.03229166567325592 0.06666667014360428
1 0.6307291388511658 0.7180555462837219 0.02083333395421505 0.03055555559694767
0 0.4140625 0.8013888597488403 0.0364583320915699 0.0694444477558136
1 0.4401041567325592 0.7023147940635681 0.014583333395421505 0.026851851493120193
1 0.7098958492279053 0.3592592477798462 0.01875000074505806 0.025925925001502037
0 0.45104166865348816 0.8532407283782959 0.0364583320915699 0.06388889253139496
3 0.4713541567325592 0.6407407522201538 0.0416666679084301 0.12222222238779068
0 0.3825520873069763 0.7666666507720947 0.03072916716337204 0.051851850003004074
0 0.723437488079071 0.5532407164573669 0.03229166567325592 0.08611111342906952
0 0.4268229305744171 0.7023147940635681 0.04218750074505806 0.04722222313284874
0 0.5190104246139526 0.32407405972480774 0.03281249850988388 0.07592592388391495
0 0.4763020873069763 0.7342592477798462 0.03177083283662796 0.05370370298624039
0 0.7083333134651184 0.3361110985279083 0.03229166567325592 0.07777778059244156
0 0.6265624761581421 0.7430555820465088 0.03333333507180214 0.09166666865348816