3 0.46875 0.3958333432674408 0.03750000149011612 0.12129629403352737
3 0.5874999761581421 0.4893518388271332 0.03958333283662796 0.0694444477558136
1 0.4713541567325592 0.39629629254341125 0.015625 0.02222222276031971
3 0.4906249940395355 0.38148146867752075 0.05000000074505806 0.10000000149011612
1 0.5289062261581421 0.8592592477798462 0.015104166232049465 0.029629629105329514
0 0.5713541507720947 0.4226851761341095 0.02291666716337204 0.06203703582286835
3 0.5401041507720947 0.4583333432674408 0.07500000298023224 0.05370370298624039
0 0.5934895873069763 0.8504629731178284 0.03489583358168602 0.06018518656492233
1 0.4817708432674408 0.34259259700775146 0.01666666753590107 0.02777777798473835
3 0.5354166626930237 0.3569444417953491 0.0572916679084301 0.08981481194496155
3 0.5132812261581421 0.35277777910232544 0.04010416567325592 0.11666666716337204
1 0.6575520634651184 0.21759259700775146 0.01614583283662796 0.02777777798473835
1 0.5166666507720947 0.44907405972480774 0.015625 0.02777777798473835
0 0.5510416626930237 0.3759259283542633 0.02812499925494194 0.06481481343507767
0 0.5877603888511658 0.47777777910232544 0.0390625 0.04259259253740311
0 0.5268229246139526 0.45601850748062134 0.0390625 0.049074072390794754
0 0.46692708134651184 0.41805556416511536 0.03593749925494194 0.07314814627170563
1 0.45781248807907104 0.8509259223937988 0.01666666753590107 0.031481482088565826
0 0.47343748807907104 0.35648149251937866 0.03229166567325592 0.05370370298624039
3 0.5523437261581421 0.37361112236976624 0.04114583507180214 0.09537036716938019
3 0.5606771111488342 0.39907407760620117 0.04010416567325592 0.10740740597248077
0 0.503125011920929 0.38055557012557983 0.03020833246409893 0.06296296417713165
0 0.7250000238418579 0.5648148059844971 0.03229166567325592 0.0833333358168602
0 0.46953123807907104 0.8601852059364319 0.04531250149011612 0.06666667014360428
0 0.6481770873069763 0.20787036418914795 0.03802083432674408 0.05648148059844971