1 0.4830729067325592 0.6907407641410828 0.01406249962747097 0.025925925001502037
1 0.6427083611488342 0.729629635810852 0.01666666753590107 0.031481482088565826
1 0.49817708134651184 0.36064815521240234 0.01718750037252903 0.02500000037252903
1 0.5174478888511658 0.3296296298503876 0.01614583283662796 0.029629629105329514
3 0.49791666865348816 0.3777777850627899 0.0416666679084301 0.1111111119389534
1 0.42656248807907104 0.7513889074325562 0.014583333395421505 0.028703704476356506
1 0.5020833611488342 0.6944444179534912 0.01666666753590107 0.025925925001502037
1 0.586718738079071 0.40925925970077515 0.01822916604578495 0.03333333507180214
1 0.582812488079071 0.6527777910232544 0.02083333395421505 0.02777777798473835
1 0.3479166626930237 0.29398149251937866 0.01770833320915699 0.03055555559694767
1 0.2981770932674408 0.40046295523643494 0.01822916604578495 0.03055555559694767
0 0.504687488079071 0.31712964177131653 0.04374999925494194 0.05833333358168602
0 0.4947916567325592 0.3888888955116272 0.03020833246409893 0.0833333358168602
1 0.4247395694255829 0.572685182094574 0.01822916604578495 0.032407406717538834
1 0.4934895932674408 0.16851851344108582 0.01927083358168602 0.03333333507180214
0 0.515625 0.6796296238899231 0.04062499850988388 0.051851850003004074
0 0.6510416865348816 0.7185184955596924 0.03125 0.06666667014360428
0 0.4713541567325592 0.7087963223457336 0.03541666641831398 0.06388889253139496
0 0.4372395873069763 0.5638889074325562 0.0494791679084301 0.06666667014360428
0 0.41458332538604736 0.7648147940635681 0.04270833358168602 0.05740740895271301
0 0.2940104305744171 0.4194444417953491 0.03177083283662796 0.08888889104127884
0 0.5057291388511658 0.1814814805984497 0.04374999925494194 0.06481481343507767
0 0.5966145992279053 0.39629629254341125 0.04218750074505806 0.06666667014360428
0 0.36119791865348816 0.28148147463798523 0.04218750074505806 0.06111111119389534
0 0.5822916626930237 0.6847222447395325 0.03020833246409893 0.09166666865348816