1 0.6078125238418579 0.2689814865589142 0.015625 0.028703704476356506
1 0.2971354126930237 0.3856481611728668 0.01927083358168602 0.026851851493120193
1 0.5036458373069763 0.2787036895751953 0.015625 0.02777777798473835
1 0.5390625 0.6486111283302307 0.01666666753590107 0.028703704476356506
1 0.6158854365348816 0.7518518567085266 0.01614583283662796 0.031481482088565826
1 0.5234375 0.3402777910232544 0.01875000074505806 0.028703704476356506
1 0.5692708492279053 0.5550925731658936 0.01770833320915699 0.032407406717538834
1 0.5221354365348816 0.667129635810852 0.01614583283662796 0.028703704476356506
1 0.28437501192092896 0.5236111283302307 0.01979166641831398 0.02500000037252903
1 0.36406248807907104 0.3759259283542633 0.01770833320915699 0.035185184329748154
1 0.4752604067325592 0.16018518805503845 0.01718750037252903 0.031481482088565826
1 0.5953124761581421 0.3402777910232544 0.01979166641831398 0.03055555559694767
0 0.5205729007720947 0.31805557012557983 0.0234375 0.07129629701375961
0 0.28177082538604736 0.5518518686294556 0.03020833246409893 0.07962962985038757
0 0.30546873807907104 0.34074074029922485 0.02760416641831398 0.06481481343507767
0 0.6026041507720947 0.7453703880310059 0.04583333432674408 0.0555555559694767
0 0.37968748807907104 0.3731481432914734 0.04791666567325592 0.06111111119389534
0 0.48645833134651184 0.15694443881511688 0.04479166492819786 0.049074072390794754
0 0.2927083373069763 0.4157407283782959 0.02916666679084301 0.0833333358168602
0 0.4921875 0.26249998807907104 0.03333333507180214 0.05277777835726738
0 0.5825520753860474 0.5685185194015503 0.04531250149011612 0.06111111119389534
0 0.5903645753860474 0.3162037134170532 0.02864583395421505 0.08055555820465088
0 0.6184895634651184 0.2611111104488373 0.03489583358168602 0.04444444552063942
0 0.539843738079071 0.6245370507240295 0.02968749962747097 0.08055555820465088
0 0.5093749761581421 0.6842592358589172 0.04062499850988388 0.0555555559694767