1 0.34713542461395264 0.7166666388511658 0.01822916604578495 0.029629629105329514
1 0.6580728888511658 0.3046296238899231 0.01927083358168602 0.025925925001502037
3 0.36145833134651184 0.7490741014480591 0.046875 0.08148147910833359
0 0.3700520694255829 0.770370364189148 0.02968749962747097 0.05000000074505806
3 0.6549479365348816 0.2856481373310089 0.0390625 0.11388888955116272
1 0.6299479007720947 0.6439814567565918 0.01406249962747097 0.026851851493120193
1 0.6408854126930237 0.28425925970077515 0.01718750037252903 0.024074073880910873
3 0.3552083373069763 0.7212963104248047 0.04895833507180214 0.10555555671453476
1 0.4398437440395355 0.6777777671813965 0.01822916604578495 0.029629629105329514
0 0.39453125 0.8138889074325562 0.03489583358168602 0.0555555559694767
0 0.663281261920929 0.28009259700775146 0.02656250074505806 0.07314814627170563
1 0.5583333373069763 0.5337963104248047 0.01354166679084301 0.026851851493120193
1 0.5854166746139526 0.2750000059604645 0.01770833320915699 0.02777777798473835
1 0.6273437738418579 0.35185185074806213 0.01614583283662796 0.025925925001502037
3 0.3825520873069763 0.7925925850868225 0.05885416641831398 0.09259258955717087
1 0.5408853888511658 0.7527777552604675 0.015104166232049465 0.025925925001502037
0 0.6411458253860474 0.260185182094574 0.02395833283662796 0.07037036865949631
0 0.3294270932674408 0.6791666746139526 0.02656250074505806 0.06574074178934097
0 0.63671875 0.3361110985279083 0.03593749925494194 0.05740740895271301
3 0.3395833373069763 0.7023147940635681 0.04895833507180214 0.10833333432674408
0 0.49817708134651184 0.7699074149131775 0.02968749962747097 0.05092592537403107
0 0.6393229365348816 0.657870352268219 0.0390625 0.07314814627170563
0 0.5958333611488342 0.2597222328186035 0.04270833358168602 0.06388889253139496
0 0.5552083253860474 0.7412037253379822 0.04895833507180214 0.0694444477558136
0 0.569531261920929 0.5212963223457336 0.0442708320915699 0.07037036865949631
0 0.44999998807907104 0.6587963104248047 0.0416666679084301 0.07500000298023224