1 0.4541666805744171 0.1935185194015503 0.02187499962747097 0.025925925001502037
3 0.6111978888511658 0.769444465637207 0.03802083432674408 0.07037036865949631
0 0.522656261920929 0.8597221970558167 0.01927083358168602 0.04537037014961243
0 0.6161458492279053 0.7620370388031006 0.02604166604578495 0.051851850003004074
1 0.5591145753860474 0.8337963223457336 0.02239583246409893 0.034259259700775146
1 0.6205729246139526 0.7569444179534912 0.01718750037252903 0.03055555559694767
1 0.6752604246139526 0.5745370388031006 0.01822916604578495 0.02500000037252903
1 0.48359376192092896 0.7837963104248047 0.013020833022892475 0.026851851493120193
1 0.4872395694255829 0.8509259223937988 0.01614583283662796 0.024074073880910873
1 0.5111979246139526 0.7050926089286804 0.01718750037252903 0.026851851493120193
0 0.559374988079071 0.8416666388511658 0.02083333395421505 0.04259259253740311
1 0.5830729007720947 0.5217592716217041 0.01406249962747097 0.026851851493120193
1 0.6192708611488342 0.5620370507240295 0.01770833320915699 0.029629629105329514
1 0.5375000238418579 0.3782407343387604 0.01875000074505806 0.026851851493120193
0 0.4505208432674408 0.1745370328426361 0.03125 0.05648148059844971
0 0.4651041626930237 0.23472222685813904 0.02291666716337204 0.05092592537403107
0 0.4885416626930237 0.8662037253379822 0.02187499962747097 0.05277777835726738
0 0.5703125 0.5078703761100769 0.0416666679084301 0.05462963134050369
0 0.51171875 0.7222222089767456 0.02552083320915699 0.07592592388391495
0 0.5419270992279053 0.3569444417953491 0.03072916716337204 0.07685185223817825
3 0.4567708373069763 0.20648148655891418 0.04374999925494194 0.11666666716337204
0 0.6752604246139526 0.5995370149612427 0.02760416641831398 0.07314814627170563
0 0.6106770634651184 0.5509259104728699 0.04010416567325592 0.06111111119389534
0 0.47265625 0.7893518805503845 0.04010416567325592 0.06203703582286835