0 0.37057292461395264 0.33981481194496155 0.06093750149011612 0.07777778059244156
3 0.48098957538604736 0.4236111044883728 0.04322916641831398 0.0824074074625969
0 0.58984375 0.7513889074325562 0.05052083358168602 0.09351851791143417
1 0.5627604126930237 0.6611111164093018 0.01614583283662796 0.02777777798473835
1 0.5744791626930237 0.7810184955596924 0.02083333395421505 0.034259259700775146
1 0.5390625 0.7287036776542664 0.01770833320915699 0.025925925001502037
1 0.5700520873069763 0.8166666626930237 0.01614583283662796 0.025925925001502037
1 0.38593751192092896 0.35972222685813904 0.01354166679084301 0.026851851493120193
1 0.4690104126930237 0.41712963581085205 0.01406249962747097 0.028703704476356506
0 0.3973958194255829 0.3689814805984497 0.0364583320915699 0.05092592537403107
1 0.5317708253860474 0.8777777552604675 0.01666666753590107 0.02777777798473835
3 0.4177083373069763 0.3819444477558136 0.07916666567325592 0.07870370149612427
0 0.4817708432674408 0.41712963581085205 0.03854166716337204 0.06203703582286835
1 0.5395833253860474 0.5615741014480591 0.015625 0.03055555559694767
1 0.6658853888511658 0.4967592656612396 0.015104166232049465 0.03055555559694767
0 0.5528646111488342 0.6782407164573669 0.03802083432674408 0.0694444477558136
1 0.34687501192092896 0.3185185194015503 0.01770833320915699 0.03333333507180214
0 0.3570312559604645 0.32407405972480774 0.03489583358168602 0.05370370298624039
3 0.5882812738418579 0.7523148059844971 0.05156249925494194 0.09351851791143417
3 0.37838542461395264 0.3499999940395355 0.07447917014360428 0.09259258955717087
1 0.550000011920929 0.15925925970077515 0.02187499962747097 0.03333333507180214
0 0.5388020873069763 0.7518518567085266 0.02760416641831398 0.07777778059244156
0 0.43802082538604736 0.39907407760620117 0.04062499850988388 0.046296294778585434
0 0.5705729126930237 0.8449074029922485 0.02760416641831398 0.07500000298023224
0 0.5302083492279053 0.8620370626449585 0.02916666679084301 0.06296296417713165
0 0.6796875 0.4912036955356598 0.05000000074505806 0.0694444477558136
0 0.5518229007720947 0.5587962865829468 0.04843749850988388 0.06759259104728699
0 0.5572916865348816 0.1796296238899231 0.03437500074505806 0.08148147910833359