1 0.3166666626930237 0.3157407343387604 0.015625 0.02777777798473835
1 0.3138020932674408 0.706944465637207 0.01718750037252903 0.028703704476356506
1 0.6020833253860474 0.5666666626930237 0.01354166679084301 0.029629629105329514
1 0.6078125238418579 0.41990742087364197 0.01666666753590107 0.026851851493120193
1 0.6187499761581421 0.5134259462356567 0.01875000074505806 0.028703704476356506
1 0.6489583253860474 0.3916666805744171 0.015625 0.02777777798473835
1 0.5026041865348816 0.5254629850387573 0.01770833320915699 0.028703704476356506
1 0.5190104246139526 0.24537037312984467 0.01927083358168602 0.035185184329748154
1 0.5369791388511658 0.6662036776542664 0.01666666753590107 0.028703704476356506
0 0.3479166626930237 0.2481481432914734 0.03541666641831398 0.06111111119389534
1 0.3401041626930237 0.2657407522201538 0.01666666753590107 0.025925925001502037
1 0.2864583432674408 0.5319444537162781 0.01770833320915699 0.02500000037252903
1 0.6705729365348816 0.6277777552604675 0.01927083358168602 0.025925925001502037
1 0.5979166626930237 0.36157408356666565 0.01979166641831398 0.02500000037252903
0 0.5872395634651184 0.5745370388031006 0.04218750074505806 0.04722222313284874
0 0.675000011920929 0.6106481552124023 0.02812499925494194 0.0694444477558136
0 0.624218761920929 0.5356481671333313 0.02864583395421505 0.07500000298023224
0 0.3101562559604645 0.6990740895271301 0.02968749962747097 0.06851851940155029
0 0.31067708134651184 0.3263888955116272 0.02864583395421505 0.05648148059844971
0 0.614062488079071 0.44490739703178406 0.03020833246409893 0.0694444477558136
0 0.510937511920929 0.5055555701255798 0.03541666641831398 0.07037036865949631
0 0.53125 0.2351851910352707 0.04583333432674408 0.05740740895271301
0 0.5294271111488342 0.6467592716217041 0.0338541679084301 0.07500000298023224
0 0.28437501192092896 0.5583333373069763 0.02812499925494194 0.08148147910833359
0 0.6364583373069763 0.38148146867752075 0.0416666679084301 0.04814814776182175
0 0.5940104126930237 0.33472222089767456 0.02864583395421505 0.07870370149612427