1 0.49531251192092896 0.7916666865348816 0.01354166679084301 0.024074073880910873
1 0.6994791626930237 0.5217592716217041 0.01666666753590107 0.021296296268701553
1 0.6778646111488342 0.6685185432434082 0.01822916604578495 0.02777777798473835
1 0.4830729067325592 0.6731481552124023 0.01822916604578495 0.025925925001502037
1 0.6848958134651184 0.38749998807907104 0.01354166679084301 0.021296296268701553
1 0.5096353888511658 0.6097221970558167 0.015104166232049465 0.02500000037252903
1 0.3473958373069763 0.6356481313705444 0.01770833320915699 0.023148147389292717
0 0.7007812261581421 0.5449073910713196 0.02656250074505806 0.06388889253139496
1 0.6966145634651184 0.4601851999759674 0.01614583283662796 0.02222222276031971
1 0.5549479126930237 0.8365740776062012 0.013020833022892475 0.023148147389292717
1 0.45885416865348816 0.7597222328186035 0.014583333395421505 0.02500000037252903
0 0.4453125 0.842129647731781 0.03750000149011612 0.04537037014961243
1 0.6455729007720947 0.6597222089767456 0.01718750037252903 0.023148147389292717
0 0.5033854246139526 0.7810184955596924 0.02760416641831398 0.043518517166376114
0 0.6770833134651184 0.6828703880310059 0.02708333358168602 0.06574074178934097
0 0.690625011920929 0.36250001192092896 0.03020833246409893 0.0824074074625969
0 0.45260417461395264 0.7435185313224792 0.02812499925494194 0.0555555559694767
0 0.647656261920929 0.6805555820465088 0.02656250074505806 0.07592592388391495
0 0.6979166865348816 0.4722222089767456 0.03229166567325592 0.06666667014360428
0 0.5049479007720947 0.6287037134170532 0.02968749962747097 0.06851851940155029
0 0.530468761920929 0.7365740537643433 0.03489583358168602 0.04722222313284874
0 0.47864583134651184 0.6935185194015503 0.02708333358168602 0.06481481343507767
0 0.3460937440395355 0.6574074029922485 0.02656250074505806 0.07777778059244156
0 0.54296875 0.8486111164093018 0.03697916492819786 0.05092592537403107