1 0.3018229305744171 0.39444443583488464 0.01822916604578495 0.02777777798473835
1 0.6539062261581421 0.6495370268821716 0.01822916604578495 0.028703704476356506
1 0.3916666805744171 0.2152777761220932 0.01666666753590107 0.026851851493120193
1 0.3330729305744171 0.47870370745658875 0.01927083358168602 0.025925925001502037
1 0.6174479126930237 0.7263888716697693 0.015104166232049465 0.028703704476356506
1 0.500781238079071 0.7319444417953491 0.01614583283662796 0.03055555559694767
1 0.3981770873069763 0.31990739703178406 0.01822916604578495 0.03055555559694767
0 0.6299479007720947 0.7310185432434082 0.04114583507180214 0.04537037014961243
1 0.6442708373069763 0.5615741014480591 0.01770833320915699 0.026851851493120193
1 0.37291666865348816 0.3662036955356598 0.01875000074505806 0.026851851493120193
1 0.6013020873069763 0.40648147463798523 0.01718750037252903 0.025925925001502037
1 0.65234375 0.41620370745658875 0.01822916604578495 0.03055555559694767
0 0.4020833373069763 0.20000000298023224 0.04062499850988388 0.06481481343507767
1 0.5354166626930237 0.17314815521240234 0.01666666753590107 0.029629629105329514
0 0.6138020753860474 0.7875000238418579 0.03281249850988388 0.05092592537403107
0 0.29505208134651184 0.41296297311782837 0.03593749925494194 0.07592592388391495
0 0.3687500059604645 0.3412036895751953 0.03229166567325592 0.0824074074625969
0 0.4088541567325592 0.3412036895751953 0.0364583320915699 0.08425925672054291
0 0.6427083611488342 0.432407408952713 0.03854166716337204 0.07037036865949631
0 0.3346354067325592 0.5046296119689941 0.0338541679084301 0.09074074029922485
0 0.6468750238418579 0.5361111164093018 0.03437500074505806 0.09259258955717087
0 0.606249988079071 0.3810185194015503 0.02916666679084301 0.08425925672054291
0 0.663281261920929 0.6560184955596924 0.03802083432674408 0.05833333358168602
0 0.522656261920929 0.16851851344108582 0.0442708320915699 0.0555555559694767
0 0.4846354126930237 0.7328703999519348 0.04843749850988388 0.05648148059844971