1 0.4872395694255829 0.6162037253379822 0.015104166232049465 0.023148147389292717
1 0.46015626192092896 0.5680555701255798 0.01614583283662796 0.023148147389292717
1 0.43958333134651184 0.5009258985519409 0.015625 0.025925925001502037
1 0.4036458432674408 0.18101851642131805 0.01354166679084301 0.026851851493120193
1 0.6747395992279053 0.5916666388511658 0.01718750037252903 0.02222222276031971
0 0.6763020753860474 0.574999988079071 0.0234375 0.05925925821065903
0 0.6778646111488342 0.5106481313705444 0.02552083320915699 0.06203703582286835
1 0.47265625 0.7347221970558167 0.013020833022892475 0.023148147389292717
0 0.46276041865348816 0.5861111283302307 0.02447916753590107 0.06111111119389534
1 0.43697917461395264 0.16203702986240387 0.01666666753590107 0.031481482088565826
1 0.38671875 0.48472222685813904 0.01718750037252903 0.028703704476356506
1 0.3111979067325592 0.43518519401550293 0.013020833022892475 0.02777777798473835
1 0.5794270634651184 0.3236111104488373 0.01718750037252903 0.028703704476356506
0 0.48515623807907104 0.6342592835426331 0.02031249925494194 0.06111111119389534
0 0.5388020873069763 0.2736110985279083 0.03281249850988388 0.05092592537403107
0 0.42916667461395264 0.16342592239379883 0.03125 0.03981481492519379
0 0.39270833134651184 0.19074073433876038 0.03333333507180214 0.04814814776182175
3 0.6768229007720947 0.5416666865348816 0.02864583395421505 0.1240740716457367
0 0.44843751192092896 0.5171296000480652 0.03229166567325592 0.05648148059844971
0 0.5078125 0.6754629611968994 0.03437500074505806 0.06018518656492233
0 0.3958333432674408 0.47268518805503845 0.03958333283662796 0.06388889253139496
0 0.32473957538604736 0.42824074625968933 0.04531250149011612 0.06203703582286835
0 0.5731770992279053 0.31388887763023376 0.03593749925494194 0.05370370298624039
0 0.4651041626930237 0.7486110925674438 0.03437500074505806 0.05277777835726738