0 0.41848957538604736 0.6078703999519348 0.03177083283662796 0.07314814627170563
0 0.5841146111488342 0.854629635810852 0.02239583246409893 0.040740739554166794
0 0.561718761920929 0.8703703880310059 0.02239583246409893 0.03888889029622078
1 0.41874998807907104 0.5888888835906982 0.01979166641831398 0.025925925001502037
1 0.5208333134651184 0.18796296417713165 0.01666666753590107 0.03333333507180214
1 0.41874998807907104 0.7481481432914734 0.01770833320915699 0.02222222276031971
1 0.5598958134651184 0.5467592477798462 0.01875000074505806 0.032407406717538834
1 0.5864583253860474 0.2768518626689911 0.01875000074505806 0.029629629105329514
1 0.557812511920929 0.21805556118488312 0.01666666753590107 0.028703704476356506
1 0.3776041567325592 0.23749999701976776 0.01979166641831398 0.03055555559694767
1 0.512499988079071 0.5078703761100769 0.01770833320915699 0.032407406717538834
0 0.4156250059604645 0.6847222447395325 0.02916666679084301 0.07129629701375961
1 0.7020833492279053 0.3499999940395355 0.01770833320915699 0.031481482088565826
1 0.3083333373069763 0.5282407402992249 0.01770833320915699 0.02500000037252903
3 0.4164062440395355 0.645370364189148 0.0338541679084301 0.14444445073604584
0 0.5067708492279053 0.1856481432914734 0.04062499850988388 0.04722222313284874
0 0.5244791507720947 0.5115740895271301 0.04791666567325592 0.05277777835726738
0 0.7098958492279053 0.36944442987442017 0.03333333507180214 0.0833333358168602
0 0.569531261920929 0.5300925970077515 0.03802083432674408 0.0694444477558136
0 0.3088541626930237 0.5120370388031006 0.02604166604578495 0.07777778059244156
0 0.59765625 0.2606481611728668 0.04322916641831398 0.06574074178934097
0 0.5486978888511658 0.2074074000120163 0.03697916492819786 0.0555555559694767
0 0.37447917461395264 0.26157405972480774 0.03125 0.08611111342906952
0 0.4153645932674408 0.7740740776062012 0.02968749962747097 0.07592592388391495