1 0.4606770873069763 0.1587962955236435 0.01822916604578495 0.03055555559694767
1 0.5286458134651184 0.14398148655891418 0.015625 0.028703704476356506
1 0.4937500059604645 0.14722222089767456 0.01770833320915699 0.03333333507180214
1 0.5492187738418579 0.522685170173645 0.01718750037252903 0.034259259700775146
1 0.3434895873069763 0.3157407343387604 0.01718750037252903 0.02222222276031971
1 0.7075520753860474 0.38657405972480774 0.01718750037252903 0.02500000037252903
1 0.5166666507720947 0.6083333492279053 0.01666666753590107 0.029629629105329514
1 0.43671876192092896 0.24074074625968933 0.01614583283662796 0.029629629105329514
1 0.553906261920929 0.8763889074325562 0.015104166232049465 0.026851851493120193
1 0.37708333134651184 0.24120371043682098 0.01770833320915699 0.026851851493120193
1 0.5687500238418579 0.1935185194015503 0.01770833320915699 0.02777777798473835
0 0.44869792461395264 0.18888889253139496 0.01822916604578495 0.05925925821065903
0 0.5565103888511658 0.8643518686294556 0.02135416679084301 0.05092592537403107
0 0.46875 0.1518518477678299 0.03333333507180214 0.04814814776182175
0 0.5291666388511658 0.8791666626930237 0.02916666679084301 0.04537037014961243
0 0.50390625 0.14444445073604584 0.03802083432674408 0.03703703731298447
0 0.5416666865348816 0.14629629254341125 0.03750000149011612 0.03888889029622078
0 0.7015625238418579 0.36342594027519226 0.03854166716337204 0.0824074074625969
0 0.4231770932674408 0.25046294927597046 0.04114583507180214 0.05092592537403107
0 0.3427083194255829 0.30092594027519226 0.02812499925494194 0.0555555559694767
0 0.38098958134651184 0.26342591643333435 0.02968749962747097 0.07685185223817825
0 0.5151041746139526 0.5856481194496155 0.03229166567325592 0.09166666865348816
0 0.5825520753860474 0.20092593133449554 0.04531250149011612 0.05925925821065903
0 0.5625 0.5337963104248047 0.05312500149011612 0.07870370149612427