0 0.45520833134651184 0.8856481313705444 0.02500000037252903 0.037962961941957474
1 0.04322916641831398 0.29629629850387573 0.01666666753590107 0.025925925001502037
0 0.621874988079071 0.8652777671813965 0.03020833246409893 0.043518517166376114
1 0.37421876192092896 0.7870370149612427 0.01718750037252903 0.03333333507180214
1 0.01536458358168602 0.5259259343147278 0.01822916604578495 0.029629629105329514
0 0.4986979067325592 0.9004629850387573 0.02239583246409893 0.05092592537403107
1 0.35234373807907104 0.7356481552124023 0.01614583283662796 0.028703704476356506
1 0.0455729179084301 0.38425925374031067 0.01822916604578495 0.02777777798473835
1 0.6109374761581421 0.20509259402751923 0.01875000074505806 0.028703704476356506
0 0.014583333395421505 0.1893518567085266 0.02812499925494194 0.03611111268401146
1 0.4768229126930237 0.8134258985519409 0.01822916604578495 0.026851851493120193
3 0.6312500238418579 0.8550925850868225 0.08229167014360428 0.0694444477558136
1 0.5786458253860474 0.8907407522201538 0.01979166641831398 0.03333333507180214
1 0.03541666641831398 0.22870370745658875 0.012500000186264515 0.02222222276031971
1 0.46406251192092896 0.3671296238899231 0.01979166641831398 0.028703704476356506
0 0.04505208507180214 0.3717592656612396 0.02656250074505806 0.07685185223817825
1 0.6861979365348816 0.760185182094574 0.01822916604578495 0.02777777798473835
0 0.649218738079071 0.8407407402992249 0.0338541679084301 0.040740739554166794
0 0.5911458134651184 0.8935185074806213 0.04270833358168602 0.040740739554166794
0 0.01406249962747097 0.5074074268341064 0.02708333358168602 0.08148147910833359
0 0.34687501192092896 0.7185184955596924 0.03541666641831398 0.07962962985038757
0 0.0416666679084301 0.31296294927597046 0.02395833283662796 0.06851851940155029
0 0.03098958358168602 0.2430555522441864 0.02968749962747097 0.05462963134050369
0 0.610156238079071 0.2291666716337204 0.02760416641831398 0.08055555820465088
0 0.6864583492279053 0.7782407402992249 0.02604166604578495 0.07129629701375961
0 0.4651041626930237 0.3412036895751953 0.03125 0.08611111342906952
0 0.48229166865348816 0.7856481671333313 0.03125 0.08611111342906952
0 0.38854166865348816 0.7912036776542664 0.04791666567325592 0.07314814627170563