1 0.647656261920929 0.8050925731658936 0.01927083358168602 0.034259259700775146
0 0.36927083134651184 0.7680555582046509 0.03750000149011612 0.11759259551763535
1 0.49791666865348816 0.8898147940635681 0.02291666716337204 0.031481482088565826
0 0.6567708253860474 0.8152777552604675 0.03750000149011612 0.049074072390794754
1 0.6312500238418579 0.2708333432674408 0.014583333395421505 0.026851851493120193
1 0.04505208507180214 0.29629629850387573 0.01406249962747097 0.024074073880910873
1 0.34843748807907104 0.7106481194496155 0.01875000074505806 0.023148147389292717
0 0.6807291507720947 0.7865740656852722 0.02187499962747097 0.034259259700775146
1 0.04531250149011612 0.38425925374031067 0.01770833320915699 0.02777777798473835
1 0.015104166232049465 0.5263888835906982 0.01770833320915699 0.028703704476356506
0 0.4986979067325592 0.8981481194496155 0.02239583246409893 0.05370370298624039
1 0.7091146111488342 0.6949074268341064 0.01822916604578495 0.032407406717538834
0 0.014322916977107525 0.18981482088565826 0.02760416641831398 0.03888889029622078
1 0.651562511920929 0.5393518805503845 0.015625 0.032407406717538834
0 0.37291666865348816 0.7856481671333313 0.02604166604578495 0.07314814627170563
1 0.663281261920929 0.5824074149131775 0.01614583283662796 0.03333333507180214
1 0.03541666641831398 0.2300925999879837 0.012500000186264515 0.021296296268701553
0 0.6539062261581421 0.24444444477558136 0.02760416641831398 0.04814814776182175
1 0.5674479007720947 0.6361111402511597 0.01614583283662796 0.03333333507180214
0 0.04479166492819786 0.37268519401550293 0.02604166604578495 0.07500000298023224
0 0.34765625 0.7282407283782959 0.02135416679084301 0.06759259104728699
0 0.6192708611488342 0.29120370745658875 0.0364583320915699 0.06388889253139496
3 0.633593738079071 0.27037036418914795 0.06197916716337204 0.09814814478158951
3 0.6661458611488342 0.8041666746139526 0.05312500149011612 0.07685185223817825
3 0.36328125 0.7643518447875977 0.05156249925494194 0.12870369851589203
0 0.01406249962747097 0.5078703761100769 0.02708333358168602 0.07870370149612427
0 0.7169271111488342 0.6796296238899231 0.0338541679084301 0.08148147910833359
0 0.03098958358168602 0.2430555522441864 0.02864583395421505 0.05462963134050369
0 0.6773437261581421 0.581944465637207 0.04635416716337204 0.05462963134050369
0 0.04140625149011612 0.31296294927597046 0.0234375 0.06666667014360428
0 0.6364583373069763 0.5314815044403076 0.046875 0.06296296417713165
0 0.5565103888511658 0.6462963223457336 0.05052083358168602 0.07222222536802292