3 0.29814815521240234 0.46265724301338196 0.04814814776182175 0.05896226316690445
0 0.41898149251937866 0.2936320900917053 0.07129629701375961 0.049528300762176514
0 0.3643518388271332 0.31603774428367615 0.05092592537403107 0.03616352379322052
3 0.41712963581085205 0.286556601524353 0.07870370149612427 0.06682389974594116
1 0.18888889253139496 0.32822325825691223 0.025925925001502037 0.02279874123632908
3 0.1587962955236435 0.4288522005081177 0.0972222238779068 0.06525157392024994
1 0.4106481373310089 0.2578616440296173 0.02500000037252903 0.020440252497792244
1 0.3689814805984497 0.2496069222688675 0.023148147389292717 0.01808176189661026
1 0.2953703701496124 0.47562894225120544 0.031481482088565826 0.022012578323483467
1 0.2597222328186035 0.16430817544460297 0.032407406717538834 0.02358490601181984
3 0.3768518567085266 0.2688679099082947 0.0833333358168602 0.05503144487738609
1 0.2689814865589142 0.44968554377555847 0.02500000037252903 0.020440252497792244
1 0.15694443881511688 0.2995283007621765 0.032407406717538834 0.025157231837511063
0 0.2916666567325592 0.3054245412349701 0.07037036865949631 0.04009433835744858
1 0.2967592477798462 0.5758647918701172 0.034259259700775146 0.02908805012702942
1 0.1259259283542633 0.44772014021873474 0.02777777798473835 0.02437106892466545
1 0.699999988079071 0.28144654631614685 0.035185184329748154 0.026729559525847435
0 0.13425925374031067 0.43435534834861755 0.05000000074505806 0.05896226316690445
1 0.6782407164573669 0.5153301954269409 0.03611111268401146 0.02279874123632908
1 0.7717592716217041 0.5208333134651184 0.032407406717538834 0.025943396613001823
0 0.3018518388271332 0.4579402506351471 0.04259259253740311 0.05424528196454048
1 0.2648148238658905 0.49646225571632385 0.031481482088565826 0.02437106892466545
1 0.427314817905426 0.3671383559703827 0.032407406717538834 0.025157231837511063
0 0.24537037312984467 0.46933960914611816 0.06481481343507767 0.056603774428367615
0 0.7509258985519409 0.5389150977134705 0.07407407462596893 0.06053459271788597
0 0.675000011920929 0.545597493648529 0.0555555559694767 0.07389937341213226
0 0.4546296298503876 0.3541666567325592 0.08148147910833359 0.055817611515522
0 0.23749999701976776 0.18278302252292633 0.07500000298023224 0.06525157392024994
0 0.6824073791503906 0.30306604504585266 0.07222222536802292 0.07154087722301483
0 0.27222222089767456 0.5636792182922363 0.07962962985038757 0.05974842607975006
0 0.29305556416511536 0.5102201104164124 0.0824074074625969 0.04559748247265816
0 0.16898147761821747 0.3121069073677063 0.06759259104728699 0.05817610025405884