1 0.33906251192092896 0.25648146867752075 0.01354166679084301 0.024074073880910873
1 0.40442708134651184 0.18194444477558136 0.01406249962747097 0.02500000037252903
1 0.45781248807907104 0.8263888955116272 0.012500000186264515 0.02500000037252903
1 0.37552082538604736 0.20787036418914795 0.014583333395421505 0.026851851493120193
1 0.46484375 0.16111111640930176 0.02031249925494194 0.02777777798473835
1 0.4476562440395355 0.1745370328426361 0.01614583283662796 0.026851851493120193
1 0.5721353888511658 0.7699074149131775 0.01718750037252903 0.028703704476356506
1 0.5640624761581421 0.20370370149612427 0.01666666753590107 0.029629629105329514
1 0.5080729126930237 0.18194444477558136 0.015104166232049465 0.028703704476356506
1 0.6341145634651184 0.2916666567325592 0.01718750037252903 0.025925925001502037
1 0.2786458432674408 0.4731481373310089 0.01770833320915699 0.025925925001502037
1 0.29505208134651184 0.6402778029441833 0.01718750037252903 0.023148147389292717
0 0.5648437738418579 0.7856481671333313 0.03072916716337204 0.06203703582286835
0 0.3968749940395355 0.18379630148410797 0.02604166604578495 0.034259259700775146
0 0.32890623807907104 0.2736110985279083 0.02864583395421505 0.05648148059844971
0 0.2770833373069763 0.49861112236976624 0.03020833246409893 0.08611111342906952
0 0.36510416865348816 0.2162037044763565 0.03020833246409893 0.04537037014961243
0 0.5216146111488342 0.1884259283542633 0.03697916492819786 0.049074072390794754
0 0.2971354126930237 0.6625000238418579 0.02968749962747097 0.08055555820465088
0 0.5783854126930237 0.2101851850748062 0.04010416567325592 0.04814814776182175
0 0.610156238079071 0.7393518686294556 0.03593749925494194 0.05277777835726738
0 0.4377604126930237 0.18518517911434174 0.03489583358168602 0.046296294778585434
0 0.4781250059604645 0.15925925970077515 0.03541666641831398 0.03888889029622078
0 0.6278645992279053 0.27314814925193787 0.03489583358168602 0.07222222536802292
0 0.44583332538604736 0.8305555582046509 0.03750000149011612 0.05740740895271301