1 0.4802083373069763 0.29814815521240234 0.01666666753590107 0.02777777798473835
1 0.38463541865348816 0.8037037253379822 0.01197916641831398 0.024074073880910873
3 0.5726562738418579 0.33796295523643494 0.05156249925494194 0.07962962985038757
3 0.5138021111488342 0.2837963104248047 0.0546875 0.05092592537403107
1 0.49401041865348816 0.2944444417953491 0.015104166232049465 0.02777777798473835
0 0.5361979007720947 0.2898148000240326 0.03177083283662796 0.04444444552063942
0 0.5835937261581421 0.34861111640930176 0.03697916492819786 0.07314814627170563
1 0.2940104305744171 0.4203703701496124 0.01718750037252903 0.020370369777083397
0 0.5054687261581421 0.28518518805503845 0.03489583358168602 0.04259259253740311
1 0.4143229126930237 0.38935184478759766 0.01718750037252903 0.032407406717538834
1 0.6106770634651184 0.5773147940635681 0.01718750037252903 0.032407406717538834
1 0.3765625059604645 0.2074074000120163 0.01875000074505806 0.03333333507180214
3 0.5442708134651184 0.3134259283542633 0.04374999925494194 0.09351851791143417
0 0.29479166865348816 0.3949074149131775 0.02916666679084301 0.07685185223817825
0 0.6041666865348816 0.5981481671333313 0.03958333283662796 0.07962962985038757
0 0.46822917461395264 0.307407408952713 0.03854166716337204 0.0555555559694767
0 0.3893229067325592 0.19814814627170563 0.04635416716337204 0.05740740895271301
0 0.37682291865348816 0.8027777671813965 0.03177083283662796 0.0555555559694767
0 0.30520832538604736 0.4861111044883728 0.03125 0.08148147910833359
0 0.4010416567325592 0.3819444477558136 0.04895833507180214 0.06018518656492233