3 0.3854166567325592 0.3611111044883728 0.06145833432674408 0.06296296417713165
1 0.5395833253860474 0.7217592597007751 0.01666666753590107 0.02500000037252903
1 0.5700520873069763 0.8162037134170532 0.015104166232049465 0.023148147389292717
1 0.5752604007720947 0.782870352268219 0.01927083358168602 0.032407406717538834
0 0.39765626192092896 0.36759260296821594 0.03072916716337204 0.046296294778585434
1 0.563281238079071 0.6601851582527161 0.015104166232049465 0.025925925001502037
1 0.5317708253860474 0.8782407641410828 0.01666666753590107 0.026851851493120193
0 0.3385416567325592 0.31990739703178406 0.02500000037252903 0.05092592537403107
0 0.5825520753860474 0.75 0.04114583507180214 0.10185185074806213
0 0.5528646111488342 0.6777777671813965 0.03697916492819786 0.07037036865949631
1 0.5393229126930237 0.5615741014480591 0.015104166232049465 0.03055555559694767
1 0.6658853888511658 0.4967592656612396 0.015104166232049465 0.03055555559694767
1 0.5502604246139526 0.1587962955236435 0.02135416679084301 0.032407406717538834
0 0.5390625 0.7509258985519409 0.02708333358168602 0.07962962985038757
0 0.36510416865348816 0.35462963581085205 0.03333333507180214 0.04814814776182175
3 0.35859376192092896 0.3402777910232544 0.06093750149011612 0.08055555820465088
0 0.4351562559604645 0.39027777314186096 0.04010416567325592 0.05833333358168602
3 0.4195312559604645 0.38055557012557983 0.0703125 0.07407407462596893
0 0.5703125 0.8439815044403076 0.02812499925494194 0.07500000298023224
0 0.5572916865348816 0.17870371043682098 0.03437500074505806 0.07962962985038757
0 0.5302083492279053 0.8615740537643433 0.02916666679084301 0.06203703582286835
0 0.6794270873069763 0.49074074625968933 0.05052083358168602 0.07037036865949631
0 0.5513020753860474 0.5578703880310059 0.04635416716337204 0.07129629701375961