1 0.3539062440395355 0.7791666388511658 0.01927083358168602 0.034259259700775146
1 0.6841145753860474 0.6837962865829468 0.0234375 0.028703704476356506
0 0.33776041865348816 0.739814817905426 0.02552083320915699 0.046296294778585434
1 0.49531251192092896 0.8402777910232544 0.015625 0.026851851493120193
1 0.6635416746139526 0.7379629611968994 0.01875000074505806 0.03333333507180214
1 0.4346354305744171 0.8606481552124023 0.01822916604578495 0.028703704476356506
1 0.31848958134651184 0.5097222328186035 0.01927083358168602 0.028703704476356506
1 0.4000000059604645 0.8379629850387573 0.01770833320915699 0.029629629105329514
1 0.6171875 0.8162037134170532 0.01979166641831398 0.034259259700775146
0 0.4398437440395355 0.8796296119689941 0.0234375 0.05925925821065903
0 0.3278645873069763 0.7259259223937988 0.04218750074505806 0.06851851940155029
1 0.63671875 0.2689814865589142 0.01822916604578495 0.034259259700775146
3 0.3656249940395355 0.7722222208976746 0.05937499925494194 0.0962962955236435
1 0.40572917461395264 0.6537036895751953 0.01666666753590107 0.029629629105329514
1 0.70703125 0.49768519401550293 0.01822916604578495 0.02500000037252903
0 0.6723958253860474 0.7310185432434082 0.03541666641831398 0.07314814627170563
0 0.375 0.7620370388031006 0.04062499850988388 0.0555555559694767
0 0.35729166865348816 0.7967592477798462 0.03125 0.05833333358168602
0 0.4085937440395355 0.8518518805503845 0.03489583358168602 0.05925925821065903
3 0.6809895634651184 0.6935185194015503 0.05677083507180214 0.13703703880310059
0 0.6911458373069763 0.6620370149612427 0.03229166567325592 0.07407407462596893
0 0.7096354365348816 0.47962963581085205 0.02968749962747097 0.06851851940155029
0 0.3994791805744171 0.6365740895271301 0.03958333283662796 0.0824074074625969
0 0.3166666626930237 0.4842592477798462 0.03125 0.08888889104127884
0 0.6494791507720947 0.26851850748062134 0.04791666567325592 0.06851851940155029
0 0.6263020634651184 0.8027777671813965 0.03802083432674408 0.07592592388391495