3 0.3382812440395355 0.7064814567565918 0.03802083432674408 0.1111111119389534
1 0.46015626192092896 0.7842592597007751 0.010937499813735485 0.03703703731298447
1 0.5026041865348816 0.5231481194496155 0.01770833320915699 0.029629629105329514
1 0.35468751192092896 0.7245370149612427 0.01666666753590107 0.02500000037252903
1 0.6169270873069763 0.4763889014720917 0.01406249962747097 0.028703704476356506
3 0.35885417461395264 0.7388888597488403 0.046875 0.07777778059244156
1 0.4338541626930237 0.3351851999759674 0.015625 0.025925925001502037
0 0.41223958134651184 0.8032407164573669 0.03489583358168602 0.03611111268401146
0 0.3617187440395355 0.7425925731658936 0.03489583358168602 0.06481481343507767
1 0.3294270932674408 0.6675925850868225 0.01718750037252903 0.025925925001502037
1 0.5054687261581421 0.5879629850387573 0.01822916604578495 0.029629629105329514
1 0.53515625 0.48055556416511536 0.01822916604578495 0.02777777798473835
1 0.4036458432674408 0.7949073910713196 0.01770833320915699 0.026851851493120193
1 0.4348958432674408 0.7074074149131775 0.01770833320915699 0.029629629105329514
1 0.6148437261581421 0.5800926089286804 0.015104166232049465 0.03055555559694767
1 0.5161458253860474 0.802314817905426 0.01666666753590107 0.026851851493120193
0 0.3322916626930237 0.6902777552604675 0.02916666679084301 0.07685185223817825
0 0.47578126192092896 0.7990740537643433 0.03072916716337204 0.06296296417713165
0 0.6315104365348816 0.4810185134410858 0.04843749850988388 0.06574074178934097
0 0.5229166746139526 0.8203703761100769 0.02812499925494194 0.06481481343507767
0 0.4934895932674408 0.542129635810852 0.03281249850988388 0.06203703582286835
0 0.4390625059604645 0.3134259283542633 0.03020833246409893 0.0824074074625969
0 0.5330728888511658 0.5050926208496094 0.02864583395421505 0.08611111342906952
0 0.44192707538604736 0.7250000238418579 0.03281249850988388 0.06481481343507767
0 0.628125011920929 0.5861111283302307 0.046875 0.06296296417713165
0 0.49401041865348816 0.6074073910713196 0.04531250149011612 0.06851851940155029