0 0.3609375059604645 0.37361112236976624 0.03020833246409893 0.07314814627170563
1 0.3408854305744171 0.4046296179294586 0.02135416679084301 0.03703703731298447
1 0.04479166492819786 0.2958333194255829 0.014583333395421505 0.02500000037252903
1 0.6440104246139526 0.5796296000480652 0.02031249925494194 0.03703703731298447
1 0.3619791567325592 0.3620370328426361 0.01875000074505806 0.035185184329748154
0 0.4989583194255829 0.9009259343147278 0.02395833283662796 0.05370370298624039
1 0.5005208253860474 0.8925926089286804 0.01979166641831398 0.035185184329748154
1 0.01536458358168602 0.5259259343147278 0.01718750037252903 0.02777777798473835
1 0.04583333432674408 0.3847222328186035 0.01875000074505806 0.028703704476356506
0 0.014583333395421505 0.18981482088565826 0.02812499925494194 0.03703703731298447
1 0.3606770932674408 0.7574074268341064 0.01614583283662796 0.02777777798473835
1 0.4085937440395355 0.8365740776062012 0.015104166232049465 0.028703704476356506
1 0.6619791388511658 0.7962962985038757 0.01666666753590107 0.029629629105329514
1 0.03515625 0.22962963581085205 0.013020833022892475 0.02222222276031971
1 0.46666666865348816 0.8509259223937988 0.01875000074505806 0.031481482088565826
0 0.04531250149011612 0.37268519401550293 0.02604166604578495 0.07685185223817825
1 0.45494791865348816 0.28009259700775146 0.01822916604578495 0.034259259700775146
0 0.3499999940395355 0.3861111104488373 0.04791666567325592 0.10925926268100739
0 0.4817708432674408 0.8407407402992249 0.05624999850988388 0.0555555559694767
0 0.32421875 0.49768519401550293 0.03281249850988388 0.09166666865348816
0 0.01406249962747097 0.5074074268341064 0.02708333358168602 0.07962962985038757
0 0.03072916716337204 0.24259258806705475 0.02916666679084301 0.0555555559694767
0 0.6723958253860474 0.8074073791503906 0.03750000149011612 0.06666667014360428
0 0.04140625149011612 0.31296294927597046 0.0234375 0.06666667014360428
0 0.46796876192092896 0.2680555582046509 0.04635416716337204 0.0694444477558136
0 0.6567708253860474 0.5796296000480652 0.05312500149011612 0.07037036865949631
0 0.35468751192092896 0.7462962865829468 0.03437500074505806 0.07222222536802292
0 0.39531248807907104 0.8305555582046509 0.04895833507180214 0.07037036865949631