1 0.41328126192092896 0.654629647731781 0.01614583283662796 0.024074073880910873
1 0.3721354305744171 0.7662037014961243 0.013020833022892475 0.021296296268701553
1 0.5190104246139526 0.14907407760620117 0.01614583283662796 0.02777777798473835
1 0.3736979067325592 0.6171296238899231 0.01406249962747097 0.026851851493120193
1 0.390625 0.6967592835426331 0.015625 0.028703704476356506
1 0.5690104365348816 0.1648148149251938 0.01614583283662796 0.029629629105329514
1 0.6278645992279053 0.21944443881511688 0.01822916604578495 0.025925925001502037
1 0.6994791626930237 0.4412037134170532 0.01770833320915699 0.02500000037252903
1 0.41328126192092896 0.19398148357868195 0.01718750037252903 0.026851851493120193
1 0.4859375059604645 0.3055555522441864 0.015625 0.029629629105329514
1 0.5580729246139526 0.35092592239379883 0.01718750037252903 0.031481482088565826
0 0.4231770932674408 0.6787037253379822 0.03593749925494194 0.07407407462596893
0 0.6986979246139526 0.4175925850868225 0.03281249850988388 0.08703703433275223
0 0.5062500238418579 0.14444445073604584 0.04374999925494194 0.04259259253740311
0 0.35494792461395264 0.2569444477558136 0.02760416641831398 0.05648148059844971
0 0.5604166388511658 0.15555556118488312 0.03541666641831398 0.046296294778585434
0 0.38723957538604736 0.675000011920929 0.02968749962747097 0.07777778059244156
0 0.3635416626930237 0.7523148059844971 0.0364583320915699 0.0694444477558136
0 0.3604166805744171 0.6064814925193787 0.046875 0.06111111119389534
0 0.5640624761581421 0.3731481432914734 0.03541666641831398 0.09259258955717087
0 0.4205729067325592 0.17777778208255768 0.03489583358168602 0.06666667014360428
0 0.6205729246139526 0.20648148655891418 0.03593749925494194 0.05925925821065903
0 0.4997395873069763 0.3004629611968994 0.05052083358168602 0.06018518656492233