1 0.4830729067325592 0.8606481552124023 0.015104166232049465 0.028703704476356506
1 0.6567708253860474 0.677314817905426 0.01875000074505806 0.026851851493120193
1 0.6348958611488342 0.7310185432434082 0.01875000074505806 0.02500000037252903
0 0.5 0.8449074029922485 0.02083333395421505 0.05462963134050369
1 0.504687488079071 0.7092592716217041 0.01770833320915699 0.025925925001502037
1 0.41614583134651184 0.17685185372829437 0.015625 0.02777777798473835
0 0.4736979305744171 0.8680555820465088 0.03802083432674408 0.04722222313284874
1 0.3505208194255829 0.24351851642131805 0.015625 0.025925925001502037
1 0.30390626192092896 0.4546296298503876 0.01614583283662796 0.024074073880910873
0 0.6304687261581421 0.7490741014480591 0.03697916492819786 0.06666667014360428
1 0.38463541865348816 0.20462962985038757 0.01406249962747097 0.025925925001502037
1 0.37682291865348816 0.8268518447875977 0.013020833022892475 0.02777777798473835
1 0.43359375 0.34861111640930176 0.01718750037252903 0.028703704476356506
0 0.4841145873069763 0.7282407283782959 0.0234375 0.04537037014961243
0 0.6533854007720947 0.6907407641410828 0.03072916716337204 0.05740740895271301
0 0.3570312559604645 0.2300925999879837 0.02968749962747097 0.05648148059844971
0 0.46796876192092896 0.7824074029922485 0.03281249850988388 0.05370370298624039
0 0.3098958432674408 0.43009260296821594 0.03229166567325592 0.0824074074625969
0 0.39244791865348816 0.1935185194015503 0.02864583395421505 0.05000000074505806
0 0.44140625 0.3638888895511627 0.03489583358168602 0.06851851940155029
0 0.515625 0.6990740895271301 0.0364583320915699 0.0555555559694767
0 0.4281249940395355 0.16898147761821747 0.0364583320915699 0.04722222313284874
0 0.36640626192092896 0.8148148059844971 0.03593749925494194 0.05925925821065903