1 0.48046875 0.15046297013759613 0.01718750037252903 0.03055555559694767
0 0.48359376192092896 0.15000000596046448 0.02656250074505806 0.03703703731298447
1 0.3515625 0.2750000059604645 0.01666666753590107 0.024074073880910873
1 0.4390625059604645 0.1814814805984497 0.015625 0.025925925001502037
1 0.5 0.8143518567085266 0.01770833320915699 0.03055555559694767
1 0.5914062261581421 0.19490741193294525 0.01718750037252903 0.021296296268701553
1 0.5052083134651184 0.1458333283662796 0.015625 0.028703704476356506
3 0.35494792461395264 0.28148147463798523 0.03802083432674408 0.10740740597248077
1 0.32109373807907104 0.3444444537162781 0.01718750037252903 0.025925925001502037
1 0.6317708492279053 0.3143518567085266 0.01875000074505806 0.032407406717538834
0 0.4466145932674408 0.1675925999879837 0.02968749962747097 0.05000000074505806
1 0.5601562261581421 0.35185185074806213 0.01718750037252903 0.031481482088565826
0 0.34427082538604736 0.302314817905426 0.03020833246409893 0.07129629701375961
0 0.5080729126930237 0.8273147940635681 0.0338541679084301 0.05462963134050369
0 0.5179687738418579 0.14259259402751923 0.04114583507180214 0.03333333507180214
0 0.31953126192092896 0.36064815521240234 0.02656250074505806 0.0694444477558136
0 0.4528645873069763 0.824999988079071 0.03072916716337204 0.0555555559694767
0 0.41328126192092896 0.18287037312984467 0.03489583358168602 0.037962961941957474
0 0.3635416626930237 0.24768517911434174 0.02500000037252903 0.05277777835726738
0 0.589062511920929 0.17499999701976776 0.02708333358168602 0.06666667014360428
0 0.5658854246139526 0.3731481432914734 0.03489583358168602 0.09074074029922485
0 0.6377604007720947 0.33888888359069824 0.03593749925494194 0.08518518507480621