0 0.5325520634651184 0.7527777552604675 0.03177083283662796 0.04259259253740311
0 0.49791666865348816 0.7800925970077515 0.03958333283662796 0.05277777835726738
1 0.5052083134651184 0.29907408356666565 0.01770833320915699 0.029629629105329514
1 0.55859375 0.7842592597007751 0.015104166232049465 0.025925925001502037
1 0.6640625 0.40509259700775146 0.01666666753590107 0.02500000037252903
1 0.6640625 0.4958333373069763 0.014583333395421505 0.03055555559694767
1 0.41354167461395264 0.5712962746620178 0.01666666753590107 0.02777777798473835
1 0.45520833134651184 0.43703705072402954 0.01770833320915699 0.025925925001502037
1 0.47864583134651184 0.854629635810852 0.01354166679084301 0.025925925001502037
0 0.5291666388511658 0.8143518567085266 0.02708333358168602 0.06018518656492233
1 0.48776042461395264 0.16249999403953552 0.015104166232049465 0.03055555559694767
3 0.5315104126930237 0.789814829826355 0.0338541679084301 0.10555555671453476
0 0.573437511920929 0.7787036895751953 0.0416666679084301 0.051851850003004074
1 0.3942708373069763 0.8060185313224792 0.014583333395421505 0.02500000037252903
0 0.4973958432674408 0.3185185194015503 0.03437500074505806 0.0833333358168602
0 0.46875 0.8476851582527161 0.03229166567325592 0.0416666679084301
0 0.4583333432674408 0.4564814865589142 0.03229166567325592 0.08888889104127884
0 0.667187511920929 0.3837963044643402 0.03020833246409893 0.07500000298023224
0 0.40833333134651184 0.5504629611968994 0.03229166567325592 0.0824074074625969
0 0.6520833373069763 0.5074074268341064 0.046875 0.07037036865949631
0 0.3841145932674408 0.793055534362793 0.04010416567325592 0.06574074178934097
0 0.47447916865348816 0.16851851344108582 0.04270833358168602 0.0555555559694767