1 0.5364583134651184 0.29398149251937866 0.01666666753590107 0.03055555559694767
0 0.578906238079071 0.33564814925193787 0.0338541679084301 0.07129629701375961
1 0.4919270873069763 0.2657407522201538 0.01406249962747097 0.025925925001502037
3 0.5268229246139526 0.2888889014720917 0.07656250149011612 0.07407407462596893
0 0.50390625 0.2736110985279083 0.03802083432674408 0.05092592537403107
0 0.5453125238418579 0.3013888895511627 0.03437500074505806 0.04537037014961243
3 0.5729166865348816 0.32407405972480774 0.06666667014360428 0.08888889104127884
1 0.31432291865348816 0.3212963044643402 0.01822916604578495 0.025925925001502037
1 0.6106770634651184 0.5787037014961243 0.01822916604578495 0.035185184329748154
1 0.4791666567325592 0.29814815521240234 0.01354166679084301 0.02777777798473835
1 0.4114583432674408 0.7944444417953491 0.01770833320915699 0.024074073880910873
0 0.6065104007720947 0.3611111044883728 0.03802083432674408 0.06481481343507767
1 0.4127604067325592 0.17407406866550446 0.015104166232049465 0.029629629105329514
1 0.37838542461395264 0.3671296238899231 0.015104166232049465 0.03055555559694767
3 0.5963541865348816 0.3462963104248047 0.05833333358168602 0.08703703433275223
0 0.4658854305744171 0.30416667461395264 0.04531250149011612 0.05648148059844971
0 0.6028645634651184 0.5962963104248047 0.04218750074505806 0.07407407462596893
0 0.31979167461395264 0.30092594027519226 0.03437500074505806 0.07037036865949631
0 0.4130208194255829 0.7657407522201538 0.02812499925494194 0.0833333358168602
0 0.2890625 0.5310184955596924 0.02500000037252903 0.08425925672054291
0 0.42500001192092896 0.1666666716337204 0.04270833358168602 0.06111111119389534
0 0.38593751192092896 0.8115741014480591 0.03229166567325592 0.04537037014961243
0 0.3682291805744171 0.35277777910232544 0.04374999925494194 0.07592592388391495