0 0.5911458134651184 0.7092592716217041 0.02708333358168602 0.06481481343507767
3 0.6325520873069763 0.21203704178333282 0.05677083507180214 0.06851851940155029
0 0.6013020873069763 0.1745370328426361 0.02552083320915699 0.043518517166376114
0 0.6533854007720947 0.23148147761821747 0.02552083320915699 0.04444444552063942
0 0.5768229365348816 0.1578703671693802 0.03489583358168602 0.043518517166376114
1 0.5533854365348816 0.14398148655891418 0.01822916604578495 0.028703704476356506
0 0.6432291865348816 0.21944443881511688 0.04270833358168602 0.06296296417713165
1 0.5489583611488342 0.875 0.01354166679084301 0.025925925001502037
0 0.6270833611488342 0.2013888955116272 0.02916666679084301 0.05277777835726738
1 0.6148437261581421 0.6115740537643433 0.01822916604578495 0.02500000037252903
1 0.5744791626930237 0.772685170173645 0.01770833320915699 0.03055555559694767
1 0.5575520992279053 0.5310184955596924 0.015104166232049465 0.032407406717538834
0 0.6411458253860474 0.6555555462837219 0.03125 0.05740740895271301
3 0.5874999761581421 0.7319444417953491 0.04062499850988388 0.11574073880910873
1 0.5861979126930237 0.2759259343147278 0.01927083358168602 0.029629629105329514
0 0.5833333134651184 0.7611111402511597 0.03333333507180214 0.06296296417713165
0 0.5328124761581421 0.8791666626930237 0.04062499850988388 0.0416666679084301
3 0.6294270753860474 0.6643518805503845 0.0598958320915699 0.07314814627170563
0 0.6130208373069763 0.5902777910232544 0.02291666716337204 0.07129629701375961
0 0.5440104007720947 0.14027777314186096 0.03697916492819786 0.04537037014961243
0 0.5994791388511658 0.26342591643333435 0.046875 0.05833333358168602
0 0.5703125 0.5208333134651184 0.04479166492819786 0.06759259104728699