0 0.5838541388511658 0.7412037253379822 0.04270833358168602 0.06018518656492233
1 0.5296875238418579 0.3532407283782959 0.01770833320915699 0.028703704476356506
1 0.6039062738418579 0.23148147761821747 0.01406249962747097 0.02777777798473835
1 0.3239583373069763 0.5893518328666687 0.015625 0.02500000037252903
0 0.3617187440395355 0.6675925850868225 0.03489583358168602 0.04259259253740311
1 0.5848958492279053 0.6499999761581421 0.01666666753590107 0.025925925001502037
3 0.34453123807907104 0.6555555462837219 0.06822916865348816 0.07962962985038757
1 0.5505208373069763 0.2726851999759674 0.01666666753590107 0.032407406717538834
1 0.3695312440395355 0.7763888835906982 0.01822916604578495 0.02500000037252903
1 0.6463541388511658 0.31018519401550293 0.01770833320915699 0.031481482088565826
1 0.375 0.22453702986240387 0.01875000074505806 0.026851851493120193
0 0.3265624940395355 0.6643518805503845 0.02916666679084301 0.05277777835726738
3 0.5770833492279053 0.7574074268341064 0.05624999850988388 0.09074074029922485
0 0.5216146111488342 0.3671296238899231 0.03489583358168602 0.06574074178934097
0 0.3335937559604645 0.604629635810852 0.03593749925494194 0.06111111119389534
0 0.5598958134651184 0.7953703999519348 0.03333333507180214 0.05925925821065903
0 0.578906238079071 0.6305555701255798 0.0338541679084301 0.07222222536802292
0 0.6151041388511658 0.23888888955116272 0.03854166716337204 0.06111111119389534
0 0.3734374940395355 0.24675926566123962 0.02708333358168602 0.07685185223817825
0 0.6348958611488342 0.3134259283542633 0.04374999925494194 0.05648148059844971
0 0.3734374940395355 0.7907407283782959 0.03125 0.06296296417713165
0 0.5369791388511658 0.2699074149131775 0.04479166492819786 0.06203703582286835