0 0.5919271111488342 0.8180555701255798 0.02552083320915699 0.043518517166376114
1 0.27682292461395264 0.49768519401550293 0.01614583283662796 0.02500000037252903
0 0.41588541865348816 0.8231481313705444 0.0390625 0.05370370298624039
1 0.5247395634651184 0.3768518567085266 0.01614583283662796 0.025925925001502037
1 0.45104166865348816 0.3513889014720917 0.01666666753590107 0.034259259700775146
1 0.5190104246139526 0.8592592477798462 0.01822916604578495 0.029629629105329514
1 0.4781250059604645 0.7481481432914734 0.01354166679084301 0.02222222276031971
0 0.510937511920929 0.8652777671813965 0.03020833246409893 0.04537037014961243
0 0.4169270694255829 0.7754629850387573 0.02447916753590107 0.06203703582286835
1 0.6010416746139526 0.4148148000240326 0.014583333395421505 0.031481482088565826
1 0.34036457538604736 0.3967592716217041 0.01614583283662796 0.028703704476356506
0 0.4169270694255829 0.7875000238418579 0.03697916492819786 0.09537036716938019
0 0.46927082538604736 0.8703703880310059 0.04062499850988388 0.04259259253740311
1 0.5377604365348816 0.2212962955236435 0.01614583283662796 0.029629629105329514
1 0.6390625238418579 0.6629629731178284 0.014583333395421505 0.029629629105329514
1 0.42760416865348816 0.8125 0.01666666753590107 0.03055555559694767
0 0.6499999761581421 0.6740740537643433 0.04270833358168602 0.06666667014360428
0 0.44140625 0.36574074625968933 0.03802083432674408 0.07592592388391495
0 0.48124998807907104 0.7314814925193787 0.02916666679084301 0.06851851940155029
0 0.27812498807907104 0.4712963104248047 0.03229166567325592 0.08703703433275223
0 0.3466145694255829 0.40833333134651184 0.0390625 0.07777778059244156
0 0.5249999761581421 0.35462963581085205 0.03125 0.08888889104127884
0 0.5453125238418579 0.21296297013759613 0.03541666641831398 0.06296296417713165
0 0.5874999761581421 0.4194444417953491 0.04895833507180214 0.06481481343507767