1 0.08842592686414719 0.44772014021873474 0.04722222313284874 0.051100630313158035
3 0.43703705072402954 0.26768869161605835 0.08518518507480621 0.04009433835744858
3 0.7486110925674438 0.5601415038108826 0.11574073880910873 0.07940251380205154
0 0.2768518626689911 0.3069968521595001 0.08888889104127884 0.05267295613884926
0 0.3254629671573639 0.24017295241355896 0.043518517166376114 0.04009433835744858
0 0.3305555582046509 0.2515723407268524 0.06111111119389534 0.07075471431016922
3 0.737500011920929 0.48231130838394165 0.04722222313284874 0.06996855139732361
3 0.4851851761341095 0.2983490526676178 0.05370370298624039 0.06525157392024994
0 0.3611111044883728 0.2932389974594116 0.040740739554166794 0.033018868416547775
1 0.3662036955356598 0.2971698045730591 0.03055555559694767 0.02358490601181984
0 0.43796294927597046 0.26808175444602966 0.0833333358168602 0.04245283082127571
4 0.2750000059604645 0.3073899447917938 0.08148147910833359 0.05345911905169487
1 0.08749999850988388 0.4575471580028534 0.03055555559694767 0.025157231837511063
0 0.4851851761341095 0.30149370431900024 0.04814814776182175 0.06053459271788597
0 0.5009258985519409 0.24764150381088257 0.08703703433275223 0.039308175444602966
1 0.4712963104248047 0.24764150381088257 0.025925925001502037 0.025157231837511063
1 0.4652777910232544 0.2783018946647644 0.028703704476356506 0.022012578323483467
1 0.34259259700775146 0.32272014021873474 0.02777777798473835 0.01808176189661026
1 0.7328703999519348 0.5927672982215881 0.03055555559694767 0.02358490601181984
1 0.5930555462837219 0.32193395495414734 0.032407406717538834 0.02437106892466545
1 0.39537036418914795 0.5408805012702942 0.03703703731298447 0.026729559525847435
1 0.7412037253379822 0.5475628972053528 0.034259259700775146 0.02279874123632908
1 0.3254629671573639 0.23231132328510284 0.032407406717538834 0.02279874123632908
1 0.3143518567085266 0.2920597493648529 0.028703704476356506 0.021226415410637856
1 0.4912036955356598 0.2779088020324707 0.028703704476356506 0.021226415410637856
1 0.16018518805503845 0.5192610025405884 0.03333333507180214 0.025943396613001823
1 0.11342592537403107 0.30896225571632385 0.034259259700775146 0.028301887214183807
1 0.30509260296821594 0.48977985978126526 0.032407406717538834 0.02987421303987503
0 0.737500011920929 0.48191824555397034 0.0416666679084301 0.06132075563073158
0 0.7074074149131775 0.5774371027946472 0.07777778059244156 0.06367924809455872
0 0.3393518626689911 0.3455188572406769 0.05277777835726738 0.05424528196454048
1 0.7356481552124023 0.5082547068595886 0.032407406717538834 0.021226415410637856
0 0.7652778029441833 0.5393081903457642 0.08055555820465088 0.04559748247265816
0 0.23981481790542603 0.3891509473323822 0.08148147910833359 0.04559748247265816
0 0.14953704178333282 0.4988207519054413 0.06018518656492233 0.07154087722301483
0 0.6162037253379822 0.3408018946647644 0.08055555820465088 0.06839622557163239
0 0.3888888955116272 0.5695754885673523 0.05740740895271301 0.07783018797636032
0 0.2777777910232544 0.4795597493648529 0.08888889104127884 0.05974842607975006
0 0.08796296268701553 0.43946540355682373 0.05740740895271301 0.07075471431016922
0 0.1268518567085266 0.3180031478404999 0.07222222536802292 0.057389937341213226