1 0.4429687559604645 0.8550925850868225 0.02135416679084301 0.03055555559694767
1 0.5598958134651184 0.1615740805864334 0.01979166641831398 0.037962961941957474
1 0.43437498807907104 0.8578703999519348 0.015625 0.032407406717538834
1 0.6895833611488342 0.35185185074806213 0.01875000074505806 0.02777777798473835
0 0.41093748807907104 0.8467592597007751 0.03020833246409893 0.05092592537403107
1 0.6088541746139526 0.5643518567085266 0.01666666753590107 0.026851851493120193
0 0.44088542461395264 0.8800926208496094 0.02656250074505806 0.07129629701375961
1 0.6364583373069763 0.7208333611488342 0.01770833320915699 0.028703704476356506
1 0.3513020873069763 0.3125 0.01614583283662796 0.03055555559694767
1 0.5111979246139526 0.41435185074806213 0.01718750037252903 0.03055555559694767
1 0.3270833194255829 0.7250000238418579 0.015625 0.029629629105329514
1 0.3986979126930237 0.6402778029441833 0.01614583283662796 0.026851851493120193
1 0.3682291805744171 0.36250001192092896 0.01666666753590107 0.026851851493120193
1 0.4049479067325592 0.8374999761581421 0.01718750037252903 0.028703704476356506
0 0.6473958492279053 0.7236111164093018 0.04374999925494194 0.07685185223817825
1 0.43437498807907104 0.5287036895751953 0.01770833320915699 0.031481482088565826
1 0.4700520932674408 0.16851851344108582 0.01822916604578495 0.035185184329748154
0 0.4255208373069763 0.543055534362793 0.04583333432674408 0.07685185223817825
0 0.692187488079071 0.36574074625968933 0.03020833246409893 0.07777778059244156
0 0.606249988079071 0.5444444417953491 0.03958333283662796 0.09259258955717087
0 0.3216145932674408 0.7148148417472839 0.0338541679084301 0.07592592388391495
0 0.3763020932674408 0.3861111104488373 0.03697916492819786 0.08518518507480621
0 0.39531248807907104 0.6212962865829468 0.03541666641831398 0.08888889104127884
0 0.565625011920929 0.16296295821666718 0.03229166567325592 0.05740740895271301
0 0.5018228888511658 0.39814814925193787 0.04739583283662796 0.07592592388391495
0 0.4828124940395355 0.17083333432674408 0.04583333432674408 0.06018518656492233
0 0.3361979126930237 0.31296294927597046 0.04635416716337204 0.05740740895271301