1 0.37552082538604736 0.2152777761220932 0.01666666753590107 0.02500000037252903
3 0.3830729126930237 0.1953703761100769 0.04635416716337204 0.07962962985038757
1 0.3369791805744171 0.2532407343387604 0.01770833320915699 0.028703704476356506
1 0.29505208134651184 0.6527777910232544 0.01614583283662796 0.025925925001502037
0 0.2770833373069763 0.5666666626930237 0.02916666679084301 0.07222222536802292
1 0.3460937440395355 0.3541666567325592 0.01614583283662796 0.026851851493120193
0 0.390625 0.18518517911434174 0.03437500074505806 0.05740740895271301
1 0.5171874761581421 0.6129629611968994 0.01666666753590107 0.024074073880910873
1 0.45234376192092896 0.35370370745658875 0.01614583283662796 0.031481482088565826
1 0.649218738079071 0.572685182094574 0.01718750037252903 0.02500000037252903
0 0.28854167461395264 0.6333333253860474 0.03125 0.07407407462596893
1 0.5249999761581421 0.37731480598449707 0.01666666753590107 0.02500000037252903
1 0.3984375 0.8060185313224792 0.01666666753590107 0.02500000037252903
0 0.37057292461395264 0.8046296238899231 0.03072916716337204 0.040740739554166794
3 0.2841145694255829 0.602314829826355 0.03593749925494194 0.13240741193294525
1 0.39114582538604736 0.5342592597007751 0.01666666753590107 0.025925925001502037
0 0.3450520932674408 0.24351851642131805 0.03489583358168602 0.0555555559694767
0 0.39661458134651184 0.8259259462356567 0.02135416679084301 0.05925925821065903
0 0.5177083611488342 0.5925925970077515 0.02604166604578495 0.07777778059244156
0 0.64453125 0.550000011920929 0.03281249850988388 0.08148147910833359
0 0.5286458134651184 0.35370370745658875 0.03020833246409893 0.07962962985038757
0 0.33932292461395264 0.3717592656612396 0.03802083432674408 0.07314814627170563
0 0.39531248807907104 0.5555555820465088 0.03437500074505806 0.08518518507480621
0 0.4401041567325592 0.36759260296821594 0.04374999925494194 0.06851851940155029