3 0.4069444537162781 0.5487421154975891 0.05092592537403107 0.08018867671489716
1 0.32685184478759766 0.25314465165138245 0.02222222276031971 0.0172955971211195
0 0.6212962865829468 0.41941824555397034 0.05000000074505806 0.06996855139732361
1 0.32777777314186096 0.276729553937912 0.02777777798473835 0.0172955971211195
0 0.6499999761581421 0.5589622855186462 0.06111111119389534 0.06446541100740433
1 0.539814829826355 0.29520440101623535 0.025925925001502037 0.02279874123632908
0 0.47453704476356506 0.3805031478404999 0.03611111268401146 0.026729559525847435
0 0.5856481194496155 0.2928459048271179 0.06388889253139496 0.04795597493648529
0 0.40324074029922485 0.5373427867889404 0.03981481492519379 0.044811319559812546
1 0.612500011920929 0.30935534834861755 0.02500000037252903 0.021226415410637856
3 0.5884259343147278 0.29441824555397034 0.07129629701375961 0.05267295613884926
0 0.36157408356666565 0.2496069222688675 0.0824074074625969 0.032232705503702164
1 0.47546297311782837 0.37696540355682373 0.028703704476356506 0.021226415410637856
1 0.4157407283782959 0.5754716992378235 0.031481482088565826 0.022012578323483467
0 0.6185185313224792 0.39858490228652954 0.04259259253740311 0.02987421303987503
1 0.09212963283061981 0.4948899447917938 0.034259259700775146 0.02437106892466545
1 0.2527777850627899 0.518081784248352 0.031481482088565826 0.022012578323483467
1 0.38333332538604736 0.3325471580028534 0.02777777798473835 0.020440252497792244
0 0.5041666626930237 0.28852200508117676 0.08055555820465088 0.034591194242239
0 0.4236111044883728 0.47444969415664673 0.07685185223817825 0.04323899373412132
1 0.4037036895751953 0.4846698045730591 0.02777777798473835 0.019654087722301483
1 0.16388888657093048 0.5526729822158813 0.035185184329748154 0.022012578323483467
1 0.7013888955116272 0.33608490228652954 0.03055555559694767 0.021226415410637856
0 0.49259260296821594 0.3942610025405884 0.07222222536802292 0.05896226316690445
1 0.11944444477558136 0.3541666567325592 0.029629629105329514 0.025943396613001823
1 0.19027778506278992 0.43396225571632385 0.032407406717538834 0.022012578323483467
0 0.6634259223937988 0.3140723407268524 0.05833333358168602 0.032232705503702164
3 0.6203703880310059 0.41981130838394165 0.05000000074505806 0.07232704758644104
1 0.6638888716697693 0.5361635088920593 0.029629629105329514 0.01886792480945587
0 0.33194443583488464 0.30306604504585266 0.037962961941957474 0.06525157392024994
0 0.23842592537403107 0.49685534834861755 0.0694444477558136 0.06761006265878677
0 0.13425925374031067 0.35770440101623535 0.06296296417713165 0.050314463675022125
0 0.3810185194015503 0.31721699237823486 0.04722222313284874 0.06525157392024994
0 0.19074073433876038 0.4158805012702942 0.05000000074505806 0.06132075563073158
0 0.09814814478158951 0.4775943458080292 0.0555555559694767 0.06367924809455872
0 0.1537037044763565 0.5322327017784119 0.05370370298624039 0.06761006265878677
0 0.7166666388511658 0.35102200508117676 0.06111111119389534 0.057389937341213226