0 0.0416666679084301 0.34351852536201477 0.02812499925494194 0.11296296119689941
0 0.49609375 0.8884259462356567 0.05052083358168602 0.07870370149612427
3 0.4476562440395355 0.41805556416511536 0.04322916641831398 0.08611111342906952
1 0.04296875 0.2967592477798462 0.01614583283662796 0.02500000037252903
0 0.4830729067325592 0.8782407641410828 0.03177083283662796 0.07314814627170563
0 0.44713541865348816 0.40833333134651184 0.04010416567325592 0.06296296417713165
1 0.6604166626930237 0.8268518447875977 0.01666666753590107 0.03333333507180214
1 0.32473957538604736 0.5648148059844971 0.01718750037252903 0.02777777798473835
1 0.015104166232049465 0.5259259343147278 0.01770833320915699 0.02777777798473835
0 0.5101562738418579 0.9060184955596924 0.03072916716337204 0.05833333358168602
1 0.6364583373069763 0.862500011920929 0.01666666753590107 0.03055555559694767
0 0.014322916977107525 0.18981482088565826 0.02864583395421505 0.03703703731298447
1 0.0455729179084301 0.385185182094574 0.01822916604578495 0.02777777798473835
0 0.6192708611488342 0.8773148059844971 0.03229166567325592 0.05092592537403107
0 0.04505208507180214 0.37268519401550293 0.02552083320915699 0.07685185223817825
1 0.03541666641831398 0.2300925999879837 0.012500000186264515 0.021296296268701553
0 0.4893229305744171 0.4037036895751953 0.04010416567325592 0.05000000074505806
1 0.5835937261581421 0.5407407283782959 0.02135416679084301 0.02777777798473835
1 0.522656261920929 0.5138888955116272 0.02135416679084301 0.029629629105329514
0 0.5263020992279053 0.5393518805503845 0.03072916716337204 0.08796296268701553
0 0.01380208320915699 0.5083333253860474 0.02656250074505806 0.07777778059244156
0 0.32369792461395264 0.5824074149131775 0.02239583246409893 0.0833333358168602
0 0.03046875074505806 0.24259258806705475 0.02864583395421505 0.05370370298624039
0 0.04114583507180214 0.31388887763023376 0.02395833283662796 0.06666667014360428
0 0.671093761920929 0.8240740895271301 0.03802083432674408 0.06481481343507767
0 0.5856770873069763 0.5157407522201538 0.02864583395421505 0.0833333358168602
0 0.35729166865348816 0.6037036776542664 0.0416666679084301 0.06851851940155029