1 0.49817708134651184 0.8458333611488342 0.01197916641831398 0.03055555559694767
3 0.5328124761581421 0.4703703820705414 0.04270833358168602 0.05925925821065903
3 0.4716145694255829 0.38657405972480774 0.02760416641831398 0.08796296268701553
1 0.717968761920929 0.5763888955116272 0.015104166232049465 0.023148147389292717
1 0.4963541626930237 0.8592592477798462 0.012500000186264515 0.031481482088565826
0 0.5408853888511658 0.3402777910232544 0.02864583395421505 0.06018518656492233
1 0.47187501192092896 0.36250001192092896 0.01875000074505806 0.03055555559694767
3 0.514843761920929 0.35555556416511536 0.04010416567325592 0.10370370000600815
1 0.5283854007720947 0.8583333492279053 0.015104166232049465 0.029629629105329514
3 0.534375011920929 0.34259259700775146 0.05416666716337204 0.07777778059244156
0 0.5643228888511658 0.4296296238899231 0.03177083283662796 0.07592592388391495
0 0.4776041805744171 0.3351851999759674 0.03750000149011612 0.04259259253740311
1 0.5015624761581421 0.432407408952713 0.01666666753590107 0.025925925001502037
1 0.4934895932674408 0.32592591643333435 0.01718750037252903 0.029629629105329514
0 0.5044270753860474 0.4495370388031006 0.02552083320915699 0.06018518656492233
3 0.4828124940395355 0.36759260296821594 0.0572916679084301 0.10740740597248077
3 0.5651041865348816 0.41296297311782837 0.03125 0.10555555671453476
0 0.5065104365348816 0.3777777850627899 0.0338541679084301 0.06481481343507767
3 0.5528646111488342 0.37037035822868347 0.04218750074505806 0.10370370000600815
3 0.5229166746139526 0.45277777314186096 0.05937499925494194 0.0833333358168602
1 0.45703125 0.8495370149612427 0.01614583283662796 0.03055555559694767
0 0.5669270753860474 0.4893518388271332 0.03802083432674408 0.049074072390794754
0 0.4716145694255829 0.3907407522201538 0.02656250074505806 0.07592592388391495
0 0.7247396111488342 0.5634258985519409 0.03177083283662796 0.07870370149612427
0 0.46953123807907104 0.8615740537643433 0.04531250149011612 0.0694444477558136
0 0.6481770873069763 0.2092592567205429 0.03593749925494194 0.05740740895271301