3 0.44583332538604736 0.6717592477798462 0.07395832985639572 0.05277777835726738
1 0.34062498807907104 0.31712964177131653 0.01770833320915699 0.02500000037252903
0 0.6065104007720947 0.8370370268821716 0.04114583507180214 0.06851851940155029
3 0.606249988079071 0.8347222208976746 0.0416666679084301 0.06574074178934097
0 0.5914062261581421 0.6412037014961243 0.05156249925494194 0.07870370149612427
0 0.3486979305744171 0.3013888895511627 0.03281249850988388 0.06018518656492233
1 0.4205729067325592 0.6439814567565918 0.01614583283662796 0.02500000037252903
1 0.4351562559604645 0.6800925731658936 0.013020833022892475 0.02500000037252903
0 0.42369791865348816 0.6935185194015503 0.0338541679084301 0.05925925821065903
1 0.5783854126930237 0.6643518805503845 0.01718750037252903 0.03055555559694767
3 0.3526041805744171 0.3046296238899231 0.05833333358168602 0.11296296119689941
1 0.5580729246139526 0.5337963104248047 0.01406249962747097 0.02500000037252903
1 0.6690104007720947 0.26342591643333435 0.013020833022892475 0.026851851493120193
1 0.47083333134651184 0.6615740656852722 0.015625 0.026851851493120193
1 0.6005208492279053 0.657870352268219 0.01770833320915699 0.02500000037252903
1 0.5648437738418579 0.864814817905426 0.01822916604578495 0.03333333507180214
3 0.3408854305744171 0.33194443583488464 0.04739583283662796 0.125
0 0.4039062559604645 0.6388888955116272 0.04531250149011612 0.04814814776182175
0 0.4593749940395355 0.6587963104248047 0.04062499850988388 0.05092592537403107
3 0.3778645694255829 0.2439814805984497 0.05052083358168602 0.10833333432674408
0 0.5481770634651184 0.8569444417953491 0.0442708320915699 0.05277777835726738
0 0.3283854126930237 0.35648149251937866 0.02447916753590107 0.07407407462596893
1 0.3270833194255829 0.37731480598449707 0.01770833320915699 0.026851851493120193
0 0.60546875 0.635185182094574 0.02968749962747097 0.0833333358168602
0 0.5643228888511658 0.6666666865348816 0.04322916641831398 0.051851850003004074
0 0.5682291388511658 0.5199074149131775 0.0416666679084301 0.0694444477558136
0 0.38593751192092896 0.22361111640930176 0.03020833246409893 0.06759259104728699
0 0.6786458492279053 0.2699074149131775 0.03437500074505806 0.06203703582286835