1 0.7010416388511658 0.6666666865348816 0.01666666753590107 0.025925925001502037
0 0.6736978888511658 0.6435185074806213 0.03177083283662796 0.051851850003004074
3 0.6851562261581421 0.6324074268341064 0.05364583432674408 0.06666667014360428
1 0.578125 0.7064814567565918 0.014583333395421505 0.024074073880910873
0 0.7005208134651184 0.6328703761100769 0.02500000037252903 0.05277777835726738
1 0.5583333373069763 0.5342592597007751 0.014583333395421505 0.02777777798473835
3 0.65625 0.6287037134170532 0.06041666492819786 0.06851851940155029
1 0.34765625 0.5777778029441833 0.01614583283662796 0.024074073880910873
1 0.7143229246139526 0.48379629850387573 0.01822916604578495 0.026851851493120193
0 0.34375 0.5583333373069763 0.02708333358168602 0.05925925821065903
3 0.3466145694255829 0.46759259700775146 0.0390625 0.1111111119389534
0 0.6447916626930237 0.6162037253379822 0.03750000149011612 0.049074072390794754
1 0.598437488079071 0.6611111164093018 0.01875000074505806 0.025925925001502037
1 0.6309896111488342 0.23935185372829437 0.01614583283662796 0.03055555559694767
0 0.6958333253860474 0.7004629373550415 0.02604166604578495 0.06759259104728699
0 0.6028645634651184 0.6393518447875977 0.03072916716337204 0.0694444477558136
3 0.35234373807907104 0.40324074029922485 0.03697916492819786 0.1398148089647293
3 0.34296876192092896 0.5319444537162781 0.03489583358168602 0.11759259551763535
0 0.7111979126930237 0.5060185194015503 0.02864583395421505 0.07129629701375961
0 0.35208332538604736 0.3791666626930237 0.03020833246409893 0.07314814627170563
0 0.5687500238418579 0.6861110925674438 0.03229166567325592 0.07037036865949631
0 0.6442708373069763 0.244907408952713 0.04479166492819786 0.06759259104728699
0 0.5705729126930237 0.5240740776062012 0.04322916641831398 0.06666667014360428