0 0.6299479007720947 0.5388888716697693 0.02760416641831398 0.0555555559694767
1 0.6578124761581421 0.6064814925193787 0.01979166641831398 0.029629629105329514
0 0.4658854305744171 0.8365740776062012 0.03177083283662796 0.02500000037252903
1 0.5377604365348816 0.8430555462837219 0.01197916641831398 0.023148147389292717
1 0.6421874761581421 0.380092591047287 0.01666666753590107 0.02500000037252903
1 0.5377604365348816 0.7842592597007751 0.01406249962747097 0.020370369777083397
0 0.6348958611488342 0.4782407283782959 0.02812499925494194 0.05277777835726738
1 0.6286458373069763 0.5759259462356567 0.01666666753590107 0.02777777798473835
1 0.4598958194255829 0.8361111283302307 0.014583333395421505 0.025925925001502037
1 0.3148437440395355 0.5254629850387573 0.01614583283662796 0.02500000037252903
1 0.5520833134651184 0.7208333611488342 0.01666666753590107 0.026851851493120193
0 0.6307291388511658 0.6000000238418579 0.02812499925494194 0.06481481343507767
1 0.609375 0.6365740895271301 0.01354166679084301 0.023148147389292717
1 0.33984375 0.75 0.015104166232049465 0.024074073880910873
1 0.6520833373069763 0.6800925731658936 0.01875000074505806 0.02500000037252903
3 0.6325520873069763 0.5712962746620178 0.03177083283662796 0.11666666716337204
3 0.6328125 0.5115740895271301 0.03437500074505806 0.11388888955116272
0 0.6617187261581421 0.581944465637207 0.02864583395421505 0.06759259104728699
0 0.65625 0.6569444537162781 0.02708333358168602 0.07870370149612427
0 0.59765625 0.6499999761581421 0.04010416567325592 0.0555555559694767
0 0.6393229365348816 0.4000000059604645 0.02968749962747097 0.07407407462596893
0 0.5416666865348816 0.8152777552604675 0.02187499962747097 0.06759259104728699
0 0.3098958432674408 0.5055555701255798 0.0364583320915699 0.08148147910833359
0 0.5463541746139526 0.7361111044883728 0.03333333507180214 0.06296296417713165
0 0.3361979126930237 0.7319444417953491 0.03177083283662796 0.07500000298023224