3 0.3268229067325592 0.7518518567085266 0.03802083432674408 0.07592592388391495
1 0.3385416567325592 0.7717592716217041 0.012500000186264515 0.023148147389292717
0 0.5651041865348816 0.8583333492279053 0.01875000074505806 0.03888889029622078
1 0.3427083194255829 0.3810185194015503 0.01666666753590107 0.023148147389292717
1 0.29765623807907104 0.6050925850868225 0.01614583283662796 0.026851851493120193
1 0.6791666746139526 0.5023148059844971 0.015625 0.021296296268701553
1 0.4973958432674408 0.8430555462837219 0.01979166641831398 0.02500000037252903
3 0.33802083134651184 0.769444465637207 0.05937499925494194 0.10925926268100739
1 0.3635416626930237 0.8092592358589172 0.014583333395421505 0.025925925001502037
1 0.4635416567325592 0.6111111044883728 0.015625 0.031481482088565826
1 0.4468750059604645 0.3453703820705414 0.01770833320915699 0.029629629105329514
1 0.44843751192092896 0.854629635810852 0.01666666753590107 0.03333333507180214
1 0.6747395992279053 0.42314815521240234 0.01718750037252903 0.025925925001502037
1 0.32760417461395264 0.6472222208976746 0.01666666753590107 0.02777777798473835
1 0.5492187738418579 0.17685185372829437 0.01614583283662796 0.031481482088565826
1 0.629687488079071 0.34861111640930176 0.015625 0.028703704476356506
0 0.3257812559604645 0.7486110925674438 0.03281249850988388 0.06203703582286835
0 0.6773437261581421 0.4435185194015503 0.03072916716337204 0.07962962985038757
0 0.33255207538604736 0.664814829826355 0.02760416641831398 0.06851851940155029
0 0.6794270873069763 0.5259259343147278 0.02864583395421505 0.0833333358168602
0 0.4921875 0.8185185194015503 0.03020833246409893 0.07037036865949631
0 0.3539062440395355 0.8055555820465088 0.02968749962747097 0.046296294778585434
0 0.44088542461395264 0.36064815521240234 0.03072916716337204 0.07870370149612427
0 0.30546873807907104 0.6115740537643433 0.03489583358168602 0.05833333358168602
0 0.3453125059604645 0.39907407760620117 0.02916666679084301 0.08703703433275223
0 0.4338541626930237 0.8435184955596924 0.05104166641831398 0.06666667014360428
0 0.5606771111488342 0.1865740716457367 0.04322916641831398 0.06759259104728699
0 0.4776041805744171 0.6087962985038757 0.05312500149011612 0.06203703582286835
0 0.6174479126930237 0.35879629850387573 0.04843749850988388 0.07685185223817825