0 0.5934895873069763 0.8458333611488342 0.0234375 0.05462963134050369
1 0.30026042461395264 0.38425925374031067 0.01718750037252903 0.025925925001502037
1 0.5309895873069763 0.15000000596046448 0.01718750037252903 0.031481482088565826
1 0.539843738079071 0.9013888835906982 0.01406249962747097 0.028703704476356506
1 0.36406248807907104 0.3787037134170532 0.01666666753590107 0.024074073880910873
3 0.3697916567325592 0.37546294927597046 0.03437500074505806 0.1398148089647293
0 0.3734374940395355 0.34398147463798523 0.02604166604578495 0.08055555820465088
0 0.3656249940395355 0.41111111640930176 0.02708333358168602 0.0833333358168602
1 0.51953125 0.1476851850748062 0.01614583283662796 0.028703704476356506
1 0.39114582538604736 0.43796294927597046 0.01770833320915699 0.031481482088565826
1 0.32604166865348816 0.4504629671573639 0.01979166641831398 0.026851851493120193
1 0.44713541865348816 0.427314817905426 0.01718750037252903 0.028703704476356506
1 0.6781250238418579 0.5703703761100769 0.02083333395421505 0.031481482088565826
1 0.2867187559604645 0.5486111044883728 0.01822916604578495 0.03055555559694767
1 0.4299479126930237 0.24629630148410797 0.01822916604578495 0.03333333507180214
1 0.41588541865348816 0.1745370328426361 0.01822916604578495 0.03055555559694767
0 0.39895832538604736 0.4166666567325592 0.03333333507180214 0.08518518507480621
0 0.50390625 0.13611111044883728 0.04218750074505806 0.04814814776182175
0 0.5473958253860474 0.1546296328306198 0.04062499850988388 0.04814814776182175
0 0.3291666805744171 0.42407408356666565 0.03229166567325592 0.0833333358168602
0 0.2942708432674408 0.41203704476356506 0.03125 0.07592592388391495
0 0.30390626192092896 0.34490740299224854 0.02864583395421505 0.05648148059844971
0 0.28203123807907104 0.5240740776062012 0.0338541679084301 0.09074074029922485
0 0.4494791626930237 0.39907407760620117 0.03229166567325592 0.0962962955236435
0 0.41588541865348816 0.2569444477558136 0.04635416716337204 0.06388889253139496
0 0.4247395694255829 0.16018518805503845 0.03802083432674408 0.06296296417713165
0 0.6731770634651184 0.5981481671333313 0.03593749925494194 0.0962962955236435