0 0.38463541865348816 0.800000011920929 0.0546875 0.07592592388391495
0 0.49557292461395264 0.8263888955116272 0.0338541679084301 0.03611111268401146
1 0.3127604126930237 0.41898149251937866 0.01718750037252903 0.02500000037252903
0 0.45651042461395264 0.8361111283302307 0.02552083320915699 0.029629629105329514
0 0.524218738079071 0.7675926089286804 0.02864583395421505 0.05740740895271301
1 0.5375000238418579 0.17638888955116272 0.015625 0.028703704476356506
1 0.51171875 0.2212962955236435 0.01822916604578495 0.029629629105329514
0 0.39531248807907104 0.8125 0.03437500074505806 0.0416666679084301
1 0.5835937261581421 0.35092592239379883 0.01822916604578495 0.029629629105329514
1 0.3023437559604645 0.37268519401550293 0.01718750037252903 0.02500000037252903
0 0.4984374940395355 0.20787036418914795 0.03958333283662796 0.05277777835726738
0 0.5497395992279053 0.19027778506278992 0.03697916492819786 0.05648148059844971
3 0.5247395634651184 0.7856481671333313 0.0338541679084301 0.09537036716938019
0 0.3088541626930237 0.4055555462837219 0.03020833246409893 0.05925925821065903
3 0.38463541865348816 0.7995370626449585 0.05572916567325592 0.07685185223817825
1 0.48880207538604736 0.1518518477678299 0.015104166232049465 0.029629629105329514
0 0.5786458253860474 0.364814817905426 0.03020833246409893 0.07962962985038757
0 0.3044270873069763 0.35277777910232544 0.02656250074505806 0.06666667014360428
0 0.5023437738418579 0.15416666865348816 0.0390625 0.043518517166376114
0 0.5716145634651184 0.802314817905426 0.03489583358168602 0.06018518656492233