1 0.33281248807907104 0.34583333134651184 0.02083333395421505 0.026851851493120193
1 0.3375000059604645 0.33888888359069824 0.01770833320915699 0.02777777798473835
1 0.5541666746139526 0.1578703671693802 0.01666666753590107 0.03055555559694767
3 0.328125 0.3958333432674408 0.06458333134651184 0.07500000298023224
1 0.7015625238418579 0.5189814567565918 0.01770833320915699 0.02500000037252903
1 0.6700521111488342 0.6495370268821716 0.01927083358168602 0.032407406717538834
0 0.3440104126930237 0.31712964177131653 0.03281249850988388 0.07500000298023224
1 0.32213541865348816 0.37453705072402954 0.01614583283662796 0.028703704476356506
1 0.5567708611488342 0.3412036895751953 0.01770833320915699 0.026851851493120193
1 0.5375000238418579 0.7481481432914734 0.01770833320915699 0.029629629105329514
1 0.6864583492279053 0.625 0.01770833320915699 0.025925925001502037
1 0.6145833134651184 0.779629647731781 0.015625 0.029629629105329514
0 0.30859375 0.40138888359069824 0.02864583395421505 0.07129629701375961
0 0.34036457538604736 0.38333332538604736 0.04114583507180214 0.04814814776182175
3 0.34427082538604736 0.2986111044883728 0.03854166716337204 0.10462962836027145
0 0.6903645992279053 0.6004629731178284 0.02864583395421505 0.07500000298023224
0 0.35468751192092896 0.24722221493721008 0.02500000037252903 0.051851850003004074
0 0.6611979007720947 0.6768518686294556 0.03697916492819786 0.08148147910833359
0 0.6263020634651184 0.772685170173645 0.04114583507180214 0.05833333358168602
0 0.7018229365348816 0.4930555522441864 0.03177083283662796 0.08425925672054291
0 0.563281238079071 0.3611111044883728 0.03177083283662796 0.09259258955717087
0 0.5294271111488342 0.7662037014961243 0.04114583507180214 0.08425925672054291
0 0.5497395992279053 0.1518518477678299 0.03281249850988388 0.05740740895271301