1 0.42526042461395264 0.23148147761821747 0.01927083358168602 0.02777777798473835
1 0.31953126192092896 0.6837962865829468 0.01718750037252903 0.02500000037252903
1 0.5411458611488342 0.5578703880310059 0.015625 0.026851851493120193
1 0.6229166388511658 0.5166666507720947 0.015625 0.025925925001502037
1 0.43307292461395264 0.3185185194015503 0.01822916604578495 0.024074073880910873
1 0.4950520694255829 0.1805555522441864 0.01927083358168602 0.029629629105329514
1 0.3388020694255829 0.6518518328666687 0.01614583283662796 0.02777777798473835
1 0.6151041388511658 0.7518518567085266 0.01666666753590107 0.02777777798473835
1 0.36666667461395264 0.7800925970077515 0.01666666753590107 0.02500000037252903
1 0.3515625 0.2430555522441864 0.01666666753590107 0.026851851493120193
1 0.43359375 0.7115740776062012 0.01406249962747097 0.026851851493120193
0 0.4361979067325592 0.3402777910232544 0.02864583395421505 0.07314814627170563
0 0.3200520873069763 0.6962962746620178 0.03072916716337204 0.06481481343507767
0 0.4270833432674408 0.2537037134170532 0.02395833283662796 0.06851851940155029
0 0.6244791746139526 0.4902777671813965 0.03333333507180214 0.08981481194496155
0 0.5296875238418579 0.5439814925193787 0.04583333432674408 0.06759259104728699
0 0.34817707538604736 0.6666666865348816 0.03593749925494194 0.07222222536802292
0 0.608593761920929 0.7685185074806213 0.03593749925494194 0.06481481343507767
0 0.47343748807907104 0.6092592477798462 0.03125 0.07592592388391495
0 0.49036458134651184 0.19953703880310059 0.02864583395421505 0.06388889253139496
0 0.35859376192092896 0.2300925999879837 0.03489583358168602 0.05462963134050369
0 0.44479167461395264 0.7259259223937988 0.04062499850988388 0.06481481343507767
0 0.3739583194255829 0.7939814925193787 0.03958333283662796 0.0694444477558136