0 0.6039062738418579 0.26620370149612427 0.03072916716337204 0.06759259104728699
1 0.375 0.7810184955596924 0.01979166641831398 0.026851851493120193
1 0.3296875059604645 0.7157407402992249 0.015625 0.02222222276031971
1 0.6122395992279053 0.2874999940395355 0.015104166232049465 0.02500000037252903
3 0.61328125 0.26157405972480774 0.04843749850988388 0.07870370149612427
1 0.5427083373069763 0.5319444537162781 0.014583333395421505 0.028703704476356506
1 0.6166666746139526 0.519444465637207 0.01666666753590107 0.02777777798473835
1 0.44322916865348816 0.4703703820705414 0.01770833320915699 0.031481482088565826
1 0.6182291507720947 0.5592592358589172 0.014583333395421505 0.02777777798473835
1 0.2893229126930237 0.5606481432914734 0.01614583283662796 0.028703704476356506
1 0.4971354305744171 0.2597222328186035 0.01614583283662796 0.03055555559694767
0 0.624218761920929 0.25138887763023376 0.03177083283662796 0.04537037014961243
1 0.34036457538604736 0.6296296119689941 0.01614583283662796 0.02777777798473835
1 0.3570312559604645 0.2750000059604645 0.015104166232049465 0.031481482088565826
0 0.4351562559604645 0.46666666865348816 0.04218750074505806 0.06296296417713165
0 0.6226562261581421 0.5018518567085266 0.03177083283662796 0.08148147910833359
0 0.6028645634651184 0.5620370507240295 0.04531250149011612 0.04259259253740311
0 0.35078126192092896 0.6425926089286804 0.04010416567325592 0.07222222536802292
0 0.534375011920929 0.5157407522201538 0.03854166716337204 0.07037036865949631
0 0.37291666865348816 0.26851850748062134 0.04791666567325592 0.05740740895271301
0 0.375 0.7953703999519348 0.03437500074505806 0.07037036865949631
0 0.3333333432674408 0.7319444417953491 0.03229166567325592 0.06388889253139496
0 0.48619791865348816 0.2490740716457367 0.04322916641831398 0.06111111119389534
0 0.29739582538604736 0.5490740537643433 0.0416666679084301 0.07222222536802292