0 0.4870370328426361 0.2794811427593231 0.051851850003004074 0.06367924809455872
0 0.35185185074806213 0.28026729822158813 0.046296294778585434 0.03537735715508461
4 0.2708333432674408 0.2932389974594116 0.08796296268701553 0.0487421378493309
0 0.494907408952713 0.2641509473323822 0.034259259700775146 0.033018868416547775
0 0.2787036895751953 0.2916666567325592 0.07592592388391495 0.04559748247265816
0 0.31481480598449707 0.22484277188777924 0.03333333507180214 0.02987421303987503
0 0.43703705072402954 0.25432389974594116 0.0833333358168602 0.038522012531757355
3 0.33796295523643494 0.3349056541919708 0.06111111119389534 0.06446541100740433
3 0.4773148000240326 0.21698112785816193 0.08796296268701553 0.05188679322600365
3 0.7629629373550415 0.5554245114326477 0.04814814776182175 0.07940251380205154
1 0.1180555522441864 0.46816039085388184 0.028703704476356506 0.021226415410637856
1 0.35740742087364197 0.2841981053352356 0.02777777798473835 0.021226415410637856
3 0.3273148238658905 0.2496069222688675 0.07870370149612427 0.08883647620677948
1 0.7407407164573669 0.5283018946647644 0.03333333507180214 0.022012578323483467
0 0.33796295523643494 0.3352987468242645 0.05925925821065903 0.057389937341213226
1 0.7810184955596924 0.6139937043190002 0.037962961941957474 0.028301887214183807
1 0.07314814627170563 0.4449685513973236 0.031481482088565826 0.02358490601181984
1 0.4962962865829468 0.2570754587650299 0.02777777798473835 0.01886792480945587
1 0.46666666865348816 0.25943395495414734 0.029629629105329514 0.020440252497792244
3 0.4819444417953491 0.2786949574947357 0.06388889253139496 0.07311321049928665
1 0.7615740895271301 0.5829402804374695 0.034259259700775146 0.021226415410637856
1 0.3462963104248047 0.31485849618911743 0.031481482088565826 0.019654087722301483
1 0.3162037134170532 0.2216981202363968 0.034259259700775146 0.02358490601181984
1 0.44999998807907104 0.20518867671489716 0.035185184329748154 0.026729559525847435
1 0.30601853132247925 0.2790880501270294 0.026851851493120193 0.020440252497792244
0 0.7643518447875977 0.5652515888214111 0.0416666679084301 0.05974842607975006
0 0.7513889074325562 0.6167452931404114 0.09351851791143417 0.038522012531757355
1 0.4124999940395355 0.5554245114326477 0.028703704476356506 0.025943396613001823
1 0.5870370268821716 0.31014150381088257 0.031481482088565826 0.02437106892466545
1 0.15000000596046448 0.5086477994918823 0.03333333507180214 0.028301887214183807
0 0.47685185074806213 0.21698112785816193 0.09074074029922485 0.050314463675022125
1 0.3166666626930237 0.5117924809455872 0.03703703731298447 0.028301887214183807
1 0.10277777910232544 0.29559749364852905 0.031481482088565826 0.026729559525847435
0 0.2282407432794571 0.3765723407268524 0.07685185223817825 0.04559748247265816
0 0.6101852059364319 0.33097484707832336 0.07962962985038757 0.069182388484478
0 0.380092591047287 0.5628930926322937 0.09351851791143417 0.05345911905169487
0 0.3064814805984497 0.4874213933944702 0.06666667014360428 0.07547169923782349
0 0.07916666567325592 0.428459107875824 0.06018518656492233 0.069182388484478
0 0.13750000298023224 0.48860064148902893 0.06203703582286835 0.06839622557163239
0 0.11574073880910873 0.3058176040649414 0.06851851940155029 0.05817610025405884