1 0.322685182094574 0.46226415038108826 0.028703704476356506 0.02358490601181984
3 0.24629630148410797 0.2841981053352356 0.07222222536802292 0.04009433835744858
1 0.6740740537643433 0.5648584961891174 0.02777777798473835 0.02437106892466545
0 0.4078703820705414 0.2704402506351471 0.05277777835726738 0.033018868416547775
3 0.2967592477798462 0.30149370431900024 0.08796296268701553 0.055817611515522
0 0.6384259462356567 0.5664308071136475 0.0694444477558136 0.032232705503702164
0 0.28009259700775146 0.4646226465702057 0.06388889253139496 0.03773584961891174
3 0.380092591047287 0.2900943458080292 0.07685185223817825 0.07232704758644104
1 0.27037036418914795 0.28773584961891174 0.029629629105329514 0.02358490601181984
0 0.24722221493721008 0.2853773534297943 0.07592592388391495 0.04245283082127571
1 0.26944443583488464 0.4013364911079407 0.02777777798473835 0.019654087722301483
0 0.3087962865829468 0.3054245412349701 0.06388889253139496 0.04795597493648529
1 0.4254629611968994 0.2720125913619995 0.026851851493120193 0.022012578323483467
1 0.7361111044883728 0.5530660152435303 0.029629629105329514 0.02279874123632908
1 0.3652777671813965 0.26179245114326477 0.03055555559694767 0.022012578323483467
1 0.46759259700775146 0.2900943458080292 0.031481482088565826 0.022012578323483467
1 0.6953703761100769 0.28812894225120544 0.029629629105329514 0.021226415410637856
1 0.15740740299224854 0.311713844537735 0.031481482088565826 0.025943396613001823
0 0.2837963104248047 0.3950471580028534 0.06759259104728699 0.038522012531757355
1 0.260185182094574 0.4736635088920593 0.02777777798473835 0.021226415410637856
1 0.1597222238779068 0.4021226465702057 0.02500000037252903 0.019654087722301483
1 0.32685184478759766 0.2971698045730591 0.02222222276031971 0.020440252497792244
1 0.3263888955116272 0.2897012531757355 0.02500000037252903 0.01808176189661026
1 0.1259259283542633 0.4599056541919708 0.031481482088565826 0.022012578323483467
0 0.36944442987442017 0.2916666567325592 0.04814814776182175 0.06761006265878677
1 0.20972222089767456 0.20990565419197083 0.032407406717538834 0.022012578323483467
1 0.19953703880310059 0.5172955989837646 0.032407406717538834 0.022012578323483467
1 0.5254629850387573 0.31643080711364746 0.032407406717538834 0.02279874123632908
0 0.6791666746139526 0.31053459644317627 0.06759259104728699 0.069182388484478
0 0.7138888835906982 0.5652515888214111 0.07037036865949631 0.04716981202363968
0 0.2074074000120163 0.2299528270959854 0.04444444552063942 0.06367924809455872
0 0.5356481671333313 0.2908805012702942 0.05833333358168602 0.07232704758644104
0 0.46574074029922485 0.2712264060974121 0.046296294778585434 0.07075471431016922
0 0.19166666269302368 0.4944968521595001 0.04814814776182175 0.07075471431016922
0 0.14027777314186096 0.38600629568099976 0.07129629701375961 0.05974842607975006
0 0.16805554926395416 0.32429245114326477 0.0694444477558136 0.055817611515522
0 0.13425925374031067 0.4461477994918823 0.05370370298624039 0.05424528196454048