1 0.578906238079071 0.7958333492279053 0.01614583283662796 0.028703704476356506
3 0.5721353888511658 0.8208333253860474 0.0546875 0.09537036716938019
1 0.52734375 0.842129647731781 0.02031249925494194 0.03055555559694767
0 0.4976562559604645 0.8694444298744202 0.02968749962747097 0.04444444552063942
0 0.5455729365348816 0.8574073910713196 0.0338541679084301 0.04444444552063942
1 0.39114582538604736 0.3837963044643402 0.015625 0.02500000037252903
1 0.6401041746139526 0.7356481552124023 0.01666666753590107 0.026851851493120193
1 0.48619791865348816 0.7870370149612427 0.01197916641831398 0.029629629105329514
1 0.5544270873069763 0.7421296238899231 0.01614583283662796 0.023148147389292717
1 0.6302083134651184 0.5745370388031006 0.01875000074505806 0.02500000037252903
1 0.44869792461395264 0.22175925970077515 0.01927083358168602 0.028703704476356506
0 0.5531250238418579 0.7592592835426331 0.02500000037252903 0.07037036865949631
1 0.44140625 0.8652777671813965 0.01614583283662796 0.034259259700775146
0 0.4151041805744171 0.3777777850627899 0.02916666679084301 0.05740740895271301
0 0.3828125 0.4018518626689911 0.03229166567325592 0.07037036865949631
0 0.6333333253860474 0.7486110925674438 0.03333333507180214 0.06018518656492233
0 0.6312500238418579 0.6009259223937988 0.03020833246409893 0.08148147910833359
0 0.4260416626930237 0.8560185432434082 0.0520833320915699 0.07129629701375961
0 0.37187498807907104 0.2240740805864334 0.03437500074505806 0.06111111119389534
0 0.4489583373069763 0.19953703880310059 0.03020833246409893 0.07500000298023224
0 0.4749999940395355 0.7902777791023254 0.04062499850988388 0.06203703582286835