0 0.5341145992279053 0.875 0.01927083358168602 0.02777777798473835
1 0.44218748807907104 0.855555534362793 0.02187499962747097 0.029629629105329514
1 0.49531251192092896 0.8416666388511658 0.014583333395421505 0.02777777798473835
1 0.5333333611488342 0.875 0.01666666753590107 0.025925925001502037
1 0.3278645873069763 0.7291666865348816 0.015104166232049465 0.02500000037252903
1 0.6895833611488342 0.3523148000240326 0.01875000074505806 0.026851851493120193
0 0.4713541567325592 0.8791666626930237 0.02812499925494194 0.0416666679084301
1 0.4338541626930237 0.8574073910713196 0.015625 0.029629629105329514
0 0.4104166626930237 0.8462963104248047 0.03020833246409893 0.04814814776182175
1 0.6088541746139526 0.5629629492759705 0.01666666753590107 0.025925925001502037
1 0.39531248807907104 0.3314814865589142 0.01666666753590107 0.02777777798473835
1 0.4046874940395355 0.1935185194015503 0.01770833320915699 0.029629629105329514
1 0.47838541865348816 0.4157407283782959 0.01614583283662796 0.031481482088565826
1 0.60546875 0.6166666746139526 0.01614583283662796 0.02222222276031971
0 0.44088542461395264 0.8791666626930237 0.02552083320915699 0.07129629701375961
1 0.37942707538604736 0.29398149251937866 0.015104166232049465 0.03055555559694767
1 0.508593738079071 0.13611111044883728 0.015104166232049465 0.025925925001502037
1 0.40572917461395264 0.8388888835906982 0.01770833320915699 0.02777777798473835
1 0.39661458134651184 0.6370370388031006 0.01614583283662796 0.02777777798473835
1 0.5098958611488342 0.4226851761341095 0.015625 0.026851851493120193
0 0.3942708373069763 0.20972222089767456 0.0364583320915699 0.07500000298023224
0 0.692187488079071 0.36574074625968933 0.03125 0.07962962985038757
0 0.6044270992279053 0.542129635810852 0.03802083432674408 0.08796296268701553
0 0.36770832538604736 0.3064814805984497 0.03854166716337204 0.06296296417713165
0 0.32421875 0.7134259343147278 0.03072916716337204 0.07129629701375961
0 0.4046874940395355 0.31296294927597046 0.03125 0.07407407462596893
0 0.6091145873069763 0.6425926089286804 0.0338541679084301 0.08703703433275223
0 0.3942708373069763 0.6152777671813965 0.03437500074505806 0.09537036716938019
0 0.5072916746139526 0.40046295523643494 0.03125 0.0824074074625969
0 0.46666666865348816 0.4337962865829468 0.03854166716337204 0.07129629701375961
0 0.5197916626930237 0.13333334028720856 0.04062499850988388 0.06296296417713165