1 0.41093748807907104 0.7166666388511658 0.01666666753590107 0.02777777798473835
1 0.6713541746139526 0.6782407164573669 0.01770833320915699 0.02500000037252903
1 0.46041667461395264 0.31805557012557983 0.01770833320915699 0.03055555559694767
1 0.43281251192092896 0.657870352268219 0.01770833320915699 0.026851851493120193
1 0.6354166865348816 0.3523148000240326 0.01666666753590107 0.026851851493120193
1 0.3697916567325592 0.6851851940155029 0.015625 0.029629629105329514
1 0.518750011920929 0.6837962865829468 0.01666666753590107 0.026851851493120193
1 0.58984375 0.18611110746860504 0.01614583283662796 0.02777777798473835
1 0.3682291805744171 0.5699074268341064 0.01979166641831398 0.028703704476356506
1 0.6994791626930237 0.42314815521240234 0.01875000074505806 0.02777777798473835
0 0.7026041746139526 0.44490739703178406 0.02812499925494194 0.08055555820465088
1 0.3440104126930237 0.7074074149131775 0.01822916604578495 0.02777777798473835
0 0.6656249761581421 0.697685182094574 0.03125 0.0694444477558136
0 0.42890626192092896 0.677314817905426 0.03072916716337204 0.06759259104728699
0 0.34765625 0.7254629731178284 0.03177083283662796 0.06203703582286835
0 0.4533854126930237 0.3361110985279083 0.03489583358168602 0.08518518507480621
0 0.5132812261581421 0.7064814567565918 0.03489583358168602 0.08518518507480621
0 0.6309896111488342 0.32592591643333435 0.03072916716337204 0.09259258955717087
0 0.6619791388511658 0.2726851999759674 0.03333333507180214 0.06018518656492233
0 0.4010416567325592 0.7347221970558167 0.03437500074505806 0.05833333358168602
0 0.38229167461395264 0.6740740537643433 0.04062499850988388 0.046296294778585434
0 0.3695312440395355 0.5444444417953491 0.0338541679084301 0.09814814478158951
0 0.577343761920929 0.17314815521240234 0.04114583507180214 0.06111111119389534