3 0.635937511920929 0.7481481432914734 0.03125 0.06851851940155029
1 0.653124988079071 0.6587963104248047 0.015625 0.028703704476356506
1 0.6395833492279053 0.7310185432434082 0.015625 0.023148147389292717
0 0.604687511920929 0.7111111283302307 0.03958333283662796 0.046296294778585434
0 0.40182292461395264 0.20185184478759766 0.04114583507180214 0.06481481343507767
1 0.3916666805744171 0.2152777761220932 0.015625 0.026851851493120193
1 0.5843750238418579 0.7597222328186035 0.014583333395421505 0.026851851493120193
1 0.5921875238418579 0.7097222208976746 0.014583333395421505 0.02500000037252903
1 0.33281248807907104 0.4782407283782959 0.01979166641831398 0.026851851493120193
0 0.635937511920929 0.7481481432914734 0.03229166567325592 0.07037036865949631
1 0.65234375 0.4157407283782959 0.01927083358168602 0.029629629105329514
1 0.5729166865348816 0.4365740716457367 0.01875000074505806 0.03055555559694767
1 0.29895833134651184 0.37731480598449707 0.01770833320915699 0.028703704476356506
1 0.42395833134651184 0.28796297311782837 0.01979166641831398 0.031481482088565826
1 0.3736979067325592 0.3828703761100769 0.01927083358168602 0.028703704476356506
1 0.6372395753860474 0.5935184955596924 0.01927083358168602 0.025925925001502037
1 0.5526041388511658 0.18796296417713165 0.01666666753590107 0.02777777798473835
0 0.5385416746139526 0.17592592537403107 0.04374999925494194 0.0555555559694767
0 0.2942708432674408 0.39537036418914795 0.03020833246409893 0.07407407462596893
0 0.5705729126930237 0.7495370507240295 0.04322916641831398 0.05092592537403107
0 0.6421874761581421 0.43287035822868347 0.03854166716337204 0.0694444477558136
0 0.3335937559604645 0.5069444179534912 0.03281249850988388 0.08796296268701553
0 0.5838541388511658 0.42222222685813904 0.0416666679084301 0.06296296417713165
0 0.4182291626930237 0.3092592656612396 0.03229166567325592 0.07407407462596893
0 0.6395833492279053 0.5694444179534912 0.03020833246409893 0.09259258955717087
0 0.3700520694255829 0.35555556416511536 0.03177083283662796 0.08888889104127884
0 0.6614583134651184 0.6597222089767456 0.03750000149011612 0.05833333358168602