1 0.6463541388511658 0.7157407402992249 0.014583333395421505 0.025925925001502037
1 0.2906250059604645 0.5967592597007751 0.01875000074505806 0.028703704476356506
1 0.6664062738418579 0.6504629850387573 0.015104166232049465 0.026851851493120193
1 0.6117187738418579 0.4296296238899231 0.01718750037252903 0.025925925001502037
1 0.37682291865348816 0.36666667461395264 0.01927083358168602 0.029629629105329514
1 0.6510416865348816 0.4157407283782959 0.01666666753590107 0.02777777798473835
1 0.5411458611488342 0.4546296298503876 0.015625 0.029629629105329514
1 0.6161458492279053 0.7754629850387573 0.01354166679084301 0.02500000037252903
1 0.39244791865348816 0.2101851850748062 0.01718750037252903 0.031481482088565826
1 0.3122395873069763 0.6884258985519409 0.01718750037252903 0.023148147389292717
1 0.33281248807907104 0.4773148000240326 0.02083333395421505 0.026851851493120193
0 0.6729166507720947 0.6342592835426331 0.03020833246409893 0.07407407462596893
1 0.5192708373069763 0.16620370745658875 0.015625 0.034259259700775146
0 0.40416666865348816 0.1953703761100769 0.04062499850988388 0.06296296417713165
0 0.65234375 0.7097222208976746 0.02968749962747097 0.05462963134050369
0 0.6651041507720947 0.36851853132247925 0.02812499925494194 0.05370370298624039
0 0.6432291865348816 0.4337962865829468 0.03229166567325592 0.07129629701375961
0 0.29114583134651184 0.6180555820465088 0.02916666679084301 0.07870370149612427
0 0.3356770873069763 0.5069444179534912 0.03177083283662796 0.08796296268701553
0 0.3153645694255829 0.7083333134651184 0.02864583395421505 0.07037036865949631
0 0.508593738079071 0.1606481522321701 0.04114583507180214 0.06203703582286835
0 0.555468738079071 0.45879629254341125 0.04739583283662796 0.06388889253139496
0 0.6106770634651184 0.4009259343147278 0.02447916753590107 0.0833333358168602
0 0.3747395873069763 0.33981481194496155 0.02968749962747097 0.09444444626569748
0 0.6252604126930237 0.7749999761581421 0.03177083283662796 0.05740740895271301