3 0.5062500238418579 0.7560185194015503 0.046875 0.05092592537403107
1 0.5236979126930237 0.6939814686775208 0.01718750037252903 0.026851851493120193
1 0.45390623807907104 0.4287036955356598 0.01614583283662796 0.029629629105329514
1 0.612500011920929 0.23796296119689941 0.014583333395421505 0.02777777798473835
1 0.5057291388511658 0.29814815521240234 0.01666666753590107 0.02777777798473835
0 0.5260416865348816 0.75 0.02708333358168602 0.05370370298624039
0 0.5091145634651184 0.6898148059844971 0.04635416716337204 0.04259259253740311
1 0.5888020992279053 0.6569444537162781 0.01406249962747097 0.03055555559694767
1 0.3895833194255829 0.8050925731658936 0.012500000186264515 0.023148147389292717
1 0.5111979246139526 0.19814814627170563 0.01406249962747097 0.02777777798473835
0 0.500781238079071 0.7615740895271301 0.0338541679084301 0.043518517166376114
0 0.5369791388511658 0.802314817905426 0.02604166604578495 0.05648148059844971
3 0.530468761920929 0.7754629850387573 0.03697916492819786 0.10462962836027145
0 0.49817708134651184 0.317592591047287 0.03593749925494194 0.07962962985038757
0 0.45703125 0.4472222328186035 0.02968749962747097 0.08888889104127884
0 0.602343738079071 0.6499999761581421 0.04739583283662796 0.06111111119389534
0 0.4997395873069763 0.18472221493721008 0.04218750074505806 0.06574074178934097
0 0.3817708194255829 0.7976852059364319 0.03541666641831398 0.06574074178934097
0 0.6208333373069763 0.24675926566123962 0.03750000149011612 0.06574074178934097