1 0.4976562559604645 0.8893518447875977 0.0234375 0.034259259700775146
1 0.4013020694255829 0.7546296119689941 0.01927083358168602 0.03333333507180214
1 0.04348958283662796 0.2967592477798462 0.01718750037252903 0.026851851493120193
1 0.015104166232049465 0.5263888835906982 0.01770833320915699 0.028703704476356506
1 0.67578125 0.543055534362793 0.01927083358168602 0.026851851493120193
1 0.5296875238418579 0.6898148059844971 0.01666666753590107 0.03333333507180214
1 0.04583333432674408 0.38425925374031067 0.01770833320915699 0.02777777798473835
1 0.5989583134651184 0.3907407522201538 0.014583333395421505 0.025925925001502037
0 0.4976562559604645 0.8958333134651184 0.02552083320915699 0.05462963134050369
0 0.014583333395421505 0.1893518567085266 0.02812499925494194 0.037962961941957474
1 0.7330729365348816 0.47083333134651184 0.02031249925494194 0.026851851493120193
1 0.635937511920929 0.3282407522201538 0.01770833320915699 0.032407406717538834
1 0.03541666641831398 0.22962963581085205 0.012500000186264515 0.02222222276031971
0 0.04505208507180214 0.37268519401550293 0.02656250074505806 0.07685185223817825
0 0.6734374761581421 0.7986111044883728 0.0364583320915699 0.08425925672054291
0 0.3919270932674408 0.7634259462356567 0.04531250149011612 0.05648148059844971
0 0.34947916865348816 0.727314829826355 0.02812499925494194 0.0694444477558136
0 0.5927083492279053 0.41018518805503845 0.03125 0.07407407462596893
0 0.01406249962747097 0.5083333253860474 0.02708333358168602 0.07962962985038757
0 0.5213541388511658 0.7060185074806213 0.03437500074505806 0.07314814627170563
0 0.40442708134651184 0.8138889074325562 0.0442708320915699 0.05370370298624039
0 0.04088541492819786 0.3152777850627899 0.02656250074505806 0.07129629701375961
0 0.6244791746139526 0.33564814925193787 0.04062499850988388 0.05648148059844971
0 0.03098958358168602 0.2430555522441864 0.02968749962747097 0.05648148059844971
0 0.6799479126930237 0.5671296119689941 0.0338541679084301 0.08796296268701553
0 0.7317708134651184 0.44398146867752075 0.03229166567325592 0.08981481194496155