1 0.4997395873069763 0.4851851761341095 0.015104166232049465 0.02222222276031971
1 0.3960937559604645 0.27037036418914795 0.01718750037252903 0.029629629105329514
1 0.32994791865348816 0.30601853132247925 0.01614583283662796 0.023148147389292717
1 0.4742187559604645 0.16805554926395416 0.01614583283662796 0.028703704476356506
1 0.5135416388511658 0.4810185134410858 0.01770833320915699 0.02500000037252903
1 0.5723958611488342 0.25555557012557983 0.02083333395421505 0.031481482088565826
1 0.2958333194255829 0.6277777552604675 0.01770833320915699 0.025925925001502037
1 0.5861979126930237 0.5680555701255798 0.01718750037252903 0.032407406717538834
1 0.504687488079071 0.3671296238899231 0.01875000074505806 0.03055555559694767
1 0.43411457538604736 0.7504629492759705 0.01927083358168602 0.028703704476356506
1 0.3515625 0.7814815044403076 0.015625 0.025925925001502037
1 0.6265624761581421 0.28148147463798523 0.015625 0.02777777798473835
0 0.5028645992279053 0.16435185074806213 0.03489583358168602 0.037962961941957474
0 0.3348958194255829 0.2856481373310089 0.02812499925494194 0.06759259104728699
0 0.38723957538604736 0.2907407283782959 0.03177083283662796 0.07037036865949631
0 0.4872395694255829 0.510185182094574 0.0338541679084301 0.06111111119389534
0 0.5192708373069763 0.4546296298503876 0.02812499925494194 0.08148147910833359
0 0.29765623807907104 0.6518518328666687 0.02760416641831398 0.0833333358168602
0 0.4945312440395355 0.34861111640930176 0.04218750074505806 0.07314814627170563
0 0.4361979067325592 0.7268518805503845 0.03177083283662796 0.08518518507480621
0 0.5744791626930237 0.2291666716337204 0.02812499925494194 0.08796296268701553
0 0.36015623807907104 0.7986111044883728 0.04010416567325592 0.07129629701375961
0 0.598437488079071 0.5814814567565918 0.04895833507180214 0.06111111119389534
0 0.46015626192092896 0.18611110746860504 0.04010416567325592 0.05000000074505806
0 0.6377604007720947 0.2888889014720917 0.03802083432674408 0.06666667014360428