1 0.4755208194255829 0.8634259104728699 0.01145833358168602 0.02500000037252903
0 0.2776041626930237 0.5324074029922485 0.02812499925494194 0.05370370298624039
1 0.40572917461395264 0.8087962865829468 0.01666666753590107 0.02500000037252903
1 0.5546875 0.8296296000480652 0.02083333395421505 0.031481482088565826
1 0.524218738079071 0.3768518567085266 0.01614583283662796 0.025925925001502037
1 0.27656251192092896 0.5388888716697693 0.01666666753590107 0.025925925001502037
0 0.5447916388511658 0.8458333611488342 0.03437500074505806 0.049074072390794754
1 0.508593738079071 0.8611111044883728 0.01822916604578495 0.02777777798473835
1 0.4515624940395355 0.3513889014720917 0.015625 0.03055555559694767
1 0.3382812440395355 0.3921296298503876 0.01718750037252903 0.02500000037252903
1 0.4033854305744171 0.8018518686294556 0.01614583283662796 0.024074073880910873
1 0.6244791746139526 0.6333333253860474 0.01666666753590107 0.029629629105329514
0 0.2783854305744171 0.5004629492759705 0.03177083283662796 0.10833333432674408
1 0.6015625 0.41527777910232544 0.014583333395421505 0.03055555559694767
0 0.4971354305744171 0.8666666746139526 0.0390625 0.040740739554166794
1 0.43151041865348816 0.8180555701255798 0.01718750037252903 0.02500000037252903
1 0.4598958194255829 0.7384259104728699 0.014583333395421505 0.02500000037252903
0 0.4216145873069763 0.8287037014961243 0.04114583507180214 0.0555555559694767
0 0.4078125059604645 0.7842592597007751 0.03333333507180214 0.06296296417713165
0 0.4411458373069763 0.364814817905426 0.03854166716337204 0.07962962985038757
0 0.34453123807907104 0.40416666865348816 0.0390625 0.07500000298023224
0 0.5252603888511658 0.35555556416511536 0.03281249850988388 0.09074074029922485
0 0.532031238079071 0.24120371043682098 0.04218750074505806 0.05648148059844971
0 0.46822917461395264 0.7291666865348816 0.04062499850988388 0.06203703582286835
0 0.6338541507720947 0.645370364189148 0.04583333432674408 0.07407407462596893
0 0.5885416865348816 0.41898149251937866 0.05104166641831398 0.06759259104728699