0 0.22638888657093048 0.5011792182922363 0.04537037014961243 0.03694968670606613
3 0.6129629611968994 0.40055030584335327 0.0555555559694767 0.07468553632497787
0 0.6472222208976746 0.3180031478404999 0.046296294778585434 0.03066037781536579
3 0.32685184478759766 0.31446540355682373 0.04444444552063942 0.069182388484478
0 0.32777777314186096 0.3140723407268524 0.04444444552063942 0.07154087722301483
1 0.5888888835906982 0.3113207519054413 0.031481482088565826 0.02358490601181984
0 0.6134259104728699 0.40015724301338196 0.05462963134050369 0.07547169923782349
0 0.6300926208496094 0.32193395495414734 0.07870370149612427 0.04009433835744858
1 0.18703703582286835 0.44811320304870605 0.02777777798473835 0.02358490601181984
1 0.2509259283542633 0.5283018946647644 0.031481482088565826 0.02358490601181984
1 0.3236111104488373 0.2625786066055298 0.02500000037252903 0.01886792480945587
0 0.3523148000240326 0.26022014021873474 0.08055555820465088 0.034591194242239
1 0.6550925970077515 0.31721699237823486 0.028703704476356506 0.02437106892466545
0 0.4921296238899231 0.3062106966972351 0.07870370149612427 0.05424528196454048
0 0.6064814925193787 0.37814465165138245 0.03703703731298447 0.026729559525847435
1 0.41527777910232544 0.2496069222688675 0.032407406717538834 0.02437106892466545
0 0.5703703761100769 0.29520440101623535 0.06481481343507767 0.04323899373412132
1 0.46759259700775146 0.2928459048271179 0.02777777798473835 0.02279874123632908
1 0.09212963283061981 0.5082547068595886 0.03611111268401146 0.025943396613001823
1 0.45185184478759766 0.3600628972053528 0.03333333507180214 0.022012578323483467
0 0.6481481194496155 0.573113203048706 0.05740740895271301 0.06761006265878677
1 0.604629635810852 0.374213844537735 0.02777777798473835 0.01886792480945587
1 0.11898148059844971 0.3608490526676178 0.03055555559694767 0.025157231837511063
1 0.1606481522321701 0.5644654035568237 0.034259259700775146 0.02358490601181984
1 0.6643518805503845 0.5483490824699402 0.03055555559694767 0.02279874123632908
1 0.30324074625968933 0.35849055647850037 0.03055555559694767 0.0172955971211195
0 0.23564815521240234 0.5102201104164124 0.0694444477558136 0.06446541100740433
0 0.30694442987442017 0.375786155462265 0.03981481492519379 0.050314463675022125
1 0.41296297311782837 0.5864779949188232 0.03703703731298447 0.025157231837511063
0 0.46481481194496155 0.3801100552082062 0.07037036865949631 0.062106918543577194
0 0.3777777850627899 0.3262578547000885 0.04444444552063942 0.06132075563073158
1 0.3777777850627899 0.34316039085388184 0.031481482088565826 0.01808176189661026
0 0.19120369851589203 0.4292452931404114 0.05462963134050369 0.06446541100740433
0 0.4046296179294586 0.5589622855186462 0.05000000074505806 0.06761006265878677
0 0.44675925374031067 0.2354559749364853 0.08425925672054291 0.05896226316690445
0 0.1518518477678299 0.5471698045730591 0.05370370298624039 0.0628930851817131
0 0.09675925970077515 0.48977985978126526 0.05462963134050369 0.06761006265878677
0 0.1319444477558136 0.37106919288635254 0.06574074178934097 0.05503144487738609