1 0.6119791865348816 0.43009260296821594 0.01770833320915699 0.026851851493120193
1 0.6484375 0.41712963581085205 0.014583333395421505 0.02500000037252903
1 0.6690104007720947 0.380092591047287 0.015104166232049465 0.028703704476356506
1 0.6302083134651184 0.7509258985519409 0.015625 0.020370369777083397
1 0.3765625059604645 0.3662036955356598 0.01979166641831398 0.03055555559694767
1 0.3929687440395355 0.21064814925193787 0.01718750037252903 0.03055555559694767
1 0.672656238079071 0.6263889074325562 0.01718750037252903 0.028703704476356506
1 0.30130207538604736 0.6499999761581421 0.01718750037252903 0.02222222276031971
0 0.6627604365348816 0.38240739703178406 0.02864583395421505 0.04444444552063942
1 0.58203125 0.4625000059604645 0.015104166232049465 0.026851851493120193
1 0.3330729305744171 0.47685185074806213 0.02135416679084301 0.02777777798473835
0 0.40416666865348816 0.19490741193294525 0.03958333283662796 0.06018518656492233
1 0.3361979126930237 0.7541666626930237 0.01822916604578495 0.02500000037252903
1 0.5190104246139526 0.1666666716337204 0.01614583283662796 0.035185184329748154
0 0.6421874761581421 0.4356481432914734 0.03125 0.05833333358168602
0 0.6286458373069763 0.7643518447875977 0.02916666679084301 0.05092592537403107
0 0.6119791865348816 0.39953702688217163 0.02187499962747097 0.07685185223817825
0 0.30390626192092896 0.6740740537643433 0.02656250074505806 0.07962962985038757
0 0.5947916507720947 0.47175925970077515 0.04374999925494194 0.05277777835726738
0 0.3348958194255829 0.5069444179534912 0.02916666679084301 0.0824074074625969
0 0.5091145634651184 0.1615740805864334 0.04114583507180214 0.05833333358168602
0 0.3434895873069763 0.772685170173645 0.0390625 0.0694444477558136
0 0.6778646111488342 0.6115740537643433 0.03177083283662796 0.07685185223817825
0 0.37421876192092896 0.3402777910232544 0.02864583395421505 0.09351851791143417
0 0.6546875238418579 0.699999988079071 0.03125 0.05370370298624039