1 0.4924479126930237 0.1615740805864334 0.01614583283662796 0.028703704476356506
1 0.3960937559604645 0.27037036418914795 0.01718750037252903 0.029629629105329514
1 0.5138021111488342 0.4791666567325592 0.01614583283662796 0.02500000037252903
1 0.4898437559604645 0.4972222149372101 0.01718750037252903 0.02777777798473835
1 0.33281248807907104 0.30509260296821594 0.01770833320915699 0.02500000037252903
1 0.43697917461395264 0.7370370626449585 0.01979166641831398 0.029629629105329514
1 0.5859375 0.5685185194015503 0.01770833320915699 0.031481482088565826
1 0.2966145873069763 0.6384259462356567 0.01718750037252903 0.02500000037252903
1 0.46796876192092896 0.1648148149251938 0.01822916604578495 0.029629629105329514
1 0.49687498807907104 0.34768518805503845 0.01770833320915699 0.032407406717538834
1 0.3583333194255829 0.7935185432434082 0.014583333395421505 0.024074073880910873
1 0.5716145634651184 0.24675926566123962 0.01927083358168602 0.026851851493120193
1 0.6268228888511658 0.28148147463798523 0.015104166232049465 0.02777777798473835
0 0.4815104305744171 0.520370364189148 0.0338541679084301 0.07037036865949631
0 0.5026041865348816 0.16111111640930176 0.03541666641831398 0.03888889029622078
0 0.3361979126930237 0.28518518805503845 0.02552083320915699 0.06481481343507767
0 0.3869791626930237 0.2916666567325592 0.03229166567325592 0.07037036865949631
0 0.5981770753860474 0.5814814567565918 0.04739583283662796 0.05740740895271301
0 0.2992187440395355 0.6606481671333313 0.02864583395421505 0.07870370149612427
0 0.4375 0.7111111283302307 0.03229166567325592 0.0833333358168602
0 0.5190104246139526 0.4532407522201538 0.03072916716337204 0.08611111342906952
0 0.4546875059604645 0.18101851642131805 0.04062499850988388 0.05833333358168602
0 0.5739583373069763 0.22268518805503845 0.02916666679084301 0.08055555820465088
0 0.37057292461395264 0.8087962865829468 0.0442708320915699 0.0694444477558136
0 0.4859375059604645 0.3314814865589142 0.04374999925494194 0.07037036865949631
0 0.637499988079071 0.2898148000240326 0.03750000149011612 0.06481481343507767