0 0.5130208134651184 0.8120370507240295 0.04583333432674408 0.04444444552063942
0 0.5260416865348816 0.8134258985519409 0.02291666716337204 0.04722222313284874
0 0.4778645932674408 0.8564814925193787 0.02760416641831398 0.02777777798473835
0 0.4976562559604645 0.8120370507240295 0.02656250074505806 0.03703703731298447
1 0.6325520873069763 0.4078703820705414 0.01406249962747097 0.028703704476356506
1 0.30000001192092896 0.3662036955356598 0.015625 0.02500000037252903
0 0.5401041507720947 0.7657407522201538 0.02604166604578495 0.0555555559694767
1 0.48750001192092896 0.5518518686294556 0.01770833320915699 0.03333333507180214
1 0.5765625238418579 0.8166666626930237 0.01354166679084301 0.024074073880910873
1 0.3882812559604645 0.5212963223457336 0.01614583283662796 0.029629629105329514
0 0.5010416507720947 0.5685185194015503 0.04583333432674408 0.0833333358168602
1 0.6546875238418579 0.33888888359069824 0.014583333395421505 0.025925925001502037
1 0.5278645753860474 0.1953703761100769 0.015104166232049465 0.031481482088565826
0 0.5661458373069763 0.8199074268341064 0.03125 0.0416666679084301
3 0.5296875238418579 0.7870370149612427 0.04583333432674408 0.09259258955717087
0 0.40156251192092896 0.5217592716217041 0.04895833507180214 0.05833333358168602
0 0.3070312440395355 0.34861111640930176 0.03697916492819786 0.0694444477558136
0 0.6442708373069763 0.3282407522201538 0.03958333283662796 0.06203703582286835
0 0.640625 0.42129629850387573 0.0364583320915699 0.0833333358168602
0 0.5138021111488342 0.1944444477558136 0.04739583283662796 0.06666667014360428