1 0.6510416865348816 0.2805555462837219 0.014583333395421505 0.02777777798473835
1 0.5122395753860474 0.5018518567085266 0.01614583283662796 0.029629629105329514
1 0.5606771111488342 0.3444444537162781 0.01718750037252903 0.02777777798473835
1 0.5356770753860474 0.8277778029441833 0.013020833022892475 0.025925925001502037
1 0.543749988079071 0.8287037014961243 0.012500000186264515 0.025925925001502037
1 0.58984375 0.5476852059364319 0.01718750037252903 0.026851851493120193
1 0.31640625 0.6245370507240295 0.01614583283662796 0.026851851493120193
0 0.5192708373069763 0.8412036895751953 0.03125 0.03611111268401146
1 0.3294270932674408 0.375 0.01614583283662796 0.025925925001502037
1 0.5406249761581421 0.15555556118488312 0.015625 0.03333333507180214
0 0.5583333373069763 0.8236111402511597 0.03229166567325592 0.043518517166376114
0 0.6361979246139526 0.22453702986240387 0.03489583358168602 0.06203703582286835
0 0.5216146111488342 0.5175926089286804 0.04531250149011612 0.08148147910833359
0 0.35989582538604736 0.24120371043682098 0.02812499925494194 0.06018518656492233
0 0.3138020932674408 0.6069444417953491 0.03177083283662796 0.08981481194496155
0 0.5885416865348816 0.5680555701255798 0.03229166567325592 0.09351851791143417
0 0.6627604365348816 0.28703704476356506 0.03802083432674408 0.05925925821065903
0 0.3361979126930237 0.35185185074806213 0.04218750074505806 0.0833333358168602
0 0.56640625 0.3680555522441864 0.0338541679084301 0.10092592239379883
0 0.5270833373069763 0.1615740805864334 0.04791666567325592 0.06759259104728699