0 0.5111979246139526 0.8675925731658936 0.02552083320915699 0.051851850003004074
3 0.6153646111488342 0.8134258985519409 0.0755208358168602 0.07129629701375961
3 0.518750011920929 0.4921296238899231 0.03437500074505806 0.10833333432674408
0 0.4984374940395355 0.8726851940155029 0.05833333358168602 0.05833333358168602
1 0.5166666507720947 0.5069444179534912 0.02187499962747097 0.026851851493120193
3 0.5986979007720947 0.822685182094574 0.04635416716337204 0.06388889253139496
1 0.6252604126930237 0.7976852059364319 0.015104166232049465 0.02500000037252903
0 0.5679687261581421 0.8694444298744202 0.02968749962747097 0.03333333507180214
1 0.5757812261581421 0.8652777671813965 0.01614583283662796 0.028703704476356506
1 0.5700520873069763 0.20185184478759766 0.01718750037252903 0.03333333507180214
1 0.6585937738418579 0.24583333730697632 0.015104166232049465 0.028703704476356506
1 0.6002604365348816 0.7351852059364319 0.01614583283662796 0.02777777798473835
1 0.5375000238418579 0.5495370626449585 0.01770833320915699 0.032407406717538834
0 0.5236979126930237 0.5388888716697693 0.04010416567325592 0.04814814776182175
0 0.6041666865348816 0.831944465637207 0.03541666641831398 0.05092592537403107
0 0.4869791567325592 0.8828703761100769 0.03333333507180214 0.03981481492519379
0 0.589062511920929 0.7513889074325562 0.0364583320915699 0.05462963134050369
1 0.555468738079071 0.5212963223457336 0.01822916604578495 0.035185184329748154
0 0.5184895992279053 0.4763889014720917 0.02968749962747097 0.08055555820465088
0 0.6380208134651184 0.7981481552124023 0.03854166716337204 0.046296294778585434
0 0.5697916746139526 0.5324074029922485 0.046875 0.06481481343507767
0 0.6684895753860474 0.25462964177131653 0.0390625 0.06666667014360428
0 0.5835937261581421 0.2023148089647293 0.04843749850988388 0.06759259104728699