3 0.5416666865348816 0.44212964177131653 0.0416666679084301 0.05833333358168602
1 0.5093749761581421 0.37361112236976624 0.01666666753590107 0.026851851493120193
1 0.49531251192092896 0.8435184955596924 0.012500000186264515 0.029629629105329514
0 0.5471354126930237 0.43287035822868347 0.03177083283662796 0.07129629701375961
1 0.5049479007720947 0.4185185134410858 0.01927083358168602 0.025925925001502037
1 0.43802082538604736 0.7749999761581421 0.01770833320915699 0.02777777798473835
0 0.3968749940395355 0.5759259462356567 0.07916666567325592 0.09444444626569748
1 0.4255208373069763 0.6087962985038757 0.01666666753590107 0.028703704476356506
3 0.5640624761581421 0.44212964177131653 0.07395832985639572 0.06018518656492233
1 0.5638020634651184 0.36574074625968933 0.01406249962747097 0.024074073880910873
1 0.4559895694255829 0.8495370149612427 0.01718750037252903 0.034259259700775146
1 0.5286458134651184 0.8597221970558167 0.014583333395421505 0.028703704476356506
1 0.5723958611488342 0.4416666626930237 0.01354166679084301 0.031481482088565826
1 0.6458333134651184 0.2162037044763565 0.01875000074505806 0.023148147389292717
0 0.5567708611488342 0.35046297311782837 0.02812499925494194 0.05277777835726738
3 0.5403645634651184 0.3361110985279083 0.05781250074505806 0.07962962985038757
0 0.5036458373069763 0.3847222328186035 0.03229166567325592 0.06388889253139496
0 0.5161458253860474 0.3393518626689911 0.0364583320915699 0.03981481492519379
3 0.3973958194255829 0.5773147940635681 0.07604166865348816 0.09537036716938019
1 0.703125 0.33194443583488464 0.01666666753590107 0.023148147389292717
0 0.5127604007720947 0.4412037134170532 0.03072916716337204 0.06203703582286835
0 0.4192708432674408 0.595370352268219 0.03229166567325592 0.05925925821065903
0 0.38072916865348816 0.5574073791503906 0.0416666679084301 0.0555555559694767
0 0.5864583253860474 0.4495370388031006 0.0416666679084301 0.05092592537403107
0 0.7028645873069763 0.3092592656612396 0.02864583395421505 0.06666667014360428
0 0.4674479067325592 0.8574073910713196 0.04218750074505806 0.0555555559694767
0 0.6458333134651184 0.20000000298023224 0.03125 0.06111111119389534
0 0.4377604126930237 0.7972221970558167 0.02656250074505806 0.08148147910833359