1 0.6328125 0.2796296179294586 0.014583333395421505 0.029629629105329514
1 0.6552083492279053 0.3638888895511627 0.01666666753590107 0.02777777798473835
1 0.59765625 0.5689814686775208 0.01614583283662796 0.028703704476356506
1 0.47265625 0.7560185194015503 0.01822916604578495 0.032407406717538834
1 0.5393229126930237 0.7421296238899231 0.01718750037252903 0.03055555559694767
1 0.659375011920929 0.6833333373069763 0.01770833320915699 0.02777777798473835
1 0.6416666507720947 0.5578703880310059 0.01979166641831398 0.02500000037252903
1 0.5356770753860474 0.2898148000240326 0.01822916604578495 0.031481482088565826
1 0.34375 0.5388888716697693 0.01875000074505806 0.02777777798473835
1 0.3046875 0.5009258985519409 0.01770833320915699 0.024074073880910873
1 0.5005208253860474 0.6638888716697693 0.015625 0.031481482088565826
1 0.4348958432674408 0.1745370328426361 0.01666666753590107 0.03055555559694767
0 0.41197916865348816 0.8166666626930237 0.0364583320915699 0.06111111119389534
0 0.6541666388511658 0.699999988079071 0.03020833246409893 0.06666667014360428
0 0.4867187440395355 0.7615740895271301 0.04531250149011612 0.05092592537403107
0 0.641406238079071 0.5273148417472839 0.02968749962747097 0.09166666865348816
0 0.6088541746139526 0.5847222208976746 0.03958333283662796 0.06759259104728699
0 0.3453125059604645 0.5078703761100769 0.03125 0.10648148506879807
0 0.3083333373069763 0.4731481373310089 0.02604166604578495 0.09074074029922485
0 0.5533854365348816 0.7324073910713196 0.04739583283662796 0.06111111119389534
0 0.42135417461395264 0.17824074625968933 0.04479166492819786 0.05462963134050369
0 0.6382812261581421 0.28611111640930176 0.02968749962747097 0.06111111119389534
0 0.6643229126930237 0.3722222149372101 0.03802083432674408 0.07222222536802292
0 0.5151041746139526 0.6606481671333313 0.046875 0.0694444477558136
0 0.5484374761581421 0.29907408356666565 0.04895833507180214 0.06481481343507767