0 0.3072916567325592 0.3421296179294586 0.02395833283662796 0.043518517166376114
0 0.4854166805744171 0.8643518686294556 0.03333333507180214 0.07129629701375961
3 0.3434895873069763 0.24722221493721008 0.03177083283662796 0.06666667014360428
1 0.5882812738418579 0.8287037014961243 0.01614583283662796 0.025925925001502037
1 0.3372395932674408 0.2689814865589142 0.01614583283662796 0.023148147389292717
0 0.5934895873069763 0.8472222089767456 0.02552083320915699 0.05925925821065903
1 0.539843738079071 0.9013888835906982 0.01614583283662796 0.03055555559694767
1 0.4479166567325592 0.4277777671813965 0.01770833320915699 0.029629629105329514
0 0.3161458373069763 0.31990739703178406 0.04583333432674408 0.08611111342906952
1 0.5546875 0.7439814805984497 0.01770833320915699 0.034259259700775146
3 0.3177083432674408 0.31712964177131653 0.05104166641831398 0.09351851791143417
1 0.39010417461395264 0.43703705072402954 0.01666666753590107 0.02777777798473835
1 0.3734374940395355 0.3652777671813965 0.01770833320915699 0.02500000037252903
0 0.39921873807907104 0.4157407283782959 0.03593749925494194 0.07222222536802292
1 0.7013021111488342 0.532870352268219 0.01927083358168602 0.028703704476356506
1 0.5010416507720947 0.1388888955116272 0.015625 0.031481482088565826
1 0.6427083611488342 0.2935185134410858 0.01875000074505806 0.035185184329748154
1 0.421875 0.24629630148410797 0.01770833320915699 0.029629629105329514
1 0.4026041626930237 0.8439815044403076 0.01770833320915699 0.032407406717538834
1 0.32421875 0.44398146867752075 0.01822916604578495 0.026851851493120193
0 0.3450520932674408 0.24675926566123962 0.02968749962747097 0.06574074178934097
0 0.41614583134651184 0.8592592477798462 0.04374999925494194 0.06851851940155029
0 0.539843738079071 0.7472222447395325 0.0598958320915699 0.06666667014360428
0 0.33125001192092896 0.41990742087364197 0.03437500074505806 0.07870370149612427
0 0.4127604067325592 0.2638888955116272 0.03593749925494194 0.07222222536802292
0 0.37317708134651184 0.34166666865348816 0.02864583395421505 0.08703703433275223
0 0.62890625 0.27453702688217163 0.04843749850988388 0.07500000298023224
0 0.4505208432674408 0.39722222089767456 0.03125 0.09814814478158951
0 0.7018229365348816 0.5574073791503906 0.02968749962747097 0.0962962955236435
0 0.48880207538604736 0.13518518209457397 0.04739583283662796 0.06851851940155029