0 0.5346354246139526 0.8736110925674438 0.01927083358168602 0.028703704476356506
3 0.577343761920929 0.6333333253860474 0.0442708320915699 0.09074074029922485
0 0.4776041805744171 0.885185182094574 0.02500000037252903 0.040740739554166794
1 0.6541666388511658 0.7458333373069763 0.01354166679084301 0.02500000037252903
1 0.5333333611488342 0.875 0.015625 0.025925925001502037
1 0.6981770992279053 0.5199074149131775 0.015104166232049465 0.023148147389292717
1 0.5403645634651184 0.6259258985519409 0.015104166232049465 0.02777777798473835
1 0.703906238079071 0.43009260296821594 0.01197916641831398 0.017592592164874077
1 0.3343749940395355 0.7324073910713196 0.012500000186264515 0.025925925001502037
1 0.30807292461395264 0.35277777910232544 0.01614583283662796 0.020370369777083397
1 0.5065104365348816 0.6384259462356567 0.01406249962747097 0.03055555559694767
1 0.5510416626930237 0.6763888597488403 0.01666666753590107 0.028703704476356506
1 0.4932291805744171 0.7111111283302307 0.01770833320915699 0.025925925001502037
1 0.69921875 0.5930555462837219 0.01614583283662796 0.026851851493120193
0 0.5830729007720947 0.644444465637207 0.03593749925494194 0.06666667014360428
1 0.4333333373069763 0.8597221970558167 0.01979166641831398 0.03055555559694767
0 0.530468761920929 0.6296296119689941 0.03697916492819786 0.040740739554166794
3 0.5395833253860474 0.6143518686294556 0.06041666492819786 0.07870370149612427
1 0.5908854007720947 0.6342592835426331 0.015104166232049465 0.025925925001502037
0 0.5575520992279053 0.6064814925193787 0.0234375 0.06111111119389534
0 0.43828123807907104 0.8736110925674438 0.03177083283662796 0.06759259104728699
0 0.4919270873069763 0.6472222208976746 0.04010416567325592 0.04814814776182175
0 0.7065104246139526 0.41111111640930176 0.03072916716337204 0.06296296417713165
0 0.3111979067325592 0.33194443583488464 0.02760416641831398 0.06574074178934097
0 0.3252604305744171 0.7250000238418579 0.03489583358168602 0.06481481343507767
0 0.7054687738418579 0.5004629492759705 0.03177083283662796 0.0694444477558136
0 0.7067708373069763 0.5782407522201538 0.03229166567325592 0.07314814627170563
0 0.5440104007720947 0.6953703761100769 0.03281249850988388 0.06296296417713165
0 0.48619791865348816 0.7328703999519348 0.03177083283662796 0.07314814627170563
0 0.6656249761581421 0.7425925731658936 0.0364583320915699 0.05740740895271301