1 0.3828125 0.779629647731781 0.01875000074505806 0.031481482088565826
3 0.35885417461395264 0.7356481552124023 0.03229166567325592 0.07129629701375961
3 0.3773437440395355 0.7759259343147278 0.05572916567325592 0.0962962955236435
0 0.453125 0.8370370268821716 0.02083333395421505 0.035185184329748154
1 0.453125 0.8361111283302307 0.01875000074505806 0.031481482088565826
1 0.4065104126930237 0.18518517911434174 0.015104166232049465 0.02777777798473835
1 0.3544270694255829 0.7180555462837219 0.01718750037252903 0.026851851493120193
1 0.32213541865348816 0.6550925970077515 0.01822916604578495 0.026851851493120193
1 0.6979166865348816 0.5638889074325562 0.01666666753590107 0.024074073880910873
1 0.5713541507720947 0.36574074625968933 0.01770833320915699 0.02777777798473835
1 0.6044270992279053 0.8060185313224792 0.015104166232049465 0.028703704476356506
0 0.3932291567325592 0.19305555522441864 0.03958333283662796 0.06388889253139496
1 0.47734373807907104 0.6629629731178284 0.01718750037252903 0.029629629105329514
1 0.3617187440395355 0.5148147940635681 0.01718750037252903 0.02777777798473835
0 0.7018229365348816 0.5425925850868225 0.03177083283662796 0.08888889104127884
0 0.3596354126930237 0.7379629611968994 0.02968749962747097 0.06851851940155029
0 0.3278645873069763 0.6717592477798462 0.03281249850988388 0.0694444477558136
0 0.3908854126930237 0.793055534362793 0.03177083283662796 0.05648148059844971
0 0.5911458134651184 0.7902777791023254 0.04270833358168602 0.06759259104728699
0 0.34427082538604736 0.28240740299224854 0.03125 0.05925925821065903
0 0.4736979305744171 0.6861110925674438 0.03489583358168602 0.08703703433275223
0 0.5755208134651184 0.3907407522201538 0.03437500074505806 0.0962962955236435
0 0.37161457538604736 0.5300925970077515 0.04322916641831398 0.07685185223817825