3 0.6270833611488342 0.23796296119689941 0.05104166641831398 0.06481481343507767
1 0.3049479126930237 0.44305557012557983 0.02031249925494194 0.032407406717538834
1 0.4333333373069763 0.6472222208976746 0.015625 0.024074073880910873
1 0.3033854067325592 0.5083333253860474 0.01822916604578495 0.025925925001502037
1 0.43697917461395264 0.7402777671813965 0.01666666753590107 0.026851851493120193
1 0.635937511920929 0.25 0.01666666753590107 0.024074073880910873
1 0.567187488079071 0.35555556416511536 0.01770833320915699 0.029629629105329514
0 0.4533854126930237 0.8388888835906982 0.03072916716337204 0.03888889029622078
1 0.7033854126930237 0.48379629850387573 0.01822916604578495 0.02500000037252903
1 0.4398437440395355 0.4851851761341095 0.01718750037252903 0.02777777798473835
0 0.6223958134651184 0.23101851344108582 0.03854166716337204 0.05648148059844971
1 0.36119791865348816 0.5152778029441833 0.01718750037252903 0.026851851493120193
1 0.3190104067325592 0.35879629850387573 0.015104166232049465 0.02500000037252903
0 0.3031249940395355 0.4601851999759674 0.03229166567325592 0.07037036865949631
0 0.3216145932674408 0.3333333432674408 0.0338541679084301 0.0833333358168602
0 0.4351562559604645 0.7587962746620178 0.02760416641831398 0.0694444477558136
3 0.6354166865348816 0.26249998807907104 0.06041666492819786 0.11388888955116272
0 0.4348958432674408 0.6675925850868225 0.02916666679084301 0.09074074029922485
0 0.3033854067325592 0.5347222089767456 0.02864583395421505 0.08055555820465088
0 0.651562511920929 0.2944444417953491 0.03229166567325592 0.06666667014360428
0 0.4427083432674408 0.5064814686775208 0.03437500074505806 0.08888889104127884
0 0.7033854126930237 0.5069444179534912 0.02656250074505806 0.07314814627170563
0 0.3708333373069763 0.5282407402992249 0.04062499850988388 0.0694444477558136
0 0.5721353888511658 0.3782407343387604 0.03802083432674408 0.08981481194496155