0 0.574999988079071 0.6435185074806213 0.06458333134651184 0.07407407462596893
0 0.5677083134651184 0.8046296238899231 0.03333333507180214 0.07037036865949631
1 0.2841145694255829 0.522685170173645 0.01614583283662796 0.032407406717538834
3 0.5729166865348816 0.7546296119689941 0.03437500074505806 0.06111111119389534
1 0.5518229007720947 0.6310185194015503 0.01718750037252903 0.032407406717538834
0 0.5776041746139526 0.75 0.02395833283662796 0.046296294778585434
1 0.45260417461395264 0.6106481552124023 0.01666666753590107 0.028703704476356506
1 0.61328125 0.5699074268341064 0.01406249962747097 0.03055555559694767
1 0.5276041626930237 0.7074074149131775 0.014583333395421505 0.029629629105329514
1 0.6302083134651184 0.27546295523643494 0.015625 0.023148147389292717
1 0.34166666865348816 0.2699074149131775 0.01666666753590107 0.03055555559694767
3 0.5804687738418579 0.6513888835906982 0.06927083432674408 0.08611111342906952
3 0.5703125 0.7865740656852722 0.0364583320915699 0.10648148506879807
0 0.5635416507720947 0.6291666626930237 0.04270833358168602 0.04722222313284874
1 0.33906251192092896 0.5800926089286804 0.01666666753590107 0.032407406717538834
1 0.6393229365348816 0.6847222447395325 0.01718750037252903 0.026851851493120193
0 0.5424479246139526 0.7092592716217041 0.04218750074505806 0.051851850003004074
0 0.6434895992279053 0.6625000238418579 0.02656250074505806 0.07685185223817825
0 0.5997396111488342 0.6638888716697693 0.0338541679084301 0.06481481343507767
0 0.3333333432674408 0.28425925970077515 0.03333333507180214 0.07592592388391495
0 0.3531250059604645 0.585185170173645 0.04895833507180214 0.07037036865949631
0 0.46406251192092896 0.6231481432914734 0.04270833358168602 0.06666667014360428
0 0.6015625 0.5782407522201538 0.0416666679084301 0.06388889253139496
0 0.6260416507720947 0.25555557012557983 0.03437500074505806 0.06481481343507767
0 0.2955729067325592 0.529629647731781 0.0494791679084301 0.07777778059244156