1 0.38854166865348816 0.664814829826355 0.01770833320915699 0.025925925001502037
0 0.4010416567325592 0.7124999761581421 0.03541666641831398 0.1120370402932167
1 0.34843748807907104 0.3263888955116272 0.015625 0.032407406717538834
3 0.3968749940395355 0.7060185074806213 0.0416666679084301 0.11388888955116272
1 0.6565104126930237 0.2629629671573639 0.013020833022892475 0.024074073880910873
1 0.3307291567325592 0.385185182094574 0.01979166641831398 0.025925925001502037
0 0.4078125059604645 0.7333333492279053 0.02395833283662796 0.07037036865949631
1 0.3161458373069763 0.4546296298503876 0.01666666753590107 0.025925925001502037
3 0.34713542461395264 0.33888888359069824 0.05677083507180214 0.11666666716337204
1 0.4104166626930237 0.7564814686775208 0.01666666753590107 0.025925925001502037
0 0.3466145694255829 0.7143518328666687 0.0338541679084301 0.05833333358168602
3 0.35885417461395264 0.7259259223937988 0.0625 0.09444444626569748
1 0.635937511920929 0.3550925850868225 0.01770833320915699 0.02500000037252903
0 0.3877604305744171 0.6856481432914734 0.02239583246409893 0.0694444477558136
0 0.3734374940395355 0.7712963223457336 0.03437500074505806 0.040740739554166794
0 0.4010416567325592 0.5458333492279053 0.04270833358168602 0.07870370149612427
1 0.39010417461395264 0.5268518328666687 0.015625 0.031481482088565826
0 0.3606770932674408 0.3092592656612396 0.03281249850988388 0.06481481343507767
0 0.33151042461395264 0.3643518388271332 0.02552083320915699 0.06388889253139496
0 0.3205729126930237 0.4305555522441864 0.03489583358168602 0.07592592388391495
0 0.3606770932674408 0.24444444477558136 0.02656250074505806 0.05370370298624039
0 0.6627604365348816 0.27222222089767456 0.02968749962747097 0.05925925821065903
0 0.6307291388511658 0.32592591643333435 0.03020833246409893 0.08703703433275223