1 0.4789062440395355 0.4412037134170532 0.0598958320915699 0.10092592239379883
0 0.5588541626930237 0.8662037253379822 0.02187499962747097 0.037962961941957474
1 0.5197916626930237 0.3430555462837219 0.015625 0.021296296268701553
1 0.5716145634651184 0.8587962985038757 0.015104166232049465 0.028703704476356506
0 0.49557292461395264 0.4157407283782959 0.02760416641831398 0.05925925821065903
0 0.5145833492279053 0.35740742087364197 0.03125 0.05370370298624039
1 0.5911458134651184 0.28240740299224854 0.01666666753590107 0.02777777798473835
1 0.30807292461395264 0.47546297311782837 0.01614583283662796 0.023148147389292717
1 0.5752604007720947 0.30509260296821594 0.01614583283662796 0.03055555559694767
0 0.5807291865348816 0.8634259104728699 0.0364583320915699 0.03981481492519379
1 0.5604166388511658 0.5444444417953491 0.01770833320915699 0.03333333507180214
3 0.4815104305744171 0.43981480598449707 0.05677083507180214 0.09814814478158951
1 0.520312488079071 0.1458333283662796 0.01666666753590107 0.032407406717538834
1 0.5119791626930237 0.5064814686775208 0.01666666753590107 0.03333333507180214
1 0.702343761920929 0.35046297311782837 0.01718750037252903 0.03055555559694767
0 0.46953123807907104 0.4583333432674408 0.04114583507180214 0.06481481343507767
3 0.5057291388511658 0.3847222328186035 0.04791666567325592 0.1120370402932167
0 0.561718761920929 0.3018518388271332 0.04114583507180214 0.04444444552063942
0 0.7096354365348816 0.3689814805984497 0.03177083283662796 0.08055555820465088
0 0.5471354126930237 0.24444444477558136 0.03072916716337204 0.07222222536802292
0 0.5713541507720947 0.5291666388511658 0.03958333283662796 0.07129629701375961
0 0.3070312440395355 0.4958333373069763 0.02447916753590107 0.07870370149612427
0 0.526562511920929 0.5097222328186035 0.046875 0.05462963134050369
0 0.602343738079071 0.2657407522201538 0.03802083432674408 0.06111111119389534
0 0.5080729126930237 0.15648147463798523 0.04322916641831398 0.05925925821065903