1 0.3919270932674408 0.8138889074325562 0.01718750037252903 0.02222222276031971
0 0.4611979126930237 0.8370370268821716 0.03177083283662796 0.025925925001502037
0 0.4958333373069763 0.8263888955116272 0.03333333507180214 0.034259259700775146
1 0.37031251192092896 0.7763888835906982 0.01875000074505806 0.03055555559694767
1 0.45625001192092896 0.8388888835906982 0.01979166641831398 0.029629629105329514
1 0.5739583373069763 0.8101851940155029 0.014583333395421505 0.03333333507180214
0 0.5244791507720947 0.7666666507720947 0.02812499925494194 0.05925925821065903
1 0.5380208492279053 0.1736111044883728 0.014583333395421505 0.026851851493120193
1 0.5830729007720947 0.36064815521240234 0.01927083358168602 0.03055555559694767
0 0.30026042461395264 0.40324074029922485 0.03177083283662796 0.05648148059844971
3 0.5257812738418579 0.7842592597007751 0.03177083283662796 0.0962962955236435
0 0.3700520694255829 0.7870370149612427 0.02239583246409893 0.051851850003004074
0 0.49270832538604736 0.19953703880310059 0.03958333283662796 0.05092592537403107
1 0.50390625 0.21388888359069824 0.015104166232049465 0.02777777798473835
0 0.5843750238418579 0.7935185432434082 0.03750000149011612 0.06851851940155029
0 0.550000011920929 0.18981482088565826 0.03437500074505806 0.05740740895271301
1 0.4963541626930237 0.14861111342906952 0.01666666753590107 0.03055555559694767
0 0.5088541507720947 0.1578703671693802 0.03750000149011612 0.04537037014961243
3 0.3877604305744171 0.8004629611968994 0.0598958320915699 0.07870370149612427
0 0.30390626192092896 0.3523148000240326 0.02656250074505806 0.06759259104728699
0 0.578125 0.37638887763023376 0.03020833246409893 0.07129629701375961
0 0.40156251192092896 0.8194444179534912 0.0364583320915699 0.04444444552063942