1 0.4088541567325592 0.42314815521240234 0.01770833320915699 0.02777777798473835
1 0.5927083492279053 0.512499988079071 0.01770833320915699 0.03055555559694767
1 0.5940104126930237 0.3087962865829468 0.01614583283662796 0.026851851493120193
1 0.6388021111488342 0.3018518388271332 0.01822916604578495 0.02777777798473835
1 0.42760416865348816 0.19398148357868195 0.01770833320915699 0.028703704476356506
1 0.5083333253860474 0.6449074149131775 0.01875000074505806 0.03055555559694767
1 0.5700520873069763 0.3731481432914734 0.01822916604578495 0.031481482088565826
1 0.539843738079071 0.7282407283782959 0.01718750037252903 0.03055555559694767
1 0.40807291865348816 0.5842592716217041 0.01927083358168602 0.02777777798473835
1 0.5604166388511658 0.5976851582527161 0.01875000074505806 0.028703704476356506
1 0.6697916388511658 0.6199073791503906 0.015625 0.02500000037252903
0 0.44999998807907104 0.8657407164573669 0.03437500074505806 0.04814814776182175
3 0.6174479126930237 0.2953703701496124 0.05885416641831398 0.06851851940155029
1 0.4778645932674408 0.30601853132247925 0.01614583283662796 0.028703704476356506
0 0.6072916388511658 0.31388887763023376 0.0416666679084301 0.04444444552063942
0 0.6351562738418579 0.28842592239379883 0.02656250074505806 0.05462963134050369
0 0.5552083253860474 0.3708333373069763 0.05416666716337204 0.05092592537403107
0 0.6583333611488342 0.6388888955116272 0.04270833358168602 0.06481481343507767
0 0.5869791507720947 0.49074074625968933 0.03750000149011612 0.08518518507480621
0 0.41588541865348816 0.5625 0.0390625 0.0824074074625969
0 0.5479166507720947 0.7462962865829468 0.0364583320915699 0.07037036865949631
0 0.4986979067325592 0.6620370149612427 0.04010416567325592 0.07222222536802292
0 0.4177083373069763 0.18796296417713165 0.03854166716337204 0.05370370298624039
0 0.5557291507720947 0.5745370388031006 0.03541666641831398 0.08425925672054291
0 0.40625 0.44675925374031067 0.03125 0.08796296268701553
0 0.48906248807907104 0.28935185074806213 0.04062499850988388 0.0694444477558136