1 0.5229166746139526 0.5050926208496094 0.015625 0.026851851493120193
1 0.3395833373069763 0.6763888597488403 0.01875000074505806 0.026851851493120193
1 0.4283854067325592 0.36342594027519226 0.015104166232049465 0.026851851493120193
1 0.43541666865348816 0.6939814686775208 0.01666666753590107 0.026851851493120193
1 0.5354166626930237 0.4504629671573639 0.01666666753590107 0.026851851493120193
1 0.6145833134651184 0.4731481373310089 0.015625 0.029629629105329514
1 0.49531251192092896 0.1875 0.01770833320915699 0.028703704476356506
1 0.589062511920929 0.4268518388271332 0.01770833320915699 0.025925925001502037
1 0.30937498807907104 0.5245370268821716 0.01770833320915699 0.02500000037252903
1 0.3656249940395355 0.4625000059604645 0.014583333395421505 0.026851851493120193
1 0.4296875 0.1675925999879837 0.01666666753590107 0.031481482088565826
1 0.31953126192092896 0.35092592239379883 0.01718750037252903 0.025925925001502037
0 0.534375011920929 0.4694444537162781 0.02604166604578495 0.07592592388391495
0 0.5119791626930237 0.5236111283302307 0.03229166567325592 0.06018518656492233
0 0.3075520694255829 0.5472221970558167 0.02760416641831398 0.07407407462596893
0 0.6309896111488342 0.4800925850868225 0.0494791679084301 0.06759259104728699
0 0.4442708194255829 0.1736111044883728 0.04062499850988388 0.05833333358168602
0 0.3161458373069763 0.3740740716457367 0.03020833246409893 0.0833333358168602
0 0.5838541388511658 0.44999998807907104 0.03020833246409893 0.08888889104127884
0 0.34453123807907104 0.6953703761100769 0.0338541679084301 0.07592592388391495
0 0.4333333373069763 0.34259259700775146 0.03333333507180214 0.08148147910833359
0 0.504687488079071 0.20601852238178253 0.0364583320915699 0.06759259104728699
0 0.4388020932674408 0.7148148417472839 0.03177083283662796 0.08518518507480621
0 0.35364583134651184 0.47453704476356506 0.04895833507180214 0.06759259104728699