1 0.35338541865348816 0.3583333194255829 0.015104166232049465 0.024074073880910873
3 0.4580729305744171 0.8333333134651184 0.05156249925494194 0.05000000074505806
1 0.4442708194255829 0.8337963223457336 0.02187499962747097 0.032407406717538834
1 0.04348958283662796 0.2967592477798462 0.01718750037252903 0.026851851493120193
1 0.015104166232049465 0.5263888835906982 0.01770833320915699 0.028703704476356506
1 0.4166666567325592 0.8486111164093018 0.014583333395421505 0.03055555559694767
1 0.563281238079071 0.4782407283782959 0.01822916604578495 0.028703704476356506
1 0.0455729179084301 0.385185182094574 0.01718750037252903 0.025925925001502037
1 0.3695312440395355 0.3162037134170532 0.01614583283662796 0.026851851493120193
1 0.4596354067325592 0.6675925850868225 0.01718750037252903 0.035185184329748154
0 0.014583333395421505 0.18981482088565826 0.02812499925494194 0.03703703731298447
1 0.44921875 0.29398149251937866 0.01822916604578495 0.032407406717538834
0 0.4986979067325592 0.8995370268821716 0.02239583246409893 0.05277777835726738
1 0.03541666641831398 0.23101851344108582 0.012500000186264515 0.021296296268701553
1 0.6625000238418579 0.7967592477798462 0.01666666753590107 0.028703704476356506
1 0.3317708373069763 0.6555555462837219 0.01875000074505806 0.029629629105329514
0 0.4567708373069763 0.832870364189148 0.04583333432674408 0.05092592537403107
0 0.04479166492819786 0.3722222149372101 0.02500000037252903 0.07407407462596893
1 0.3786458373069763 0.7907407283782959 0.01666666753590107 0.035185184329748154
0 0.35078126192092896 0.34861111640930176 0.02968749962747097 0.05277777835726738
0 0.01406249962747097 0.5083333253860474 0.02708333358168602 0.07777778059244156
0 0.375 0.29722222685813904 0.03229166567325592 0.06666667014360428
0 0.5721353888511658 0.4972222149372101 0.03593749925494194 0.0833333358168602
0 0.3283854126930237 0.6347222328186035 0.02864583395421505 0.08796296268701553
0 0.6723958253860474 0.8078703880310059 0.0364583320915699 0.06574074178934097
0 0.04114583507180214 0.31481480598449707 0.02604166604578495 0.07037036865949631
0 0.4059895873069763 0.8444444537162781 0.03697916492819786 0.051851850003004074
0 0.03072916716337204 0.24351851642131805 0.02916666679084301 0.05370370298624039
0 0.36901041865348816 0.7791666388511658 0.03697916492819786 0.07129629701375961
0 0.46041667461395264 0.2805555462837219 0.0416666679084301 0.07037036865949631
0 0.44583332538604736 0.6666666865348816 0.05104166641831398 0.07037036865949631