1 0.5182291865348816 0.8416666388511658 0.01979166641831398 0.035185184329748154
1 0.33411458134651184 0.27222222089767456 0.01927083358168602 0.024074073880910873
1 0.4755208194255829 0.8486111164093018 0.02083333395421505 0.03055555559694767
0 0.5932291746139526 0.8476851582527161 0.02500000037252903 0.05833333358168602
1 0.4479166567325592 0.4268518388271332 0.01666666753590107 0.029629629105329514
1 0.5885416865348816 0.8282407522201538 0.01666666753590107 0.026851851493120193
1 0.6981770992279053 0.45509257912635803 0.01822916604578495 0.028703704476356506
1 0.5393229126930237 0.9018518328666687 0.01614583283662796 0.029629629105329514
1 0.37291666865348816 0.3671296238899231 0.01666666753590107 0.02500000037252903
1 0.39010417461395264 0.4375 0.01770833320915699 0.026851851493120193
1 0.39791667461395264 0.8384259343147278 0.01666666753590107 0.026851851493120193
0 0.39791667461395264 0.4115740656852722 0.0364583320915699 0.07500000298023224
1 0.5013020634651184 0.13935184478759766 0.015104166232049465 0.03055555559694767
1 0.6364583373069763 0.3333333432674408 0.01875000074505806 0.029629629105329514
1 0.42369791865348816 0.24722221493721008 0.01927083358168602 0.031481482088565826
0 0.40703123807907104 0.8481481671333313 0.0338541679084301 0.05925925821065903
1 0.649218738079071 0.737500011920929 0.01822916604578495 0.034259259700775146
1 0.3244791626930237 0.4444444477558136 0.01875000074505806 0.02777777798473835
0 0.3450520932674408 0.24861110746860504 0.02968749962747097 0.06388889253139496
0 0.3161458373069763 0.30787035822868347 0.03333333507180214 0.06388889253139496
0 0.3734374940395355 0.34259259700775146 0.02916666679084301 0.08888889104127884
0 0.33020833134651184 0.4185185134410858 0.0364583320915699 0.08148147910833359
0 0.7020833492279053 0.47962963581085205 0.03020833246409893 0.10000000149011612
0 0.4138020873069763 0.2606481611728668 0.04010416567325592 0.06574074178934097
0 0.4507812559604645 0.3976851999759674 0.03177083283662796 0.0972222238779068
0 0.6317708492279053 0.3055555522441864 0.0364583320915699 0.09814814478158951
0 0.48828125 0.13611111044883728 0.0442708320915699 0.06666667014360428
0 0.6312500238418579 0.7300925850868225 0.05520833283662796 0.07129629701375961