0 0.6226562261581421 0.39629629254341125 0.0234375 0.06481481343507767
3 0.6182291507720947 0.4314814805984497 0.03437500074505806 0.11851851642131805
1 0.596875011920929 0.4055555462837219 0.015625 0.024074073880910873
3 0.610156238079071 0.38657405972480774 0.04739583283662796 0.08611111342906952
0 0.6234375238418579 0.4828703701496124 0.02812499925494194 0.0972222238779068
0 0.6013020873069763 0.3856481611728668 0.03177083283662796 0.07129629701375961
1 0.6307291388511658 0.7472222447395325 0.015625 0.02222222276031971
3 0.6231771111488342 0.47546297311782837 0.03072916716337204 0.1101851835846901
1 0.6729166507720947 0.6268518567085266 0.01666666753590107 0.02777777798473835
1 0.36666667461395264 0.8064814805984497 0.01770833320915699 0.025925925001502037
1 0.3932291567325592 0.20972222089767456 0.01770833320915699 0.03055555559694767
1 0.33255207538604736 0.7453703880310059 0.01822916604578495 0.02777777798473835
1 0.3330729305744171 0.4773148000240326 0.02031249925494194 0.026851851493120193
1 0.37682291865348816 0.3601851761341095 0.02031249925494194 0.02777777798473835
0 0.4039062559604645 0.19490741193294525 0.04010416567325592 0.06203703582286835
1 0.5192708373069763 0.1666666716337204 0.01666666753590107 0.035185184329748154
0 0.33645832538604736 0.7615740895271301 0.03125 0.07129629701375961
0 0.6580728888511658 0.6935185194015503 0.02760416641831398 0.05370370298624039
0 0.6278645992279053 0.7620370388031006 0.02864583395421505 0.0555555559694767
0 0.6778646111488342 0.6120370626449585 0.03177083283662796 0.07777778059244156
0 0.33515626192092896 0.5055555701255798 0.03072916716337204 0.09074074029922485
0 0.3786458373069763 0.8185185194015503 0.04062499850988388 0.05370370298624039
0 0.5091145634651184 0.1615740805864334 0.04114583507180214 0.05833333358168602
0 0.37447917461395264 0.3324074149131775 0.02916666679084301 0.09444444626569748