1 0.5182291865348816 0.6856481432914734 0.01666666753590107 0.026851851493120193
1 0.4945312440395355 0.2708333432674408 0.01614583283662796 0.03055555559694767
1 0.3656249940395355 0.6847222447395325 0.015625 0.026851851493120193
0 0.4268229305744171 0.677314817905426 0.03593749925494194 0.08981481194496155
1 0.43411457538604736 0.6490740776062012 0.01822916604578495 0.029629629105329514
1 0.33984375 0.697685182094574 0.01718750037252903 0.026851851493120193
1 0.5979166626930237 0.19583334028720856 0.01666666753590107 0.026851851493120193
1 0.635937511920929 0.35185185074806213 0.01666666753590107 0.02777777798473835
1 0.36770832538604736 0.5703703761100769 0.01979166641831398 0.029629629105329514
1 0.6760416626930237 0.6722221970558167 0.01770833320915699 0.025925925001502037
1 0.69921875 0.42314815521240234 0.01822916604578495 0.02777777798473835
0 0.41223958134651184 0.7222222089767456 0.03281249850988388 0.05925925821065903
0 0.7028645873069763 0.44583332538604736 0.02864583395421505 0.08055555820465088
0 0.34453123807907104 0.7166666388511658 0.03281249850988388 0.06481481343507767
0 0.6713541746139526 0.6870370507240295 0.03333333507180214 0.06666667014360428
0 0.5127604007720947 0.707870364189148 0.0338541679084301 0.08611111342906952
0 0.6312500238418579 0.32592591643333435 0.02916666679084301 0.09259258955717087
0 0.5854166746139526 0.18101851642131805 0.03958333283662796 0.06018518656492233
0 0.3695312440395355 0.5453703999519348 0.0338541679084301 0.10185185074806213
0 0.6619791388511658 0.27314814925193787 0.03229166567325592 0.05925925821065903
0 0.48489582538604736 0.28240740299224854 0.04374999925494194 0.07592592388391495
0 0.37890625 0.675000011920929 0.04218750074505806 0.046296294778585434