3 0.32239583134651184 0.4967592656612396 0.0364583320915699 0.05833333358168602
3 0.34322917461395264 0.5472221970558167 0.03437500074505806 0.0555555559694767
3 0.35468751192092896 0.4902777671813965 0.03541666641831398 0.05833333358168602
1 0.31718748807907104 0.41898149251937866 0.014583333395421505 0.023148147389292717
3 0.40442708134651184 0.5185185074806213 0.05677083507180214 0.06481481343507767
0 0.31302082538604736 0.4912036955356598 0.01979166641831398 0.05648148059844971
1 0.46822917461395264 0.46990740299224854 0.015625 0.021296296268701553
1 0.598437488079071 0.7194444537162781 0.014583333395421505 0.02777777798473835
1 0.6541666388511658 0.5870370268821716 0.015625 0.02222222276031971
0 0.35598957538604736 0.48657408356666565 0.03072916716337204 0.05277777835726738
1 0.41328126192092896 0.41990742087364197 0.01614583283662796 0.028703704476356506
0 0.3385416567325592 0.5458333492279053 0.02395833283662796 0.05277777835726738
0 0.3669270873069763 0.5597222447395325 0.02864583395421505 0.03981481492519379
3 0.31328123807907104 0.46157407760620117 0.02239583246409893 0.10462962836027145
0 0.31458333134651184 0.4375 0.01979166641831398 0.06574074178934097
1 0.3721354305744171 0.677314817905426 0.01406249962747097 0.026851851493120193
0 0.41744792461395264 0.5064814686775208 0.03177083283662796 0.04814814776182175
0 0.6466146111488342 0.604629635810852 0.03697916492819786 0.06666667014360428
0 0.6075521111488342 0.710185170173645 0.0338541679084301 0.05740740895271301
0 0.4664062559604645 0.4513888955116272 0.02135416679084301 0.06388889253139496
0 0.38463541865348816 0.6828703880310059 0.04114583507180214 0.05277777835726738
0 0.4221354126930237 0.43101853132247925 0.03802083432674408 0.06203703582286835