1 0.08703703433275223 0.4453616440296173 0.051851850003004074 0.05896226316690445
1 0.24537037312984467 0.40015724301338196 0.051851850003004074 0.04088050499558449
0 0.6083333492279053 0.3195754587650299 0.03888889029622078 0.02437106892466545
1 0.7018518447875977 0.33765724301338196 0.035185184329748154 0.01808176189661026
1 0.6712962985038757 0.39308175444602966 0.031481482088565826 0.026729559525847435
0 0.33703702688217163 0.3191823959350586 0.03888889029622078 0.03144654259085655
0 0.24351851642131805 0.40015724301338196 0.06296296417713165 0.044025156646966934
1 0.33657407760620117 0.3254716992378235 0.026851851493120193 0.01886792480945587
1 0.2370370328426361 0.40683960914611816 0.03333333507180214 0.025943396613001823
0 0.322685182094574 0.24685534834861755 0.049074072390794754 0.056603774428367615
1 0.1111111119389534 0.30974844098091125 0.031481482088565826 0.028301887214183807
3 0.6884258985519409 0.37775155901908875 0.07129629701375961 0.06053459271788597
3 0.7074074149131775 0.3128930926322937 0.05370370298624039 0.07232704758644104
1 0.08425925672054291 0.4587264060974121 0.03333333507180214 0.02437106892466545
1 0.46064814925193787 0.2979559600353241 0.03611111268401146 0.022012578323483467
1 0.6768518686294556 0.5031446814537048 0.029629629105329514 0.025157231837511063
1 0.19120369851589203 0.37224844098091125 0.03055555559694767 0.021226415410637856
3 0.33379629254341125 0.3062106966972351 0.05833333358168602 0.06525157392024994
1 0.32592591643333435 0.22641509771347046 0.031481482088565826 0.022012578323483467
0 0.6875 0.37893080711364746 0.0694444477558136 0.05503144487738609
1 0.24861110746860504 0.48152515292167664 0.034259259700775146 0.027515722438693047
1 0.47083333134651184 0.2354559749364853 0.032407406717538834 0.025943396613001823
1 0.15833333134651184 0.5192610025405884 0.031481482088565826 0.02437106892466545
0 0.23287037014961243 0.463443398475647 0.07129629701375961 0.06839622557163239
1 0.4407407343387604 0.2794811427593231 0.029629629105329514 0.021226415410637856
1 0.3430555462837219 0.5947327017784119 0.03611111268401146 0.027515722438693047
0 0.1476851850748062 0.50157231092453 0.05648148059844971 0.06603773683309555
0 0.6143518686294556 0.34473270177841187 0.06759259104728699 0.07783018797636032
0 0.7087963223457336 0.30856919288635254 0.04722222313284874 0.05896226316690445
1 0.6138888597488403 0.3180031478404999 0.03333333507180214 0.021226415410637856
0 0.47361111640930176 0.3211477994918823 0.06018518656492233 0.062106918543577194
0 0.4148148000240326 0.2708333432674408 0.07592592388391495 0.03694968670606613
0 0.49768519401550293 0.24842767417430878 0.0824074074625969 0.056603774428367615
0 0.6555555462837219 0.5239779949188232 0.07777778059244156 0.06996855139732361
0 0.369907408952713 0.5790094137191772 0.08981481194496155 0.06367924809455872
0 0.17870371043682098 0.3954402506351471 0.05925925821065903 0.069182388484478
0 0.08796296268701553 0.44064465165138245 0.05740740895271301 0.06996855139732361
0 0.12314815074205399 0.3183962404727936 0.07037036865949631 0.056603774428367615