0 0.5356770753860474 0.8472222089767456 0.0338541679084301 0.03703703731298447
3 0.6432291865348816 0.6888889074325562 0.04062499850988388 0.07777778059244156
1 0.6536458134651184 0.707870364189148 0.01666666753590107 0.028703704476356506
0 0.6432291865348816 0.6884258985519409 0.03958333283662796 0.07500000298023224
1 0.5294271111488342 0.29629629850387573 0.01614583283662796 0.02777777798473835
1 0.3968749940395355 0.8268518447875977 0.01875000074505806 0.029629629105329514
1 0.3981770873069763 0.7199074029922485 0.01718750037252903 0.03055555559694767
1 0.5289062261581421 0.4680555462837219 0.01822916604578495 0.028703704476356506
1 0.48046875 0.29629629850387573 0.01718750037252903 0.02777777798473835
1 0.682812511920929 0.4277777671813965 0.01979166641831398 0.031481482088565826
1 0.5210937261581421 0.3324074149131775 0.01614583283662796 0.029629629105329514
1 0.5692708492279053 0.4763889014720917 0.01666666753590107 0.028703704476356506
1 0.4828124940395355 0.17222222685813904 0.01770833320915699 0.031481482088565826
1 0.4143229126930237 0.18703703582286835 0.01927083358168602 0.02777777798473835
0 0.3893229067325592 0.8069444298744202 0.03281249850988388 0.08055555820465088
0 0.5757812261581421 0.4564814865589142 0.03281249850988388 0.07592592388391495
1 0.3539062440395355 0.6245370507240295 0.01718750037252903 0.032407406717538834
0 0.538281261920929 0.2777777910232544 0.03281249850988388 0.06851851940155029
0 0.675000011920929 0.4486111104488373 0.03541666641831398 0.07314814627170563
0 0.3838541805744171 0.7208333611488342 0.04479166492819786 0.05277777835726738
0 0.5210937261581421 0.4902777671813965 0.0338541679084301 0.07314814627170563
0 0.4893229305744171 0.2787036895751953 0.03281249850988388 0.06666667014360428
0 0.5093749761581421 0.3541666567325592 0.03750000149011612 0.06203703582286835
0 0.46953123807907104 0.17314815521240234 0.04739583283662796 0.046296294778585434
0 0.42109376192092896 0.21064814925193787 0.02968749962747097 0.07129629701375961
0 0.33984375 0.6337962746620178 0.04739583283662796 0.07129629701375961