1 0.5044270753860474 0.16944444179534912 0.015104166232049465 0.024074073880910873
1 0.4388020932674408 0.18981482088565826 0.01614583283662796 0.02777777798473835
1 0.3958333432674408 0.2699074149131775 0.01666666753590107 0.028703704476356506
1 0.3101562559604645 0.6986111402511597 0.01614583283662796 0.023148147389292717
1 0.46953123807907104 0.3092592656612396 0.01718750037252903 0.031481482088565826
1 0.3361979126930237 0.2787036895751953 0.015104166232049465 0.024074073880910873
1 0.4856770932674408 0.489814817905426 0.01822916604578495 0.029629629105329514
1 0.532031238079071 0.4305555522441864 0.01822916604578495 0.02777777798473835
1 0.4450520873069763 0.7180555462837219 0.01718750037252903 0.028703704476356506
1 0.6286458373069763 0.2837963104248047 0.014583333395421505 0.028703704476356506
1 0.5908854007720947 0.5699074268341064 0.01614583283662796 0.03055555559694767
1 0.5690104365348816 0.23148147761821747 0.01718750037252903 0.025925925001502037
1 0.38098958134651184 0.8180555701255798 0.015104166232049465 0.02500000037252903
0 0.3174479305744171 0.7175925970077515 0.0338541679084301 0.07037036865949631
0 0.3440104126930237 0.26157405972480774 0.03281249850988388 0.06018518656492233
0 0.4375 0.6962962746620178 0.03541666641831398 0.08148147910833359
0 0.4294270873069763 0.2083333283662796 0.03177083283662796 0.06481481343507767
0 0.4546875059604645 0.3083333373069763 0.04791666567325592 0.046296294778585434
0 0.5111979246139526 0.1666666716337204 0.03177083283662796 0.03888889029622078
0 0.60546875 0.582870364189148 0.04843749850988388 0.06203703582286835
0 0.3864583373069763 0.29305556416511536 0.03125 0.0694444477558136
0 0.5765625238418579 0.21157407760620117 0.03333333507180214 0.07500000298023224
0 0.47994792461395264 0.512499988079071 0.0338541679084301 0.07500000298023224
0 0.3890624940395355 0.8305555582046509 0.03541666641831398 0.06111111119389534
0 0.6401041746139526 0.2944444417953491 0.03437500074505806 0.06111111119389534
0 0.5278645753860474 0.40416666865348816 0.03177083283662796 0.08981481194496155