3 0.5445312261581421 0.8027777671813965 0.04635416716337204 0.05740740895271301
0 0.5536458492279053 0.7981481552124023 0.03750000149011612 0.051851850003004074
1 0.3695312440395355 0.7768518328666687 0.01718750037252903 0.024074073880910873
1 0.3903645873069763 0.706944465637207 0.015104166232049465 0.03055555559694767
0 0.5757812261581421 0.762499988079071 0.02447916753590107 0.043518517166376114
0 0.5341145992279053 0.8111110925674438 0.02239583246409893 0.04259259253740311
1 0.3098958432674408 0.35555556416511536 0.015625 0.03333333507180214
1 0.573437511920929 0.25555557012557983 0.01666666753590107 0.02777777798473835
1 0.6036458611488342 0.23240740597248077 0.01770833320915699 0.031481482088565826
0 0.6143229007720947 0.2671296298503876 0.03697916492819786 0.1120370402932167
1 0.5843750238418579 0.6504629850387573 0.01666666753590107 0.02500000037252903
1 0.522656261920929 0.3499999940395355 0.01614583283662796 0.029629629105329514
3 0.5572916865348816 0.7837963104248047 0.05520833283662796 0.07685185223817825
1 0.4203124940395355 0.5467592477798462 0.014583333395421505 0.028703704476356506
1 0.4429687559604645 0.16388888657093048 0.01614583283662796 0.031481482088565826
3 0.6156250238418579 0.2657407522201538 0.03958333283662796 0.11481481790542603
0 0.61328125 0.23842592537403107 0.03593749925494194 0.04537037014961243
0 0.5791666507720947 0.6296296119689941 0.03020833246409893 0.07222222536802292
0 0.3736979067325592 0.7912036776542664 0.02864583395421505 0.06203703582286835
0 0.37942707538604736 0.6935185194015503 0.04218750074505806 0.07037036865949631
0 0.5143229365348816 0.3638888895511627 0.03697916492819786 0.06481481343507767
0 0.32109373807907104 0.35972222685813904 0.04218750074505806 0.06759259104728699
0 0.40833333134651184 0.5620370507240295 0.04479166492819786 0.06666667014360428
0 0.5611979365348816 0.26944443583488464 0.04218750074505806 0.06111111119389534
0 0.4307291805744171 0.1726851910352707 0.0416666679084301 0.05833333358168602