3 0.5093749761581421 0.5592592358589172 0.04895833507180214 0.08703703433275223
4 0.5072916746139526 0.5592592358589172 0.04374999925494194 0.07592592388391495
0 0.5088541507720947 0.5587962865829468 0.04583333432674408 0.0824074074625969
1 0.49791666865348816 0.8865740895271301 0.01875000074505806 0.032407406717538834
0 0.49817708134651184 0.8967592716217041 0.01927083358168602 0.049074072390794754
1 0.559374988079071 0.5791666507720947 0.01770833320915699 0.028703704476356506
1 0.7213541865348816 0.6805555820465088 0.015625 0.024074073880910873
1 0.01536458358168602 0.5273148417472839 0.01822916604578495 0.028703704476356506
1 0.6322916746139526 0.7287036776542664 0.01875000074505806 0.02222222276031971
1 0.5205729007720947 0.8532407283782959 0.01927083358168602 0.03055555559694767
0 0.5505208373069763 0.5805555582046509 0.03854166716337204 0.04814814776182175
1 0.6596354246139526 0.6944444179534912 0.01822916604578495 0.025925925001502037
1 0.04531250149011612 0.3856481611728668 0.015625 0.023148147389292717
1 0.34036457538604736 0.6569444537162781 0.01822916604578495 0.026851851493120193
1 0.03489583358168602 0.260185182094574 0.012500000186264515 0.02777777798473835
1 0.38880208134651184 0.6166666746139526 0.015104166232049465 0.031481482088565826
0 0.014583333395421505 0.1884259283542633 0.02916666679084301 0.04537037014961243
1 0.6151041388511658 0.21851852536201477 0.014583333395421505 0.02777777798473835
0 0.6278645992279053 0.23101851344108582 0.03802083432674408 0.06388889253139496
0 0.7281249761581421 0.6597222089767456 0.03020833246409893 0.06759259104728699
0 0.5218750238418579 0.8726851940155029 0.02395833283662796 0.0694444477558136
0 0.014322916977107525 0.510185182094574 0.02864583395421505 0.07592592388391495
0 0.7138020992279053 0.730555534362793 0.02760416641831398 0.06296296417713165
0 0.02447916753590107 0.25462964177131653 0.03854166716337204 0.05925925821065903
0 0.6338541507720947 0.7555555701255798 0.02708333358168602 0.07777778059244156
0 0.04609375074505806 0.3731481432914734 0.02864583395421505 0.07037036865949631
0 0.653124988079071 0.6703703999519348 0.03541666641831398 0.07962962985038757
0 0.33776041865348816 0.6851851940155029 0.02760416641831398 0.08148147910833359
0 0.02630208246409893 0.44212964177131653 0.04114583507180214 0.0694444477558136
0 0.37708333134651184 0.6208333373069763 0.04583333432674408 0.06574074178934097