0 0.4658854305744171 0.8055555820465088 0.05364583432674408 0.03888889029622078
1 0.5700520873069763 0.5495370626449585 0.015104166232049465 0.023148147389292717
1 0.5427083373069763 0.49537035822868347 0.01666666753590107 0.029629629105329514
1 0.543749988079071 0.831944465637207 0.015625 0.03055555559694767
1 0.5049479007720947 0.16018518805503845 0.01406249962747097 0.029629629105329514
1 0.34322917461395264 0.7513889074325562 0.015625 0.026851851493120193
3 0.5971354246139526 0.7782407402992249 0.0651041641831398 0.07129629701375961
0 0.5859375 0.7990740537643433 0.03125 0.046296294778585434
0 0.4481770694255829 0.8060185313224792 0.03802083432674408 0.03055555559694767
0 0.555468738079071 0.8273147940635681 0.03489583358168602 0.037962961941957474
1 0.3895833194255829 0.8074073791503906 0.014583333395421505 0.02777777798473835
1 0.4247395694255829 0.16898147761821747 0.01406249962747097 0.028703704476356506
0 0.48255208134651184 0.8087962865829468 0.02968749962747097 0.0416666679084301
0 0.55078125 0.5097222328186035 0.03281249850988388 0.06018518656492233
0 0.6117187738418579 0.7615740895271301 0.0338541679084301 0.04537037014961243
0 0.3369791805744171 0.7324073910713196 0.03125 0.07407407462596893
0 0.5817708373069763 0.5717592835426331 0.03437500074505806 0.0694444477558136
0 0.3799479305744171 0.800000011920929 0.03489583358168602 0.05370370298624039
0 0.4143229126930237 0.1745370328426361 0.03697916492819786 0.05648148059844971
0 0.5151041746139526 0.15833333134651184 0.03437500074505806 0.05740740895271301