1 0.6424478888511658 0.7314814925193787 0.01614583283662796 0.025925925001502037
1 0.6161458492279053 0.7763888835906982 0.01354166679084301 0.026851851493120193
1 0.28984373807907104 0.5861111283302307 0.01822916604578495 0.025925925001502037
1 0.6664062738418579 0.6537036895751953 0.01718750037252903 0.025925925001502037
1 0.5333333611488342 0.45185184478759766 0.01770833320915699 0.035185184329748154
1 0.6513020992279053 0.41620370745658875 0.01718750037252903 0.026851851493120193
1 0.37578123807907104 0.36759260296821594 0.01927083358168602 0.025925925001502037
1 0.39244791865348816 0.2101851850748062 0.01718750037252903 0.031481482088565826
1 0.3148437440395355 0.675000011920929 0.01927083358168602 0.024074073880910873
1 0.33281248807907104 0.47685185074806213 0.02083333395421505 0.025925925001502037
1 0.6119791865348816 0.42916667461395264 0.01770833320915699 0.02500000037252903
0 0.6729166507720947 0.635185182094574 0.03020833246409893 0.07407407462596893
1 0.5192708373069763 0.16620370745658875 0.015625 0.034259259700775146
0 0.40416666865348816 0.1953703761100769 0.04062499850988388 0.06296296417713165
0 0.2893229126930237 0.6101852059364319 0.02760416641831398 0.07592592388391495
0 0.664843738079071 0.36944442987442017 0.02864583395421505 0.051851850003004074
0 0.5473958253860474 0.4541666805744171 0.05000000074505806 0.05833333358168602
0 0.31692707538604736 0.699999988079071 0.02552083320915699 0.08148147910833359
0 0.6429687738418579 0.4342592656612396 0.03177083283662796 0.06851851940155029
0 0.6497395634651184 0.717129647731781 0.03072916716337204 0.05833333358168602
0 0.33541667461395264 0.5074074268341064 0.02916666679084301 0.07962962985038757
0 0.624218761920929 0.7754629850387573 0.02968749962747097 0.05648148059844971
0 0.5088541507720947 0.1606481522321701 0.0416666679084301 0.06203703582286835
0 0.6096354126930237 0.4009259343147278 0.02552083320915699 0.0833333358168602
0 0.3747395873069763 0.34074074029922485 0.02968749962747097 0.09444444626569748