0 0.5914062261581421 0.8189814686775208 0.0234375 0.034259259700775146
1 0.3671875 0.21666666865348816 0.015625 0.02222222276031971
1 0.49921876192092896 0.8518518805503845 0.02239583246409893 0.02777777798473835
1 0.49947917461395264 0.8060185313224792 0.012500000186264515 0.02500000037252903
1 0.3346354067325592 0.27314814925193787 0.015104166232049465 0.024074073880910873
1 0.37031251192092896 0.7231481671333313 0.01770833320915699 0.025925925001502037
1 0.6617187261581421 0.6615740656852722 0.01614583283662796 0.023148147389292717
1 0.4281249940395355 0.6745370626449585 0.01145833358168602 0.026851851493120193
1 0.30416667461395264 0.45509257912635803 0.015625 0.02500000037252903
1 0.6783854365348816 0.5833333134651184 0.01718750037252903 0.024074073880910873
1 0.29739582538604736 0.3444444537162781 0.015625 0.029629629105329514
1 0.4333333373069763 0.34861111640930176 0.01666666753590107 0.028703704476356506
1 0.47343748807907104 0.7412037253379822 0.012500000186264515 0.026851851493120193
0 0.4947916567325592 0.8680555820465088 0.03854166716337204 0.05462963134050369
0 0.6739583611488342 0.6032407283782959 0.03125 0.0694444477558136
0 0.3760416805744171 0.2023148089647293 0.0364583320915699 0.05833333358168602
0 0.33984375 0.25462964177131653 0.03072916716337204 0.06666667014360428
0 0.3031249940395355 0.32870370149612427 0.03437500074505806 0.06666667014360428
0 0.6583333611488342 0.6814814805984497 0.03020833246409893 0.06851851940155029
0 0.3697916567325592 0.7453703880310059 0.03125 0.08703703433275223
0 0.48645833134651184 0.7958333492279053 0.04062499850988388 0.05462963134050369
0 0.30937498807907104 0.43101853132247925 0.03437500074505806 0.08796296268701553
0 0.4416666626930237 0.3638888895511627 0.03541666641831398 0.07407407462596893
0 0.4867187440395355 0.7370370626449585 0.04010416567325592 0.05370370298624039
0 0.43671876192092896 0.6800925731658936 0.03802083432674408 0.05648148059844971