3 0.6932291388511658 0.3930555582046509 0.03229166567325592 0.10833333432674408
1 0.3359375 0.29629629850387573 0.01666666753590107 0.025925925001502037
1 0.36640626192092896 0.24537037312984467 0.01614583283662796 0.024074073880910873
1 0.3138020932674408 0.4930555522441864 0.01718750037252903 0.026851851493120193
1 0.30859375 0.4287036955356598 0.015104166232049465 0.024074073880910873
0 0.6854166388511658 0.3412036895751953 0.02916666679084301 0.06388889253139496
1 0.5958333611488342 0.42500001192092896 0.015625 0.02777777798473835
1 0.36250001192092896 0.5175926089286804 0.015625 0.025925925001502037
1 0.5692708492279053 0.37037035822868347 0.01666666753590107 0.02777777798473835
1 0.4151041805744171 0.182407408952713 0.01666666753590107 0.029629629105329514
1 0.6635416746139526 0.29027777910232544 0.01875000074505806 0.028703704476356506
1 0.48489582538604736 0.20277777314186096 0.015625 0.029629629105329514
0 0.3229166567325592 0.5097222328186035 0.04270833358168602 0.07500000298023224
0 0.3723958432674408 0.22685185074806213 0.02708333358168602 0.05925925821065903
0 0.6552083492279053 0.27129629254341125 0.03750000149011612 0.06666667014360428
0 0.3726562559604645 0.5347222089767456 0.03593749925494194 0.06574074178934097
0 0.6971353888511658 0.4106481373310089 0.02656250074505806 0.07500000298023224
0 0.34166666865348816 0.28101852536201477 0.02812499925494194 0.05833333358168602
0 0.3070312440395355 0.4393518567085266 0.02656250074505806 0.06203703582286835
0 0.42578125 0.16990740597248077 0.03593749925494194 0.05833333358168602
0 0.6078125238418579 0.4393518567085266 0.03958333283662796 0.06388889253139496
0 0.5726562738418579 0.39120370149612427 0.02968749962747097 0.08425925672054291
0 0.47213542461395264 0.2134259194135666 0.04114583507180214 0.05462963134050369