1 0.5111979246139526 0.5162037014961243 0.01718750037252903 0.026851851493120193
1 0.6190103888511658 0.44305557012557983 0.01718750037252903 0.026851851493120193
1 0.3072916567325592 0.667129635810852 0.01875000074505806 0.03055555559694767
1 0.586718738079071 0.5842592716217041 0.01822916604578495 0.035185184329748154
1 0.528124988079071 0.574999988079071 0.01875000074505806 0.035185184329748154
0 0.5778645873069763 0.36250001192092896 0.03802083432674408 0.03981481492519379
3 0.5140625238418579 0.5078703761100769 0.0364583320915699 0.11944444477558136
0 0.5153645873069763 0.5638889074325562 0.04531250149011612 0.05000000074505806
1 0.2893229126930237 0.5416666865348816 0.01718750037252903 0.024074073880910873
0 0.5950520634651184 0.3291666805744171 0.02656250074505806 0.06203703582286835
1 0.5981770753860474 0.36064815521240234 0.01822916604578495 0.026851851493120193
1 0.672656238079071 0.612500011920929 0.01718750037252903 0.026851851493120193
1 0.6312500238418579 0.5643518567085266 0.01770833320915699 0.023148147389292717
1 0.5372396111488342 0.22083333134651184 0.01822916604578495 0.032407406717538834
1 0.3541666567325592 0.2638888955116272 0.01666666753590107 0.025925925001502037
0 0.35989582538604736 0.24074074625968933 0.02812499925494194 0.06296296417713165
0 0.551562488079071 0.21805556118488312 0.046875 0.04722222313284874
0 0.6786458492279053 0.5962963104248047 0.02812499925494194 0.07592592388391495
0 0.5705729126930237 0.5800926089286804 0.04739583283662796 0.05092592537403107
0 0.3049479126930237 0.6726852059364319 0.02968749962747097 0.06388889253139496
0 0.63671875 0.5912036895751953 0.02760416641831398 0.07870370149612427
0 0.28463542461395264 0.5662037134170532 0.03177083283662796 0.08055555820465088
3 0.5825520753860474 0.3430555462837219 0.04843749850988388 0.08981481194496155
0 0.3049479126930237 0.35370370745658875 0.02968749962747097 0.06296296417713165
0 0.5143229365348816 0.49074074625968933 0.02864583395421505 0.07962962985038757
0 0.624218761920929 0.4662036895751953 0.03489583358168602 0.08055555820465088