0 0.534375011920929 0.8310185074806213 0.03750000149011612 0.032407406717538834
0 0.5216146111488342 0.8777777552604675 0.04114583507180214 0.05000000074505806
1 0.5296875238418579 0.4888888895511627 0.01666666753590107 0.03333333507180214
0 0.5648437738418579 0.864814817905426 0.02552083320915699 0.03333333507180214
1 0.6703125238418579 0.75 0.015625 0.02222222276031971
1 0.3424479067325592 0.7226851582527161 0.01718750037252903 0.03055555559694767
0 0.4833333194255829 0.8791666626930237 0.04062499850988388 0.03611111268401146
1 0.4036458432674408 0.34583333134651184 0.01875000074505806 0.028703704476356506
1 0.5908854007720947 0.8481481671333313 0.01614583283662796 0.02777777798473835
1 0.553906261920929 0.5222222208976746 0.01718750037252903 0.031481482088565826
1 0.5697916746139526 0.20370370149612427 0.01666666753590107 0.03333333507180214
0 0.6041666865348816 0.8314814567565918 0.03854166716337204 0.0555555559694767
0 0.5229166746139526 0.5069444179534912 0.03437500074505806 0.08055555820465088
0 0.3382812440395355 0.707870364189148 0.03177083283662796 0.07870370149612427
0 0.6677083373069763 0.7689814567565918 0.02604166604578495 0.06388889253139496
0 0.6895833611488342 0.7166666388511658 0.03125 0.05370370298624039
0 0.41067707538604736 0.32083332538604736 0.0338541679084301 0.08981481194496155
0 0.5838541388511658 0.2004629671573639 0.04583333432674408 0.06759259104728699
0 0.5692708492279053 0.5310184955596924 0.046875 0.06759259104728699