1 0.3239583373069763 0.6273148059844971 0.01875000074505806 0.028703704476356506
0 0.46536457538604736 0.7527777552604675 0.0390625 0.04814814776182175
1 0.528124988079071 0.8601852059364319 0.014583333395421505 0.025925925001502037
1 0.49661457538604736 0.7074074149131775 0.01718750037252903 0.024074073880910873
0 0.32604166865348816 0.6393518447875977 0.02604166604578495 0.05648148059844971
1 0.44348958134651184 0.8314814567565918 0.01718750037252903 0.024074073880910873
1 0.4453125 0.7953703999519348 0.015625 0.025925925001502037
1 0.7104166746139526 0.35972222685813904 0.01770833320915699 0.023148147389292717
1 0.5255208611488342 0.3472222089767456 0.01875000074505806 0.029629629105329514
1 0.4140625 0.8101851940155029 0.01666666753590107 0.029629629105329514
0 0.4932291805744171 0.6856481432914734 0.02916666679084301 0.07314814627170563
0 0.4372395873069763 0.7768518328666687 0.02864583395421505 0.06666667014360428
0 0.49401041865348816 0.7379629611968994 0.0338541679084301 0.040740739554166794
1 0.6151041388511658 0.6819444298744202 0.01770833320915699 0.03055555559694767
0 0.34375 0.699999988079071 0.03020833246409893 0.07777778059244156
3 0.4945312440395355 0.7009259462356567 0.03697916492819786 0.10740740597248077
0 0.51953125 0.32592591643333435 0.0338541679084301 0.07962962985038757
0 0.4518229067325592 0.8537036776542664 0.03281249850988388 0.06111111119389534
0 0.4020833373069763 0.8041666746139526 0.03750000149011612 0.05648148059844971
0 0.7088541388511658 0.33472222089767456 0.02812499925494194 0.07314814627170563
0 0.7239583134651184 0.5611110925674438 0.03125 0.07407407462596893
3 0.33541667461395264 0.6763888597488403 0.05104166641831398 0.13055555522441864
0 0.6195312738418579 0.7046296000480652 0.03177083283662796 0.08518518507480621