1 0.31067708134651184 0.5537037253379822 0.01614583283662796 0.031481482088565826
1 0.5223958492279053 0.30092594027519226 0.015625 0.020370369777083397
1 0.3098958432674408 0.4921296238899231 0.01770833320915699 0.023148147389292717
3 0.3059895932674408 0.4583333432674408 0.02864583395421505 0.10740740597248077
1 0.522656261920929 0.5069444179534912 0.01614583283662796 0.02500000037252903
1 0.3083333373069763 0.42407408356666565 0.01770833320915699 0.025925925001502037
1 0.5375000238418579 0.4541666805744171 0.01770833320915699 0.028703704476356506
1 0.5096353888511658 0.2074074000120163 0.01614583283662796 0.025925925001502037
1 0.5783854126930237 0.47083333134651184 0.01614583283662796 0.02500000037252903
1 0.6148437261581421 0.47453704476356506 0.015104166232049465 0.03055555559694767
1 0.36770832538604736 0.7462962865829468 0.01666666753590107 0.025925925001502037
1 0.43541666865348816 0.6944444179534912 0.01666666753590107 0.025925925001502037
0 0.30651041865348816 0.44398146867752075 0.02656250074505806 0.07314814627170563
1 0.4281249940395355 0.36342594027519226 0.014583333395421505 0.02500000037252903
0 0.30859375 0.5754629373550415 0.02552083320915699 0.07685185223817825
3 0.3062500059604645 0.5513888597488403 0.02916666679084301 0.13611111044883728
0 0.5341145992279053 0.4749999940395355 0.02656250074505806 0.06851851940155029
0 0.510937511920929 0.5259259343147278 0.03020833246409893 0.051851850003004074
0 0.3763020932674408 0.7638888955116272 0.04010416567325592 0.07407407462596893
0 0.5718749761581421 0.49444442987442017 0.03020833246409893 0.07962962985038757
0 0.6302083134651184 0.4800925850868225 0.04895833507180214 0.05833333358168602
0 0.5135416388511658 0.23148147761821747 0.02604166604578495 0.07777778059244156
0 0.4338541626930237 0.33888888359069824 0.03020833246409893 0.07592592388391495
0 0.5247395634651184 0.33101850748062134 0.03177083283662796 0.08796296268701553
0 0.4385416805744171 0.7148148417472839 0.03229166567325592 0.08148147910833359