1 0.46484375 0.7884259223937988 0.0234375 0.0416666679084301
1 0.48359376192092896 0.8912037014961243 0.02135416679084301 0.032407406717538834
1 0.5333333611488342 0.8745370507240295 0.01979166641831398 0.026851851493120193
0 0.45260417461395264 0.8097222447395325 0.04791666567325592 0.04722222313284874
1 0.5528646111488342 0.5342592597007751 0.01718750037252903 0.02777777798473835
1 0.6572916507720947 0.5370370149612427 0.015625 0.02222222276031971
1 0.5796874761581421 0.48564815521240234 0.01875000074505806 0.023148147389292717
1 0.5278645753860474 0.5930555462837219 0.01718750037252903 0.026851851493120193
1 0.30807292461395264 0.3523148000240326 0.01718750037252903 0.021296296268701553
0 0.43802082538604736 0.8754629492759705 0.03125 0.0694444477558136
1 0.3346354067325592 0.7337962985038757 0.013020833022892475 0.02500000037252903
1 0.6544271111488342 0.49537035822868347 0.01406249962747097 0.025925925001502037
1 0.5874999761581421 0.40833333134651184 0.01770833320915699 0.024074073880910873
1 0.538281261920929 0.7657407522201538 0.01614583283662796 0.031481482088565826
3 0.4635416567325592 0.7782407402992249 0.0572916679084301 0.10648148506879807
1 0.4325520694255829 0.8620370626449585 0.01718750037252903 0.025925925001502037
1 0.6989583373069763 0.3810185194015503 0.01770833320915699 0.028703704476356506
0 0.3101562559604645 0.33287036418914795 0.02968749962747097 0.0694444477558136
0 0.5473958253860474 0.5532407164573669 0.02812499925494194 0.06203703582286835
0 0.5802083611488342 0.510185182094574 0.02708333358168602 0.07592592388391495
0 0.7054687738418579 0.39444443583488464 0.03593749925494194 0.07962962985038757
0 0.5830729007720947 0.43101853132247925 0.03072916716337204 0.07870370149612427
0 0.5221354365348816 0.6152777671813965 0.0338541679084301 0.07129629701375961
0 0.47447916865348816 0.7597222328186035 0.03437500074505806 0.0694444477558136
0 0.32630208134651184 0.7254629731178284 0.03489583358168602 0.06574074178934097
0 0.6526041626930237 0.5638889074325562 0.03541666641831398 0.07407407462596893
0 0.5528646111488342 0.7662037014961243 0.05052083358168602 0.06759259104728699
0 0.6674479246139526 0.5032407641410828 0.04114583507180214 0.06018518656492233