0 0.5997396111488342 0.9018518328666687 0.03177083283662796 0.03888889029622078
1 0.6739583611488342 0.6245370507240295 0.01875000074505806 0.03611111268401146
1 0.7239583134651184 0.5652777552604675 0.01875000074505806 0.026851851493120193
1 0.04296875 0.2967592477798462 0.01718750037252903 0.026851851493120193
0 0.5838541388511658 0.8629629611968994 0.02916666679084301 0.06851851940155029
1 0.01536458358168602 0.5259259343147278 0.01718750037252903 0.02777777798473835
1 0.5822916626930237 0.8972222208976746 0.015625 0.02777777798473835
1 0.3450520932674408 0.4027777910232544 0.01927083358168602 0.025925925001502037
1 0.04531250149011612 0.385185182094574 0.01770833320915699 0.025925925001502037
1 0.5661458373069763 0.7749999761581421 0.015625 0.031481482088565826
1 0.6528645753860474 0.8273147940635681 0.01614583283662796 0.034259259700775146
0 0.014322916977107525 0.1893518567085266 0.02864583395421505 0.03611111268401146
0 0.04479166492819786 0.3722222149372101 0.02604166604578495 0.07592592388391495
3 0.5919271111488342 0.8768518567085266 0.04635416716337204 0.09259258955717087
1 0.534375011920929 0.27407407760620117 0.01875000074505806 0.031481482088565826
1 0.03515625 0.2300925999879837 0.01197916641831398 0.021296296268701553
1 0.3567708432674408 0.5083333253860474 0.01770833320915699 0.02777777798473835
0 0.5052083134651184 0.9023148417472839 0.03333333507180214 0.05277777835726738
0 0.01406249962747097 0.5083333253860474 0.02708333358168602 0.07592592388391495
0 0.36640626192092896 0.5259259343147278 0.0494791679084301 0.09074074029922485
0 0.6664062738418579 0.822685182094574 0.04114583507180214 0.05833333358168602
0 0.03098958358168602 0.24351851642131805 0.02864583395421505 0.05370370298624039
0 0.04088541492819786 0.3134259283542633 0.02447916753590107 0.06759259104728699
0 0.5447916388511658 0.25925925374031067 0.0416666679084301 0.06666667014360428
0 0.34453123807907104 0.42222222685813904 0.03177083283662796 0.08703703433275223
0 0.7309895753860474 0.5462962985038757 0.03281249850988388 0.0833333358168602
0 0.5807291865348816 0.7643518447875977 0.04895833507180214 0.07314814627170563
0 0.6851562261581421 0.6162037253379822 0.05260416492819786 0.07500000298023224