1 0.5541666746139526 0.5662037134170532 0.014583333395421505 0.026851851493120193
1 0.31458333134651184 0.34398147463798523 0.01666666753590107 0.026851851493120193
1 0.2828125059604645 0.5222222208976746 0.015625 0.02222222276031971
1 0.6002604365348816 0.255092591047287 0.015104166232049465 0.026851851493120193
1 0.5700520873069763 0.5546296238899231 0.01614583283662796 0.025925925001502037
1 0.6481770873069763 0.6337962746620178 0.01822916604578495 0.028703704476356506
1 0.43802082538604736 0.1675925999879837 0.01666666753590107 0.029629629105329514
1 0.3033854067325592 0.4115740656852722 0.01614583283662796 0.023148147389292717
1 0.6734374761581421 0.4287036955356598 0.01666666753590107 0.031481482088565826
1 0.5992187261581421 0.35740742087364197 0.02135416679084301 0.031481482088565826
1 0.5119791626930237 0.30509260296821594 0.01875000074505806 0.03055555559694767
0 0.6382812261581421 0.6555555462837219 0.0390625 0.07407407462596893
0 0.2841145694255829 0.4671296179294586 0.02968749962747097 0.06018518656492233
0 0.5111979246139526 0.8259259462356567 0.02864583395421505 0.046296294778585434
0 0.3257812559604645 0.3263888955116272 0.04322916641831398 0.06759259104728699
0 0.28072917461395264 0.5490740537643433 0.02916666679084301 0.0833333358168602
0 0.539843738079071 0.5810185074806213 0.04218750074505806 0.049074072390794754
0 0.5830729007720947 0.5689814686775208 0.04010416567325592 0.05648148059844971
0 0.6143229007720947 0.25231480598449707 0.04635416716337204 0.043518517166376114
0 0.503125011920929 0.29027777910232544 0.03750000149011612 0.06574074178934097
0 0.5960937738418579 0.3342592716217041 0.03177083283662796 0.0833333358168602
0 0.3018229305744171 0.38935184478759766 0.02760416641831398 0.07314814627170563
0 0.4494791626930237 0.16342592239379883 0.04374999925494194 0.05833333358168602
0 0.6598958373069763 0.4194444417953491 0.046875 0.06666667014360428