1 0.4403645694255829 0.8143518567085266 0.01614583283662796 0.026851851493120193
1 0.5375000238418579 0.1884259283542633 0.014583333395421505 0.028703704476356506
1 0.4872395694255829 0.24583333730697632 0.01822916604578495 0.03055555559694767
1 0.3200520873069763 0.3592592477798462 0.01927083358168602 0.031481482088565826
1 0.5755208134651184 0.20277777314186096 0.015625 0.029629629105329514
1 0.38489583134651184 0.29120370745658875 0.01875000074505806 0.03055555559694767
1 0.4286458194255829 0.6625000238418579 0.01875000074505806 0.03055555559694767
0 0.41796875 0.644444465637207 0.0442708320915699 0.07407407462596893
1 0.4114583432674408 0.7287036776542664 0.01666666753590107 0.025925925001502037
1 0.37552082538604736 0.21666666865348816 0.01666666753590107 0.025925925001502037
1 0.6700521111488342 0.40925925970077515 0.01718750037252903 0.025925925001502037
1 0.3908854126930237 0.3819444477558136 0.01927083358168602 0.032407406717538834
1 0.4895833432674408 0.6902777552604675 0.01666666753590107 0.034259259700775146
1 0.5953124761581421 0.572685182094574 0.01666666753590107 0.03055555559694767
0 0.3864583373069763 0.20324073731899261 0.0364583320915699 0.05833333358168602
0 0.43671876192092896 0.7925925850868225 0.0234375 0.07407407462596893
1 0.49817708134651184 0.28796297311782837 0.02031249925494194 0.029629629105329514
0 0.37812501192092896 0.31388887763023376 0.03437500074505806 0.07962962985038757
0 0.6786458492279053 0.42129629850387573 0.03229166567325592 0.07407407462596893
0 0.3830729126930237 0.40509259700775146 0.03802083432674408 0.07685185223817825
0 0.4033854305744171 0.7115740776062012 0.03489583358168602 0.06759259104728699
0 0.5877603888511658 0.2092592567205429 0.0390625 0.05370370298624039
0 0.3161458373069763 0.3787037134170532 0.03333333507180214 0.07592592388391495
0 0.5052083134651184 0.6902777552604675 0.04895833507180214 0.05648148059844971
0 0.4924479126930237 0.26851850748062134 0.03281249850988388 0.07592592388391495
0 0.6075521111488342 0.5861111283302307 0.04531250149011612 0.07407407462596893
0 0.5276041626930237 0.17685185372829437 0.03541666641831398 0.0555555559694767