0 0.5653645992279053 0.864814817905426 0.03281249850988388 0.02777777798473835
1 0.5747395753860474 0.8166666626930237 0.01406249962747097 0.024074073880910873
0 0.5299479365348816 0.8796296119689941 0.03697916492819786 0.046296294778585434
0 0.5598958134651184 0.8208333253860474 0.04479166492819786 0.032407406717538834
1 0.7091146111488342 0.6643518805503845 0.01614583283662796 0.02500000037252903
0 0.48255208134651184 0.875 0.03697916492819786 0.03333333507180214
1 0.532031238079071 0.45787036418914795 0.01822916604578495 0.028703704476356506
1 0.6705729365348816 0.7504629492759705 0.01718750037252903 0.023148147389292717
1 0.3815104067325592 0.7907407283782959 0.015104166232049465 0.029629629105329514
1 0.5908854007720947 0.8481481671333313 0.015104166232049465 0.02777777798473835
1 0.4052083194255829 0.34861111640930176 0.01979166641831398 0.026851851493120193
1 0.5692708492279053 0.20277777314186096 0.01666666753590107 0.03333333507180214
1 0.5533854365348816 0.522685170173645 0.01718750037252903 0.03055555559694767
0 0.6057291626930237 0.8314814567565918 0.03854166716337204 0.0555555559694767
0 0.7046874761581421 0.6810185313224792 0.03437500074505806 0.0694444477558136
0 0.41197916865348816 0.3231481611728668 0.03229166567325592 0.08703703433275223
0 0.5257812738418579 0.4791666567325592 0.0338541679084301 0.07870370149612427
0 0.6695312261581421 0.7671296000480652 0.03177083283662796 0.06759259104728699
0 0.37109375 0.7773148417472839 0.03593749925494194 0.06574074178934097
0 0.5684896111488342 0.5319444537162781 0.04635416716337204 0.06203703582286835
0 0.5838541388511658 0.2013888955116272 0.04479166492819786 0.06574074178934097