1 0.6419270634651184 0.7388888597488403 0.01614583283662796 0.02777777798473835
0 0.3919270932674408 0.7365740537643433 0.03489583358168602 0.043518517166376114
1 0.42526042461395264 0.6912037134170532 0.01614583283662796 0.02500000037252903
0 0.6322916746139526 0.7486110925674438 0.04062499850988388 0.06203703582286835
1 0.359375 0.7268518805503845 0.015625 0.024074073880910873
1 0.3713541626930237 0.6842592358589172 0.014583333395421505 0.02777777798473835
1 0.5455729365348816 0.1537037044763565 0.015104166232049465 0.03333333507180214
1 0.518750011920929 0.6805555820465088 0.01770833320915699 0.025925925001502037
1 0.6356770992279053 0.35277777910232544 0.01718750037252903 0.02777777798473835
1 0.4046874940395355 0.4046296179294586 0.01770833320915699 0.024074073880910873
0 0.4216145873069763 0.710185170173645 0.02552083320915699 0.06666667014360428
1 0.6994791626930237 0.4236111044883728 0.01875000074505806 0.026851851493120193
1 0.3658854067325592 0.5550925731658936 0.01718750037252903 0.028703704476356506
3 0.40416666865348816 0.7194444537162781 0.05520833283662796 0.07592592388391495
0 0.3843750059604645 0.677314817905426 0.04062499850988388 0.0416666679084301
0 0.703125 0.4453703761100769 0.02812499925494194 0.08148147910833359
0 0.3596354126930237 0.7412037253379822 0.0234375 0.06018518656492233
0 0.5135416388511658 0.7050926089286804 0.03541666641831398 0.08425925672054291
0 0.3661458194255829 0.5310184955596924 0.03125 0.09537036716938019
0 0.5309895873069763 0.14861111342906952 0.04843749850988388 0.06018518656492233
0 0.6309896111488342 0.32870370149612427 0.03177083283662796 0.09259258955717087
0 0.4065104126930237 0.42916667461395264 0.03281249850988388 0.09907407313585281
0 0.6622396111488342 0.2736110985279083 0.0338541679084301 0.06203703582286835