1 0.3427083194255829 0.38055557012557983 0.01666666753590107 0.024074073880910873
1 0.6791666746139526 0.5185185074806213 0.015625 0.024074073880910873
1 0.44843751192092896 0.3499999940395355 0.01666666753590107 0.029629629105329514
1 0.6416666507720947 0.33287036418914795 0.015625 0.02500000037252903
0 0.671875 0.6027777791023254 0.02708333358168602 0.07222222536802292
1 0.5596354007720947 0.34675925970077515 0.013020833022892475 0.028703704476356506
1 0.28723958134651184 0.644444465637207 0.01718750037252903 0.02777777798473835
1 0.4507812559604645 0.8518518805503845 0.01614583283662796 0.031481482088565826
1 0.3088541626930237 0.7208333611488342 0.014583333395421505 0.02500000037252903
1 0.547656238079071 0.6222222447395325 0.015104166232049465 0.031481482088565826
0 0.6791666746139526 0.5375000238418579 0.03020833246409893 0.06574074178934097
1 0.3773437440395355 0.6254629492759705 0.015104166232049465 0.021296296268701553
1 0.48385417461395264 0.36250001192092896 0.01770833320915699 0.03055555559694767
0 0.3072916567325592 0.7060185074806213 0.02916666679084301 0.08425925672054291
3 0.6763020753860474 0.5712962746620178 0.03177083283662796 0.13333334028720856
0 0.2822916805744171 0.6245370507240295 0.03125 0.0824074074625969
0 0.643750011920929 0.35046297311782837 0.03125 0.07685185223817825
0 0.44348958134651184 0.3662036955356598 0.03072916716337204 0.07870370149612427
0 0.37838542461395264 0.6425926089286804 0.02760416641831398 0.0833333358168602
0 0.4945312440395355 0.3472222089767456 0.0390625 0.05925925821065903
0 0.34453123807907104 0.40046295523643494 0.03072916716337204 0.08611111342906952
0 0.5463541746139526 0.3462963104248047 0.04270833358168602 0.051851850003004074
0 0.43671876192092896 0.8435184955596924 0.04843749850988388 0.06296296417713165
0 0.3778645694255829 0.8282407522201538 0.03281249850988388 0.049074072390794754
0 0.561718761920929 0.6222222447395325 0.04843749850988388 0.06666667014360428