3 0.3205729126930237 0.42129629850387573 0.05052083358168602 0.08518518507480621
0 0.3114583194255829 0.4407407343387604 0.03541666641831398 0.04259259253740311
0 0.32083332538604736 0.41990742087364197 0.04895833507180214 0.0824074074625969
1 0.6791666746139526 0.4523148238658905 0.01770833320915699 0.02500000037252903
1 0.32109373807907104 0.4462963044643402 0.01822916604578495 0.02777777798473835
1 0.5466145873069763 0.5578703880310059 0.01718750037252903 0.03055555559694767
1 0.657031238079071 0.6143518686294556 0.01718750037252903 0.028703704476356506
1 0.5864583253860474 0.26851850748062134 0.01875000074505806 0.029629629105329514
1 0.5992187261581421 0.3611111044883728 0.02135416679084301 0.031481482088565826
1 0.5885416865348816 0.8087962865829468 0.015625 0.028703704476356506
0 0.28177082538604736 0.5560185313224792 0.02916666679084301 0.07129629701375961
1 0.5729166865348816 0.5152778029441833 0.01979166641831398 0.03055555559694767
1 0.5221354365348816 0.3273148238658905 0.01822916604578495 0.028703704476356506
0 0.5757812261581421 0.8143518567085266 0.04531250149011612 0.049074072390794754
1 0.41223958134651184 0.182407408952713 0.01822916604578495 0.031481482088565826
0 0.28333333134651184 0.4842592477798462 0.02604166604578495 0.06111111119389534
3 0.28203123807907104 0.522685170173645 0.03072916716337204 0.1398148089647293
0 0.6486979126930237 0.6356481313705444 0.03593749925494194 0.07314814627170563
0 0.5796874761581421 0.5393518805503845 0.03333333507180214 0.0824074074625969
0 0.678906261920929 0.43611112236976624 0.0338541679084301 0.07222222536802292
0 0.6002604365348816 0.25648146867752075 0.04635416716337204 0.046296294778585434
0 0.5338541865348816 0.5731481313705444 0.04062499850988388 0.05925925821065903
0 0.5135416388511658 0.31018519401550293 0.0364583320915699 0.06481481343507767
0 0.5953124761581421 0.3375000059604645 0.03125 0.08796296268701553
0 0.4260416626930237 0.17407406866550446 0.04583333432674408 0.06111111119389534