1 0.5328124761581421 0.8745370507240295 0.01875000074505806 0.026851851493120193
1 0.4828124940395355 0.8912037014961243 0.02187499962747097 0.03055555559694767
1 0.5908854007720947 0.3384259343147278 0.01822916604578495 0.02500000037252903
0 0.45494791865348816 0.8097222447395325 0.04114583507180214 0.05092592537403107
1 0.5026041865348816 0.7638888955116272 0.014583333395421505 0.02777777798473835
1 0.4429687559604645 0.8412036895751953 0.01927083358168602 0.026851851493120193
0 0.5955728888511658 0.33287036418914795 0.03802083432674408 0.11944444477558136
3 0.5955728888511658 0.33194443583488464 0.03697916492819786 0.12314815074205399
1 0.5703125 0.39629629254341125 0.015625 0.025925925001502037
1 0.6536458134651184 0.5319444537162781 0.01875000074505806 0.023148147389292717
1 0.6106770634651184 0.27731481194496155 0.01718750037252903 0.028703704476356506
1 0.551562488079071 0.4782407283782959 0.01770833320915699 0.028703704476356506
1 0.3346354067325592 0.7337962985038757 0.013020833022892475 0.02500000037252903
1 0.3083333373069763 0.35277777910232544 0.01770833320915699 0.020370369777083397
0 0.43802082538604736 0.8759258985519409 0.03125 0.07037036865949631
1 0.4325520694255829 0.8620370626449585 0.01718750037252903 0.025925925001502037
1 0.6528645753860474 0.4902777671813965 0.015104166232049465 0.03055555559694767
1 0.69921875 0.38055557012557983 0.01822916604578495 0.02777777798473835
0 0.4729166626930237 0.7583333253860474 0.03125 0.06111111119389534
3 0.4609375 0.7791666388511658 0.05520833283662796 0.10648148506879807
0 0.546875 0.5018518567085266 0.03229166567325592 0.07962962985038757
0 0.31041666865348816 0.33287036418914795 0.02916666679084301 0.06759259104728699
0 0.6067708134651184 0.29814815521240234 0.02500000037252903 0.07037036865949631
0 0.7054687738418579 0.39537036418914795 0.03489583358168602 0.07777778059244156
0 0.5625 0.41620370745658875 0.03125 0.06574074178934097
0 0.6536458134651184 0.5583333373069763 0.03229166567325592 0.08148147910833359
0 0.6653645634651184 0.49861112236976624 0.04322916641831398 0.06018518656492233
0 0.5169270634651184 0.7652778029441833 0.04635416716337204 0.049074072390794754
0 0.590624988079071 0.3578703701496124 0.02708333358168602 0.06574074178934097
0 0.32630208134651184 0.7254629731178284 0.03489583358168602 0.06574074178934097