1 0.5619791746139526 0.8958333134651184 0.015625 0.02500000037252903
0 0.4984374940395355 0.8986111283302307 0.01979166641831398 0.05277777835726738
1 0.714062511920929 0.7148148417472839 0.01875000074505806 0.024074073880910873
1 0.4986979067325592 0.8861111402511597 0.01822916604578495 0.031481482088565826
1 0.7166666388511658 0.6745370626449585 0.015625 0.028703704476356506
1 0.6325520873069763 0.7300925850868225 0.01822916604578495 0.02500000037252903
1 0.01536458358168602 0.5268518328666687 0.01822916604578495 0.029629629105329514
1 0.5208333134651184 0.8518518805503845 0.01979166641831398 0.03333333507180214
1 0.04505208507180214 0.38425925374031067 0.015104166232049465 0.024074073880910873
1 0.39401042461395264 0.6185185313224792 0.013020833022892475 0.024074073880910873
1 0.6526041626930237 0.7652778029441833 0.01666666753590107 0.03055555559694767
1 0.03489583358168602 0.2606481611728668 0.012500000186264515 0.026851851493120193
1 0.6039062738418579 0.4555555582046509 0.01927083358168602 0.029629629105329514
0 0.014583333395421505 0.1884259283542633 0.02916666679084301 0.04722222313284874
0 0.38098958134651184 0.6175925731658936 0.0442708320915699 0.06111111119389534
0 0.3463541567325592 0.6532407402992249 0.04270833358168602 0.049074072390794754
1 0.5223958492279053 0.18472221493721008 0.01875000074505806 0.032407406717538834
1 0.5697916746139526 0.5388888716697693 0.01770833320915699 0.031481482088565826
0 0.5223958492279053 0.8726851940155029 0.02500000037252903 0.07500000298023224
0 0.6575520634651184 0.7476851940155029 0.02760416641831398 0.0824074074625969
0 0.014583333395421505 0.5097222328186035 0.02812499925494194 0.07685185223817825
0 0.5341145992279053 0.182407408952713 0.0442708320915699 0.051851850003004074
0 0.02421874925494194 0.2537037134170532 0.0390625 0.05925925821065903
0 0.7135416865348816 0.730555534362793 0.02916666679084301 0.06666667014360428
0 0.04609375074505806 0.3731481432914734 0.02968749962747097 0.07037036865949631
0 0.557812511920929 0.5555555820465088 0.04374999925494194 0.06666667014360428
0 0.725781261920929 0.6611111164093018 0.03697916492819786 0.06666667014360428
0 0.02630208246409893 0.44212964177131653 0.04218750074505806 0.07129629701375961
0 0.6322916746139526 0.7546296119689941 0.02500000037252903 0.08148147910833359
0 0.5981770753860474 0.4731481373310089 0.03697916492819786 0.08148147910833359