1 0.7041666507720947 0.38148146867752075 0.01666666753590107 0.025925925001502037
1 0.5716145634651184 0.1587962955236435 0.01614583283662796 0.028703704476356506
1 0.5526041388511658 0.8398148417472839 0.015625 0.029629629105329514
0 0.5747395753860474 0.24583333730697632 0.02552083320915699 0.07129629701375961
0 0.6114583611488342 0.18796296417713165 0.03125 0.04259259253740311
1 0.56640625 0.19768518209457397 0.013020833022892475 0.021296296268701553
0 0.5739583373069763 0.8587962985038757 0.03437500074505806 0.0416666679084301
3 0.590624988079071 0.8379629850387573 0.0729166641831398 0.07037036865949631
1 0.4791666567325592 0.47685185074806213 0.01770833320915699 0.031481482088565826
0 0.5778645873069763 0.20185184478759766 0.03802083432674408 0.03703703731298447
3 0.5934895873069763 0.25925925374031067 0.0598958320915699 0.07592592388391495
1 0.56640625 0.512499988079071 0.01718750037252903 0.028703704476356506
3 0.5942708253860474 0.17546296119689941 0.06458333134651184 0.0694444477558136
1 0.6908854246139526 0.32499998807907104 0.01718750037252903 0.02777777798473835
0 0.5804687738418579 0.16249999403953552 0.03697916492819786 0.05092592537403107
1 0.6036458611488342 0.7449073791503906 0.01770833320915699 0.032407406717538834
0 0.715624988079071 0.4027777910232544 0.03125 0.06851851940155029
0 0.6989583373069763 0.34074074029922485 0.03437500074505806 0.06111111119389534
0 0.5408853888511658 0.852314829826355 0.0390625 0.049074072390794754
3 0.7075520753860474 0.3759259283542633 0.0494791679084301 0.12037037312984467
0 0.6075521111488342 0.8291666507720947 0.0390625 0.05277777835726738
0 0.5736979246139526 0.5333333611488342 0.03593749925494194 0.07962962985038757
0 0.5901041626930237 0.7546296119689941 0.04479166492819786 0.06111111119389534
0 0.6059895753860474 0.2736110985279083 0.0390625 0.05092592537403107
0 0.4924479126930237 0.4921296238899231 0.04739583283662796 0.0694444477558136