0 0.5179687738418579 0.8111110925674438 0.05260416492819786 0.051851850003004074
1 0.4778645932674408 0.8583333492279053 0.01718750037252903 0.02777777798473835
1 0.632031261920929 0.40833333134651184 0.015104166232049465 0.029629629105329514
1 0.6575520634651184 0.35092592239379883 0.01614583283662796 0.024074073880910873
1 0.41744792461395264 0.8310185074806213 0.015104166232049465 0.028703704476356506
0 0.5291666388511658 0.8134258985519409 0.02291666716337204 0.04537037014961243
0 0.4945312440395355 0.8115741014480591 0.02239583246409893 0.043518517166376114
1 0.4791666567325592 0.5527777671813965 0.014583333395421505 0.031481482088565826
0 0.48124998807907104 0.8578703999519348 0.02708333358168602 0.03611111268401146
1 0.30000001192092896 0.3819444477558136 0.01666666753590107 0.02500000037252903
1 0.5783854126930237 0.8092592358589172 0.015104166232049465 0.02777777798473835
0 0.5403645634651184 0.7652778029441833 0.0234375 0.06018518656492233
1 0.37578123807907104 0.5064814686775208 0.01614583283662796 0.03333333507180214
1 0.5403645634651184 0.20416666567325592 0.015104166232049465 0.03055555559694767
0 0.4221354126930237 0.831944465637207 0.02760416641831398 0.037962961941957474
3 0.532031238079071 0.7861111164093018 0.0390625 0.09814814478158951
0 0.5697916746139526 0.8157407641410828 0.03229166567325592 0.040740739554166794
0 0.3046875 0.36342594027519226 0.03229166567325592 0.07685185223817825
0 0.6393229365348816 0.4217592477798462 0.03697916492819786 0.08055555820465088
0 0.649218738079071 0.33703702688217163 0.03697916492819786 0.06481481343507767
0 0.4919270873069763 0.5592592358589172 0.05052083358168602 0.06851851940155029
0 0.38854166865348816 0.5157407522201538 0.05312500149011612 0.07222222536802292
0 0.5255208611488342 0.20277777314186096 0.04583333432674408 0.06111111119389534