1 0.36536458134651184 0.7620370388031006 0.01406249962747097 0.024074073880910873
1 0.3864583373069763 0.6652777791023254 0.01770833320915699 0.028703704476356506
0 0.5356770753860474 0.8425925970077515 0.02968749962747097 0.035185184329748154
1 0.31432291865348816 0.582870364189148 0.01718750037252903 0.02500000037252903
1 0.3330729305744171 0.6615740656852722 0.015104166232049465 0.026851851493120193
1 0.38671875 0.5236111283302307 0.01614583283662796 0.028703704476356506
1 0.4114583432674408 0.18611110746860504 0.014583333395421505 0.025925925001502037
1 0.635937511920929 0.3523148000240326 0.01666666753590107 0.026851851493120193
1 0.39765626192092896 0.38055557012557983 0.01927083358168602 0.025925925001502037
1 0.6997395753860474 0.4226851761341095 0.01822916604578495 0.026851851493120193
0 0.39791667461395264 0.19583334028720856 0.03958333283662796 0.05277777835726738
0 0.3138020932674408 0.5564814805984497 0.02552083320915699 0.07407407462596893
0 0.49687498807907104 0.832870364189148 0.03333333507180214 0.049074072390794754
0 0.7028645873069763 0.4444444477558136 0.02760416641831398 0.08518518507480621
0 0.39505207538604736 0.34675925970077515 0.03072916716337204 0.09537036716938019
0 0.328125 0.6379629373550415 0.03229166567325592 0.08148147910833359
0 0.3971354067325592 0.5407407283782959 0.0442708320915699 0.0833333358168602
0 0.6619791388511658 0.27222222089767456 0.03333333507180214 0.06111111119389534
0 0.38854166865348816 0.6875 0.03125 0.08055555820465088
0 0.6307291388511658 0.3231481611728668 0.03125 0.09259258955717087
0 0.3721354305744171 0.7680555582046509 0.03697916492819786 0.05833333358168602