1 0.6812499761581421 0.5120370388031006 0.01875000074505806 0.024074073880910873
1 0.6106770634651184 0.5597222447395325 0.01406249962747097 0.028703704476356506
1 0.6231771111488342 0.5722222328186035 0.01927083358168602 0.029629629105329514
1 0.3356770873069763 0.2967592477798462 0.01614583283662796 0.02500000037252903
1 0.4898437559604645 0.5217592716217041 0.01614583283662796 0.03055555559694767
0 0.34687501192092896 0.27731481194496155 0.0364583320915699 0.06574074178934097
1 0.6697916388511658 0.6425926089286804 0.01979166641831398 0.029629629105329514
1 0.4143229126930237 0.7731481194496155 0.01718750037252903 0.02777777798473835
1 0.37682291865348816 0.8013888597488403 0.01822916604578495 0.023148147389292717
1 0.5489583611488342 0.35972222685813904 0.01875000074505806 0.03611111268401146
1 0.3697916567325592 0.45277777314186096 0.01875000074505806 0.035185184329748154
0 0.535937488079071 0.3680555522441864 0.04791666567325592 0.06018518656492233
1 0.48750001192092896 0.32592591643333435 0.01770833320915699 0.025925925001502037
1 0.4190104305744171 0.2092592567205429 0.01718750037252903 0.031481482088565826
0 0.6302083134651184 0.6018518805503845 0.02500000037252903 0.08148147910833359
0 0.6830729246139526 0.48472222685813904 0.02760416641831398 0.0824074074625969
0 0.6677083373069763 0.6203703880310059 0.02916666679084301 0.08518518507480621
0 0.3565104305744171 0.4453703761100769 0.04635416716337204 0.06296296417713165
0 0.4348958432674408 0.20601852238178253 0.05000000074505806 0.05092592537403107
0 0.3799479305744171 0.8203703761100769 0.03072916716337204 0.06666667014360428
0 0.5947916507720947 0.5666666626930237 0.04479166492819786 0.0555555559694767
0 0.5010416507720947 0.5064814686775208 0.04791666567325592 0.07222222536802292
0 0.4911458194255829 0.3037036955356598 0.02916666679084301 0.07962962985038757
0 0.4020833373069763 0.7574074268341064 0.04270833358168602 0.06481481343507767