1 0.4596354067325592 0.1615740805864334 0.015104166232049465 0.028703704476356506
1 0.4450520873069763 0.8712962865829468 0.01406249962747097 0.025925925001502037
0 0.42890626192092896 0.8541666865348816 0.02447916753590107 0.04537037014961243
0 0.33255207538604736 0.2671296298503876 0.04114583507180214 0.08611111342906952
1 0.6432291865348816 0.2976851761341095 0.01770833320915699 0.026851851493120193
1 0.6664062738418579 0.3712962865829468 0.015104166232049465 0.02222222276031971
0 0.30390626192092896 0.3222222328186035 0.02656250074505806 0.05000000074505806
0 0.34036457538604736 0.2509259283542633 0.02656250074505806 0.0555555559694767
1 0.5247395634651184 0.3782407343387604 0.01822916604578495 0.026851851493120193
1 0.2854166626930237 0.5861111283302307 0.01770833320915699 0.025925925001502037
1 0.38359373807907104 0.8310185074806213 0.01406249962747097 0.02500000037252903
0 0.3062500059604645 0.3828703761100769 0.02916666679084301 0.0694444477558136
3 0.32994791865348816 0.28009259700775146 0.04843749850988388 0.1101851835846901
1 0.5315104126930237 0.17129629850387573 0.015104166232049465 0.029629629105329514
0 0.45494791865348816 0.875 0.03281249850988388 0.035185184329748154
0 0.39375001192092896 0.8361111283302307 0.03437500074505806 0.040740739554166794
3 0.3057291805744171 0.3560185134410858 0.03437500074505806 0.12129629403352737
0 0.2874999940395355 0.6064814925193787 0.02708333358168602 0.07777778059244156
0 0.6682291626930237 0.38935184478759766 0.03541666641831398 0.08055555820465088
0 0.5270833373069763 0.3550925850868225 0.03020833246409893 0.09166666865348816
0 0.4690104126930237 0.15648147463798523 0.03802083432674408 0.05740740895271301
0 0.6479166746139526 0.3125 0.03125 0.07870370149612427
0 0.54296875 0.17407406866550446 0.04010416567325592 0.06111111119389534