1 0.58984375 0.1796296238899231 0.015104166232049465 0.024074073880910873
1 0.3528645932674408 0.6967592835426331 0.015104166232049465 0.026851851493120193
0 0.6895833611488342 0.3782407343387604 0.03333333507180214 0.10833333432674408
1 0.30520832538604736 0.46296295523643494 0.01666666753590107 0.025925925001502037
0 0.6809895634651184 0.34583333134651184 0.03072916716337204 0.06203703582286835
1 0.40312498807907104 0.19398148357868195 0.01354166679084301 0.028703704476356506
1 0.6752604246139526 0.3351851999759674 0.01822916604578495 0.031481482088565826
1 0.6963541507720947 0.41620370745658875 0.01666666753590107 0.026851851493120193
1 0.5247395634651184 0.21759259700775146 0.01614583283662796 0.029629629105329514
0 0.6940104365348816 0.40046295523643494 0.02447916753590107 0.05833333358168602
1 0.5625 0.35092592239379883 0.01875000074505806 0.031481482088565826
1 0.32890623807907104 0.32777777314186096 0.01822916604578495 0.029629629105329514
1 0.48828125 0.15046297013759613 0.015104166232049465 0.028703704476356506
0 0.528124988079071 0.8370370268821716 0.03437500074505806 0.046296294778585434
0 0.5010416507720947 0.1467592567205429 0.04374999925494194 0.0416666679084301
3 0.6864583492279053 0.375 0.04062499850988388 0.12222222238779068
0 0.34843748807907104 0.6768518686294556 0.03854166716337204 0.09259258955717087
0 0.30416667461395264 0.47361111640930176 0.03125 0.0694444477558136
0 0.39114582538604736 0.20092593133449554 0.03437500074505806 0.0555555559694767
0 0.3244791626930237 0.3462963104248047 0.03958333283662796 0.08703703433275223
0 0.5825520753860474 0.16851851344108582 0.0338541679084301 0.0555555559694767
0 0.5127604007720947 0.2300925999879837 0.04010416567325592 0.06018518656492233
0 0.5682291388511658 0.37453705072402954 0.03437500074505806 0.08981481194496155