1 0.49791666865348816 0.8879629373550415 0.01979166641831398 0.029629629105329514
1 0.6330729126930237 0.7199074029922485 0.01406249962747097 0.02500000037252903
1 0.6526041626930237 0.6675925850868225 0.01770833320915699 0.02777777798473835
1 0.7161458134651184 0.7152777910232544 0.01979166641831398 0.026851851493120193
0 0.4986979067325592 0.9004629850387573 0.02031249925494194 0.05092592537403107
1 0.015625 0.5273148417472839 0.01770833320915699 0.028703704476356506
1 0.5169270634651184 0.8509259223937988 0.01406249962747097 0.02777777798473835
1 0.3531250059604645 0.7513889074325562 0.02291666716337204 0.037962961941957474
1 0.04505208507180214 0.3856481611728668 0.015104166232049465 0.023148147389292717
1 0.03463541716337204 0.2611111104488373 0.01197916641831398 0.025925925001502037
0 0.014322916977107525 0.1884259283542633 0.02864583395421505 0.043518517166376114
1 0.32499998807907104 0.6000000238418579 0.01979166641831398 0.029629629105329514
1 0.6507812738418579 0.6189814805984497 0.01718750037252903 0.028703704476356506
1 0.4609375 0.4611110985279083 0.01666666753590107 0.031481482088565826
1 0.7338541746139526 0.5435185432434082 0.01979166641831398 0.02777777798473835
0 0.6455729007720947 0.6824073791503906 0.03177083283662796 0.06481481343507767
0 0.6333333253860474 0.7509258985519409 0.02395833283662796 0.07592592388391495
0 0.5309895873069763 0.8583333492279053 0.04010416567325592 0.04814814776182175
0 0.014583333395421505 0.5097222328186035 0.02812499925494194 0.07685185223817825
0 0.35989582538604736 0.7416666746139526 0.0416666679084301 0.10000000149011612
0 0.02447916753590107 0.2541666626930237 0.03854166716337204 0.05833333358168602
3 0.641406238079071 0.7199074029922485 0.04218750074505806 0.13055555522441864
0 0.7138020992279053 0.7287036776542664 0.03072916716337204 0.06111111119389534
0 0.44739583134651184 0.4541666805744171 0.05000000074505806 0.06574074178934097
0 0.04635416716337204 0.3731481432914734 0.02916666679084301 0.06851851940155029
0 0.3231770694255829 0.5824074149131775 0.02760416641831398 0.08518518507480621
0 0.02630208246409893 0.4416666626930237 0.04218750074505806 0.07037036865949631
0 0.7377604246139526 0.5217592716217041 0.02864583395421505 0.0824074074625969
0 0.659375011920929 0.6018518805503845 0.0416666679084301 0.07037036865949631