0 0.5145833492279053 0.8208333253860474 0.03125 0.05277777835726738
0 0.6325520873069763 0.44398146867752075 0.0442708320915699 0.043518517166376114
0 0.5802083611488342 0.5694444179534912 0.06458333134651184 0.09074074029922485
1 0.4307291805744171 0.4731481373310089 0.01875000074505806 0.029629629105329514
0 0.5486978888511658 0.6625000238418579 0.02447916753590107 0.06388889253139496
3 0.571093738079071 0.7129629850387573 0.05781250074505806 0.05925925821065903
3 0.6070312261581421 0.5217592716217041 0.05885416641831398 0.09537036716938019
0 0.6234375238418579 0.4972222149372101 0.02500000037252903 0.05925925821065903
1 0.551562488079071 0.6393518447875977 0.01770833320915699 0.023148147389292717
3 0.6302083134651184 0.4800925850868225 0.03854166716337204 0.09907407313585281
0 0.5953124761581421 0.5462962985038757 0.03229166567325592 0.05925925821065903
0 0.5411458611488342 0.7166666388511658 0.02604166604578495 0.05925925821065903
0 0.6447916626930237 0.3671296238899231 0.02083333395421505 0.06388889253139496
0 0.5768229365348816 0.7175925970077515 0.04010416567325592 0.046296294778585434
0 0.5486978888511658 0.8254629373550415 0.03072916716337204 0.043518517166376114
3 0.5809895992279053 0.5685185194015503 0.06302083283662796 0.09074074029922485
0 0.5638020634651184 0.5888888835906982 0.03177083283662796 0.05740740895271301
3 0.6388021111488342 0.39722222089767456 0.04010416567325592 0.11851851642131805
0 0.4244791567325592 0.48750001192092896 0.03750000149011612 0.07129629701375961
3 0.5432291626930237 0.6875 0.03541666641831398 0.11574073880910873