1 0.5804687738418579 0.8166666626930237 0.01614583283662796 0.02777777798473835
1 0.40703123807907104 0.2935185134410858 0.01927083358168602 0.029629629105329514
1 0.45703125 0.6282407641410828 0.01822916604578495 0.028703704476356506
1 0.4919270873069763 0.5407407283782959 0.01822916604578495 0.029629629105329514
1 0.5778645873069763 0.432407408952713 0.01718750037252903 0.029629629105329514
1 0.3499999940395355 0.33379629254341125 0.01770833320915699 0.026851851493120193
1 0.38854166865348816 0.8245370388031006 0.014583333395421505 0.028703704476356506
1 0.5177083611488342 0.33472222089767456 0.01770833320915699 0.03055555559694767
1 0.4065104126930237 0.2152777761220932 0.01822916604578495 0.03055555559694767
1 0.624218761920929 0.3125 0.01822916604578495 0.028703704476356506
0 0.4000000059604645 0.8217592835426331 0.03958333283662796 0.03981481492519379
0 0.40312498807907104 0.3125 0.03125 0.06388889253139496
1 0.5942708253860474 0.8134258985519409 0.015625 0.028703704476356506
1 0.37890625 0.7120370268821716 0.015104166232049465 0.02777777798473835
0 0.3596354126930237 0.3162037134170532 0.03593749925494194 0.06759259104728699
1 0.4752604067325592 0.2004629671573639 0.02031249925494194 0.028703704476356506
0 0.5625 0.8222222328186035 0.04062499850988388 0.040740739554166794
0 0.48645833134651184 0.5629629492759705 0.03333333507180214 0.07592592388391495
0 0.4815104305744171 0.2240740805864334 0.02968749962747097 0.07407407462596893
0 0.44999998807907104 0.6527777910232544 0.03541666641831398 0.0833333358168602
0 0.5872395634651184 0.41527777910232544 0.03697916492819786 0.06759259104728699
0 0.6317708492279053 0.3384259343147278 0.03229166567325592 0.07685185223817825
0 0.604687511920929 0.802314817905426 0.03541666641831398 0.05833333358168602
0 0.5065104365348816 0.35185185074806213 0.04322916641831398 0.06666667014360428
0 0.421875 0.20277777314186096 0.046875 0.0555555559694767
0 0.3869791626930237 0.6898148059844971 0.0364583320915699 0.08148147910833359