5 0.5182291865348816 0.427314817905426 0.02708333358168602 0.09351851791143417
3 0.3151041567325592 0.510185182094574 0.02187499962747097 0.11296296119689941
0 0.5182291865348816 0.4055555462837219 0.01875000074505806 0.05370370298624039
1 0.51953125 0.5087962746620178 0.01197916641831398 0.026851851493120193
0 0.500781238079071 0.5050926208496094 0.02447916753590107 0.0416666679084301
3 0.49661457538604736 0.48842594027519226 0.03593749925494194 0.07500000298023224
0 0.5302083492279053 0.5092592835426331 0.02916666679084301 0.040740739554166794
1 0.5169270634651184 0.3856481611728668 0.015104166232049465 0.021296296268701553
1 0.3450520932674408 0.5745370388031006 0.015104166232049465 0.023148147389292717
3 0.5169270634651184 0.42824074625968933 0.0234375 0.09166666865348816
0 0.5562499761581421 0.5365740656852722 0.02291666716337204 0.028703704476356506
4 0.31458333134651184 0.48657408356666565 0.02291666716337204 0.06388889253139496
0 0.5794270634651184 0.5425925850868225 0.02552083320915699 0.029629629105329514
3 0.5424479246139526 0.5259259343147278 0.05572916567325592 0.05000000074505806
0 0.5151041746139526 0.44907405972480774 0.01770833320915699 0.040740739554166794
0 0.5768229365348816 0.5898148417472839 0.02239583246409893 0.05000000074505806
0 0.34427082538604736 0.6032407283782959 0.01770833320915699 0.07314814627170563
3 0.5755208134651184 0.5740740895271301 0.03020833246409893 0.08148147910833359
0 0.4898437559604645 0.46898147463798523 0.02656250074505806 0.04537037014961243
0 0.33515626192092896 0.6226851940155029 0.01927083358168602 0.05833333358168602
3 0.32473957538604736 0.5925925970077515 0.03697916492819786 0.1259259283542633