1 0.43020832538604736 0.7351852059364319 0.015625 0.02777777798473835
1 0.4859375059604645 0.16342592239379883 0.01666666753590107 0.028703704476356506
0 0.34765625 0.27916666865348816 0.03177083283662796 0.06574074178934097
1 0.3921875059604645 0.20416666567325592 0.014583333395421505 0.03055555559694767
1 0.34322917461395264 0.34398147463798523 0.01770833320915699 0.03055555559694767
1 0.5497395992279053 0.15000000596046448 0.015104166232049465 0.025925925001502037
1 0.3578124940395355 0.26249998807907104 0.015625 0.02500000037252903
3 0.3499999940395355 0.3083333373069763 0.04062499850988388 0.11666666716337204
1 0.5088541507720947 0.28425925970077515 0.01666666753590107 0.029629629105329514
1 0.4596354067325592 0.16249999403953552 0.01614583283662796 0.032407406717538834
0 0.3513020873069763 0.3245370388031006 0.03697916492819786 0.0824074074625969
0 0.48489582538604736 0.15601852536201477 0.01979166641831398 0.05092592537403107
1 0.30859375 0.5120370388031006 0.01927083358168602 0.02777777798473835
0 0.514843761920929 0.1449074000120163 0.04010416567325592 0.03981481492519379
1 0.559374988079071 0.3499999940395355 0.01875000074505806 0.029629629105329514
0 0.3799479305744171 0.21111111342906952 0.03802083432674408 0.05740740895271301
0 0.5630208253860474 0.15231481194496155 0.0364583320915699 0.04537037014961243
0 0.4401041567325592 0.7453703880310059 0.04062499850988388 0.06851851940155029
0 0.30520832538604736 0.48750001192092896 0.03125 0.08611111342906952
0 0.44583332538604736 0.15648147463798523 0.046875 0.05370370298624039
0 0.5221354365348816 0.27731481194496155 0.05364583432674408 0.07870370149612427
0 0.5645833611488342 0.375 0.03333333507180214 0.09074074029922485