1 0.3109374940395355 0.40925925970077515 0.01770833320915699 0.025925925001502037
1 0.3174479305744171 0.3949074149131775 0.01822916604578495 0.023148147389292717
0 0.6539062261581421 0.6356481313705444 0.03802083432674408 0.07500000298023224
1 0.6119791865348816 0.20555555820465088 0.01666666753590107 0.02777777798473835
1 0.5791666507720947 0.17222222685813904 0.015625 0.02777777798473835
3 0.6559895873069763 0.6509259343147278 0.04218750074505806 0.10185185074806213
1 0.6481770873069763 0.7199074029922485 0.01718750037252903 0.026851851493120193
1 0.37291666865348816 0.2273148149251938 0.014583333395421505 0.02500000037252903
1 0.4481770694255829 0.16388888657093048 0.01614583283662796 0.025925925001502037
1 0.5455729365348816 0.15324074029922485 0.01614583283662796 0.028703704476356506
1 0.5622395873069763 0.35092592239379883 0.01822916604578495 0.031481482088565826
1 0.6031249761581421 0.7564814686775208 0.01770833320915699 0.029629629105329514
0 0.3192708194255829 0.37268519401550293 0.02604166604578495 0.05833333358168602
0 0.5557291507720947 0.15416666865348816 0.0364583320915699 0.0416666679084301
0 0.3075520694255829 0.43518519401550293 0.02552083320915699 0.07222222536802292
0 0.6580728888511658 0.7050926089286804 0.03489583358168602 0.06574074178934097
0 0.40286457538604736 0.1893518567085266 0.02552083320915699 0.05277777835726738
0 0.5903645753860474 0.17731481790542603 0.03072916716337204 0.03981481492519379
0 0.36328125 0.24351851642131805 0.03489583358168602 0.06296296417713165
0 0.6229166388511658 0.21851852536201477 0.03229166567325592 0.04814814776182175
0 0.589062511920929 0.7722222208976746 0.04583333432674408 0.06111111119389534
0 0.5682291388511658 0.37361112236976624 0.03229166567325592 0.08611111342906952
0 0.4596354067325592 0.15416666865348816 0.04114583507180214 0.05462963134050369