1 0.4299479126930237 0.38148146867752075 0.01822916604578495 0.03703703731298447
1 0.42786458134651184 0.3611111044883728 0.01614583283662796 0.025925925001502037
1 0.606249988079071 0.36250001192092896 0.01770833320915699 0.028703704476356506
1 0.6130208373069763 0.4722222089767456 0.015625 0.029629629105329514
1 0.4348958432674408 0.6935185194015503 0.01666666753590107 0.02777777798473835
1 0.5236979126930237 0.49351853132247925 0.01822916604578495 0.02777777798473835
1 0.3346354067325592 0.2967592477798462 0.01718750037252903 0.02500000037252903
1 0.3630208373069763 0.2865740656852722 0.015625 0.028703704476356506
1 0.5348958373069763 0.4194444417953491 0.01666666753590107 0.029629629105329514
1 0.37890625 0.47870370745658875 0.01614583283662796 0.03333333507180214
1 0.44999998807907104 0.19398148357868195 0.01666666753590107 0.03055555559694767
1 0.32734376192092896 0.6449074149131775 0.01718750037252903 0.028703704476356506
0 0.4244791567325592 0.40833333134651184 0.03541666641831398 0.07592592388391495
0 0.43437498807907104 0.3393518626689911 0.03437500074505806 0.07685185223817825
0 0.3296875059604645 0.32083332538604736 0.03229166567325592 0.07685185223817825
0 0.5328124761581421 0.4407407343387604 0.02916666679084301 0.08148147910833359
0 0.628125011920929 0.4800925850868225 0.05000000074505806 0.06388889253139496
0 0.3346354067325592 0.6657407283782959 0.03489583358168602 0.08148147910833359
0 0.600781261920929 0.38240739703178406 0.03281249850988388 0.08518518507480621
0 0.5151041746139526 0.5129629373550415 0.03541666641831398 0.07037036865949631
0 0.4388020932674408 0.7148148417472839 0.03177083283662796 0.08518518507480621
0 0.37812501192092896 0.27222222089767456 0.04479166492819786 0.05925925821065903
0 0.3643229305744171 0.4939814805984497 0.05260416492819786 0.07685185223817825
0 0.4661458432674408 0.19583334028720856 0.0520833320915699 0.06018518656492233