1 0.6429687738418579 0.8347222208976746 0.01927083358168602 0.03611111268401146
1 0.4973958432674408 0.8902778029441833 0.02291666716337204 0.03611111268401146
1 0.04296875 0.2967592477798462 0.01718750037252903 0.026851851493120193
1 0.01536458358168602 0.5263888835906982 0.01822916604578495 0.028703704476356506
1 0.5145833492279053 0.33796295523643494 0.01979166641831398 0.029629629105329514
0 0.49687498807907104 0.8949074149131775 0.02708333358168602 0.05833333358168602
1 0.3265624940395355 0.605555534362793 0.01979166641831398 0.02777777798473835
0 0.014322916977107525 0.18981482088565826 0.02864583395421505 0.03703703731298447
1 0.5580729246139526 0.48657408356666565 0.01822916604578495 0.032407406717538834
1 0.0455729179084301 0.385185182094574 0.01718750037252903 0.025925925001502037
1 0.6031249761581421 0.2671296298503876 0.01875000074505806 0.03055555559694767
1 0.6674479246139526 0.7939814925193787 0.01822916604578495 0.026851851493120193
1 0.03541666641831398 0.2300925999879837 0.012500000186264515 0.021296296268701553
0 0.04479166492819786 0.3717592656612396 0.02604166604578495 0.07685185223817825
0 0.5489583611488342 0.9189814925193787 0.03541666641831398 0.03981481492519379
1 0.37890625 0.792129635810852 0.01822916604578495 0.034259259700775146
1 0.4479166567325592 0.30694442987442017 0.01979166641831398 0.032407406717538834
0 0.32499998807907104 0.5888888835906982 0.02708333358168602 0.08703703433275223
0 0.014322916977107525 0.5083333253860474 0.02760416641831398 0.07962962985038757
0 0.6731770634651184 0.8060185313224792 0.03489583358168602 0.06388889253139496
0 0.5833333134651184 0.8995370268821716 0.03437500074505806 0.04537037014961243
0 0.04140625149011612 0.31388887763023376 0.02447916753590107 0.06851851940155029
0 0.03098958358168602 0.2430555522441864 0.02968749962747097 0.05462963134050369
0 0.5677083134651184 0.5009258985519409 0.04062499850988388 0.07037036865949631
0 0.6361979246139526 0.8282407522201538 0.03489583358168602 0.07129629701375961
0 0.5091145634651184 0.31805557012557983 0.03177083283662796 0.07685185223817825
0 0.5992187261581421 0.2916666567325592 0.03177083283662796 0.07962962985038757
0 0.45911458134651184 0.29212963581085205 0.04322916641831398 0.06388889253139496
0 0.39531248807907104 0.7990740537643433 0.0520833320915699 0.07407407462596893