0 0.33776041865348816 0.7518518567085266 0.02656250074505806 0.05000000074505806
3 0.6611979007720947 0.7583333253860474 0.05781250074505806 0.10555555671453476
1 0.32864582538604736 0.727314829826355 0.01770833320915699 0.023148147389292717
0 0.6736978888511658 0.3296296298503876 0.02864583395421505 0.06666667014360428
0 0.6330729126930237 0.7865740656852722 0.01927083358168602 0.05277777835726738
1 0.3942708373069763 0.7875000238418579 0.01979166641831398 0.032407406717538834
3 0.6812499761581421 0.34398147463798523 0.05000000074505806 0.10092592239379883
1 0.49531251192092896 0.8407407402992249 0.015625 0.02777777798473835
0 0.4398437440395355 0.8791666626930237 0.0234375 0.05648148059844971
1 0.4013020694255829 0.8379629850387573 0.01822916604578495 0.029629629105329514
1 0.6763020753860474 0.7180555462837219 0.01927083358168602 0.03055555559694767
1 0.43359375 0.8615740537643433 0.01822916604578495 0.03055555559694767
0 0.6807291507720947 0.34398147463798523 0.05000000074505806 0.10092592239379883
0 0.3864583373069763 0.769444465637207 0.0364583320915699 0.07962962985038757
1 0.4075520932674408 0.6532407402992249 0.01614583283662796 0.028703704476356506
0 0.6416666507720947 0.7851851582527161 0.03437500074505806 0.06851851940155029
0 0.3229166567325592 0.7166666388511658 0.02604166604578495 0.04814814776182175
1 0.6325520873069763 0.7740740776062012 0.01822916604578495 0.02777777798473835
0 0.692187488079071 0.3601851761341095 0.02500000037252903 0.06111111119389534
1 0.2979166805744171 0.44305557012557983 0.01875000074505806 0.026851851493120193
0 0.6729166507720947 0.730555534362793 0.03229166567325592 0.05925925821065903
0 0.36276042461395264 0.8032407164573669 0.0338541679084301 0.06203703582286835
0 0.30000001192092896 0.41712963581085205 0.02916666679084301 0.0824074074625969
0 0.4091145694255829 0.8495370149612427 0.03489583358168602 0.05277777835726738
3 0.3570312559604645 0.7814815044403076 0.05260416492819786 0.09814814478158951
0 0.3997395932674408 0.6370370388031006 0.0390625 0.07777778059244156