1 0.3828125 0.8199074268341064 0.01145833358168602 0.021296296268701553
1 0.5390625 0.9027777910232544 0.015625 0.029629629105329514
0 0.6122395992279053 0.8120370507240295 0.02968749962747097 0.05000000074505806
1 0.39114582538604736 0.43194442987442017 0.01770833320915699 0.026851851493120193
1 0.4088541567325592 0.2587963044643402 0.01875000074505806 0.02500000037252903
1 0.37317708134651184 0.3643518388271332 0.01614583283662796 0.023148147389292717
1 0.3921875059604645 0.1875 0.014583333395421505 0.02500000037252903
1 0.44999998807907104 0.42500001192092896 0.01875000074505806 0.02777777798473835
1 0.6877604126930237 0.3819444477558136 0.01927083358168602 0.02500000037252903
0 0.3981770873069763 0.40740740299224854 0.03489583358168602 0.07222222536802292
1 0.30130207538604736 0.614814817905426 0.01822916604578495 0.031481482088565826
1 0.32473957538604736 0.44398146867752075 0.01718750037252903 0.026851851493120193
3 0.6263020634651184 0.7939814925193787 0.06406249850988388 0.08425925672054291
0 0.44999998807907104 0.39814814925193787 0.02812499925494194 0.08518518507480621
0 0.6851562261581421 0.3560185134410858 0.03177083283662796 0.08055555820465088
0 0.35468751192092896 0.23055554926395416 0.0416666679084301 0.07037036865949631
0 0.40182292461395264 0.1726851910352707 0.0338541679084301 0.05462963134050369
0 0.3309895694255829 0.41805556416511536 0.0338541679084301 0.07870370149612427
0 0.40807291865348816 0.28611111640930176 0.02760416641831398 0.0833333358168602
0 0.6403645873069763 0.7740740776062012 0.02968749962747097 0.04814814776182175
0 0.31041666865348816 0.6370370388031006 0.04062499850988388 0.09259258955717087
0 0.3726562559604645 0.3375000059604645 0.02864583395421505 0.08425925672054291
0 0.37578123807907104 0.8175926208496094 0.03072916716337204 0.05000000074505806