3 0.40286457538604736 0.7685185074806213 0.0338541679084301 0.10555555671453476
1 0.4088541567325592 0.7805555462837219 0.01875000074505806 0.02777777798473835
1 0.6385416388511658 0.2699074149131775 0.01875000074505806 0.026851851493120193
1 0.6526041626930237 0.2768518626689911 0.01354166679084301 0.024074073880910873
3 0.6440104246139526 0.2689814865589142 0.07239583134651184 0.10092592239379883
1 0.38359373807907104 0.7319444417953491 0.01822916604578495 0.028703704476356506
1 0.4299479126930237 0.6490740776062012 0.01822916604578495 0.025925925001502037
1 0.30807292461395264 0.41620370745658875 0.01406249962747097 0.023148147389292717
1 0.6752604246139526 0.3254629671573639 0.01822916604578495 0.028703704476356506
0 0.38749998807907104 0.7527777552604675 0.02187499962747097 0.07222222536802292
0 0.3671875 0.7569444179534912 0.02187499962747097 0.04537037014961243
1 0.34453123807907104 0.4749999940395355 0.015104166232049465 0.029629629105329514
0 0.4098958373069763 0.7953703999519348 0.02395833283662796 0.05740740895271301
1 0.5401041507720947 0.3291666805744171 0.01666666753590107 0.032407406717538834
1 0.6937500238418579 0.4763889014720917 0.01666666753590107 0.032407406717538834
0 0.6263020634651184 0.24768517911434174 0.03697916492819786 0.06018518656492233
0 0.42760416865348816 0.6717592477798462 0.03333333507180214 0.08796296268701553
0 0.3127604126930237 0.39907407760620117 0.03489583358168602 0.06851851940155029
0 0.6666666865348816 0.29814815521240234 0.03854166716337204 0.07962962985038757
0 0.36015623807907104 0.24120371043682098 0.02864583395421505 0.06018518656492233
0 0.5505208373069763 0.34675925970077515 0.04583333432674408 0.08611111342906952
0 0.6807291507720947 0.4722222089767456 0.0520833320915699 0.07222222536802292
0 0.3596354126930237 0.4680555462837219 0.05572916567325592 0.07685185223817825