1 0.5390625 0.9009259343147278 0.01666666753590107 0.029629629105329514
0 0.41848957538604736 0.8740741014480591 0.03489583358168602 0.05740740895271301
1 0.528124988079071 0.15000000596046448 0.02083333395421505 0.031481482088565826
0 0.592968761920929 0.8462963104248047 0.02656250074505806 0.06111111119389534
1 0.585156261920929 0.8277778029441833 0.01718750037252903 0.029629629105329514
1 0.3278645873069763 0.45277777314186096 0.01718750037252903 0.025925925001502037
1 0.4476562440395355 0.4268518388271332 0.01614583283662796 0.029629629105329514
1 0.6770833134651184 0.5629629492759705 0.01770833320915699 0.025925925001502037
1 0.2880208194255829 0.5486111044883728 0.01666666753590107 0.026851851493120193
1 0.38854166865348816 0.4384259283542633 0.01770833320915699 0.028703704476356506
1 0.49166667461395264 0.7680555582046509 0.01666666753590107 0.032407406717538834
0 0.2916666567325592 0.4124999940395355 0.03333333507180214 0.0824074074625969
1 0.37161457538604736 0.3717592656612396 0.01822916604578495 0.023148147389292717
1 0.3239583373069763 0.30092594027519226 0.01666666753590107 0.025925925001502037
1 0.4346354305744171 0.244907408952713 0.01718750037252903 0.032407406717538834
0 0.39791667461395264 0.4138889014720917 0.0364583320915699 0.08148147910833359
1 0.5200520753860474 0.14814814925193787 0.01718750037252903 0.031481482088565826
0 0.328125 0.27916666865348816 0.03333333507180214 0.07685185223817825
0 0.3736979067325592 0.34583333134651184 0.03072916716337204 0.09537036716938019
0 0.30130207538604736 0.3601851761341095 0.03177083283662796 0.06111111119389534
0 0.44973957538604736 0.3986110985279083 0.03177083283662796 0.0972222238779068
0 0.2825520932674408 0.5240740776062012 0.0338541679084301 0.09259258955717087
0 0.6723958253860474 0.5916666388511658 0.03333333507180214 0.10000000149011612
0 0.3309895694255829 0.42592594027519226 0.03177083283662796 0.09074074029922485
0 0.546875 0.15833333134651184 0.03541666641831398 0.05370370298624039
0 0.42109376192092896 0.255092591047287 0.04531250149011612 0.06388889253139496
0 0.5049479007720947 0.13611111044883728 0.04635416716337204 0.06111111119389534
0 0.507031261920929 0.7532407641410828 0.05364583432674408 0.07500000298023224