3 0.512499988079071 0.3680555522441864 0.046875 0.10092592239379883
1 0.6463541388511658 0.21574074029922485 0.02083333395421505 0.024074073880910873
1 0.49557292461395264 0.8439815044403076 0.013020833022892475 0.03055555559694767
1 0.5445312261581421 0.44675925374031067 0.015104166232049465 0.028703704476356506
1 0.43828123807907104 0.7749999761581421 0.01822916604578495 0.029629629105329514
1 0.5283854007720947 0.8592592477798462 0.015104166232049465 0.029629629105329514
3 0.569531261920929 0.4486111104488373 0.07239583134651184 0.06018518656492233
0 0.5505208373069763 0.44305557012557983 0.03229166567325592 0.043518517166376114
3 0.5174478888511658 0.33981481194496155 0.04739583283662796 0.06296296417713165
0 0.5132812261581421 0.34583333134651184 0.03697916492819786 0.043518517166376114
1 0.5666666626930237 0.375 0.01770833320915699 0.031481482088565826
3 0.5541666746139526 0.3532407283782959 0.04791666567325592 0.07685185223817825
1 0.45520833134651184 0.8486111164093018 0.01875000074505806 0.034259259700775146
0 0.5546875 0.35740742087364197 0.04062499850988388 0.07222222536802292
1 0.3843750059604645 0.5277777910232544 0.01875000074505806 0.03333333507180214
0 0.5848958492279053 0.4546296298503876 0.04062499850988388 0.05370370298624039
0 0.5158854126930237 0.44212964177131653 0.0338541679084301 0.06018518656492233
0 0.5015624761581421 0.3958333432674408 0.02604166604578495 0.06203703582286835
1 0.703125 0.33194443583488464 0.01770833320915699 0.023148147389292717
0 0.7026041746139526 0.31018519401550293 0.02916666679084301 0.06666667014360428
0 0.36145833134651184 0.5435185432434082 0.0677083358168602 0.0833333358168602
0 0.6450520753860474 0.2004629671573639 0.03177083283662796 0.06018518656492233
0 0.4377604126930237 0.7972221970558167 0.02760416641831398 0.08148147910833359
0 0.4677083194255829 0.8574073910713196 0.04270833358168602 0.0555555559694767