1 0.5992187261581421 0.40324074029922485 0.01718750037252903 0.026851851493120193
3 0.653124988079071 0.45185184478759766 0.05937499925494194 0.06111111119389534
1 0.29479166865348816 0.3810185194015503 0.014583333395421505 0.023148147389292717
0 0.592968761920929 0.8180555701255798 0.02447916753590107 0.034259259700775146
0 0.49687498807907104 0.8731481432914734 0.0416666679084301 0.04444444552063942
1 0.5026041865348816 0.5370370149612427 0.015625 0.02777777798473835
1 0.6145833134651184 0.25138887763023376 0.015625 0.02500000037252903
0 0.6643229126930237 0.45601850748062134 0.03593749925494194 0.049074072390794754
1 0.3854166567325592 0.47453704476356506 0.014583333395421505 0.026851851493120193
1 0.3656249940395355 0.8175926208496094 0.012500000186264515 0.024074073880910873
1 0.4515624940395355 0.5254629850387573 0.014583333395421505 0.026851851493120193
1 0.4895833432674408 0.6064814925193787 0.015625 0.024074073880910873
1 0.6276041865348816 0.6277777552604675 0.01770833320915699 0.025925925001502037
1 0.40937501192092896 0.6842592358589172 0.01666666753590107 0.02777777798473835
0 0.6072916388511658 0.40648147463798523 0.03333333507180214 0.046296294778585434
3 0.6216145753860474 0.4337962865829468 0.0598958320915699 0.08796296268701553
0 0.49270832538604736 0.550000011920929 0.03541666641831398 0.05740740895271301
0 0.4932291805744171 0.6300926208496094 0.03333333507180214 0.07870370149612427
0 0.29739582538604736 0.369907408952713 0.03437500074505806 0.06203703582286835
0 0.6229166388511658 0.6523148417472839 0.03125 0.08425925672054291
0 0.3968749940395355 0.4625000059604645 0.04270833358168602 0.06759259104728699
0 0.39791667461395264 0.6986111402511597 0.04479166492819786 0.06759259104728699
0 0.3752604126930237 0.824999988079071 0.03281249850988388 0.04814814776182175
0 0.6216145753860474 0.2611111104488373 0.03177083283662796 0.06296296417713165
0 0.46145832538604736 0.5111111402511597 0.03958333283662796 0.06111111119389534