1 0.328125 0.7287036776542664 0.01666666753590107 0.029629629105329514
1 0.4947916567325592 0.2537037134170532 0.014583333395421505 0.025925925001502037
1 0.31588542461395264 0.3583333194255829 0.01614583283662796 0.02222222276031971
0 0.5101562738418579 0.7814815044403076 0.0390625 0.06296296417713165
0 0.535937488079071 0.8314814567565918 0.03020833246409893 0.046296294778585434
1 0.5372396111488342 0.37268519401550293 0.01614583283662796 0.03055555559694767
0 0.50390625 0.770370364189148 0.02864583395421505 0.03888889029622078
1 0.5835937261581421 0.2023148089647293 0.015104166232049465 0.028703704476356506
3 0.4950520694255829 0.2606481611728668 0.03593749925494194 0.1120370402932167
1 0.2955729067325592 0.427314817905426 0.01718750037252903 0.02500000037252903
1 0.4632812440395355 0.1736111044883728 0.01718750037252903 0.026851851493120193
0 0.49401041865348816 0.27453702688217163 0.02968749962747097 0.07870370149612427
0 0.3252604305744171 0.7175925970077515 0.03281249850988388 0.06666667014360428
1 0.4859375059604645 0.2074074000120163 0.014583333395421505 0.024074073880910873
0 0.3661458194255829 0.24722221493721008 0.03333333507180214 0.04814814776182175
0 0.3161458373069763 0.3375000059604645 0.02916666679084301 0.06203703582286835
0 0.38489583134651184 0.20000000298023224 0.02916666679084301 0.0555555559694767
0 0.4989583194255829 0.2143518477678299 0.03854166716337204 0.04537037014961243
0 0.2994791567325592 0.4009259343147278 0.02916666679084301 0.08148147910833359
0 0.5294271111488342 0.38425925374031067 0.03593749925494194 0.06111111119389534
0 0.4713541567325592 0.1606481522321701 0.03541666641831398 0.049074072390794754
0 0.594531238079071 0.21250000596046448 0.03697916492819786 0.06203703582286835