3 0.36901041865348816 0.739814817905426 0.0651041641831398 0.10370370000600815
0 0.3802083432674408 0.7652778029441833 0.04270833358168602 0.07314814627170563
0 0.3203125 0.5865740776062012 0.03541666641831398 0.08425925672054291
3 0.4463541805744171 0.8407407402992249 0.05000000074505806 0.07777778059244156
0 0.3617187440395355 0.7356481552124023 0.04531250149011612 0.07129629701375961
1 0.528124988079071 0.8592592477798462 0.014583333395421505 0.02777777798473835
3 0.4010416567325592 0.793055534362793 0.06666667014360428 0.09166666865348816
0 0.594531238079071 0.8513888716697693 0.03697916492819786 0.06388889253139496
1 0.31458333134651184 0.5587962865829468 0.01666666753590107 0.026851851493120193
0 0.4268229305744171 0.8175926208496094 0.04114583507180214 0.046296294778585434
0 0.3372395932674408 0.6791666746139526 0.03177083283662796 0.06203703582286835
0 0.40963542461395264 0.8106481432914734 0.03177083283662796 0.05092592537403107
1 0.5255208611488342 0.3453703820705414 0.01770833320915699 0.029629629105329514
1 0.7098958492279053 0.36157408356666565 0.01770833320915699 0.023148147389292717
1 0.6018229126930237 0.699999988079071 0.01822916604578495 0.031481482088565826
1 0.4611979126930237 0.7722222208976746 0.01927083358168602 0.02777777798473835
3 0.33203125 0.6499999761581421 0.03697916492819786 0.10925926268100739
3 0.34973958134651184 0.707870364189148 0.0546875 0.10277777910232544
0 0.45260417461395264 0.8532407283782959 0.03125 0.05277777835726738
3 0.32083332538604736 0.5981481671333313 0.03541666641831398 0.11296296119689941
0 0.5192708373069763 0.3245370388031006 0.03437500074505806 0.08055555820465088
0 0.7085937261581421 0.33564814925193787 0.02864583395421505 0.07314814627170563
0 0.4684895873069763 0.7546296119689941 0.03593749925494194 0.06666667014360428
0 0.7247396111488342 0.5592592358589172 0.03177083283662796 0.07592592388391495
0 0.6127604246139526 0.7092592716217041 0.05260416492819786 0.08518518507480621