0 0.3226562440395355 0.2865740656852722 0.03072916716337204 0.05648148059844971
0 0.3010416626930237 0.3444444537162781 0.03020833246409893 0.05740740895271301
0 0.3049479126930237 0.3652777671813965 0.03489583358168602 0.10833333432674408
1 0.44479167461395264 0.8712962865829468 0.012500000186264515 0.025925925001502037
1 0.6643229126930237 0.3638888895511627 0.01406249962747097 0.02222222276031971
0 0.42760416865348816 0.855555534362793 0.02291666716337204 0.04259259253740311
3 0.3059895932674408 0.36157408356666565 0.0390625 0.12129629403352737
1 0.2835937440395355 0.5810185074806213 0.01718750037252903 0.026851851493120193
1 0.5252603888511658 0.3777777850627899 0.01822916604578495 0.02777777798473835
1 0.3838541805744171 0.831944465637207 0.01354166679084301 0.02500000037252903
1 0.6388021111488342 0.2907407283782959 0.01614583283662796 0.025925925001502037
1 0.45260417461395264 0.1597222238779068 0.015625 0.03055555559694767
0 0.3075520694255829 0.3861111104488373 0.02656250074505806 0.06296296417713165
1 0.5166666507720947 0.16296295821666718 0.01666666753590107 0.031481482088565826
0 0.34166666865348816 0.24722221493721008 0.02291666716337204 0.051851850003004074
0 0.4554687440395355 0.8759258985519409 0.0338541679084301 0.03703703731298447
0 0.39401042461395264 0.8379629850387573 0.03593749925494194 0.04259259253740311
3 0.3294270932674408 0.26759257912635803 0.05052083358168602 0.10000000149011612
0 0.667187511920929 0.3819444477558136 0.03437500074505806 0.07870370149612427
0 0.28515625 0.6009259223937988 0.02656250074505806 0.07592592388391495
0 0.5268229246139526 0.3550925850868225 0.02864583395421505 0.08981481194496155
0 0.52734375 0.16527777910232544 0.0390625 0.05462963134050369
0 0.4625000059604645 0.15601852536201477 0.0364583320915699 0.05092592537403107
0 0.6455729007720947 0.3046296238899231 0.03281249850988388 0.07407407462596893