0 0.6247395873069763 0.7847222089767456 0.03177083283662796 0.0694444477558136
0 0.31458333134651184 0.5509259104728699 0.03020833246409893 0.06111111119389534
1 0.6919270753860474 0.2935185134410858 0.01614583283662796 0.024074073880910873
1 0.5489583611488342 0.7115740776062012 0.015625 0.021296296268701553
1 0.3138020932674408 0.572685182094574 0.01927083358168602 0.021296296268701553
0 0.5513020753860474 0.6902777552604675 0.0234375 0.06759259104728699
1 0.5489583611488342 0.7759259343147278 0.01770833320915699 0.02777777798473835
0 0.3213541805744171 0.5962963104248047 0.03750000149011612 0.1240740716457367
1 0.3278645873069763 0.6342592835426331 0.01822916604578495 0.029629629105329514
1 0.5291666388511658 0.3532407283782959 0.01666666753590107 0.026851851493120193
1 0.4520833194255829 0.8449074029922485 0.01666666753590107 0.032407406717538834
1 0.36901041865348816 0.7444444298744202 0.01822916604578495 0.029629629105329514
1 0.512499988079071 0.7175925970077515 0.015625 0.03333333507180214
3 0.5635416507720947 0.7106481194496155 0.04791666567325592 0.10833333432674408
1 0.6499999761581421 0.2203703671693802 0.015625 0.02222222276031971
0 0.5455729365348816 0.760185182094574 0.02239583246409893 0.06481481343507767
0 0.526562511920929 0.33194443583488464 0.02708333358168602 0.08055555820465088
3 0.6119791865348816 0.7652778029441833 0.05104166641831398 0.09537036716938019
3 0.3203125 0.5884259343147278 0.04062499850988388 0.1398148089647293
0 0.647656261920929 0.2023148089647293 0.03072916716337204 0.06759259104728699
0 0.6854166388511658 0.27546295523643494 0.03541666641831398 0.06203703582286835
0 0.37838542461395264 0.7638888955116272 0.04531250149011612 0.08148147910833359
0 0.46276041865348816 0.8509259223937988 0.0442708320915699 0.06296296417713165
0 0.4986979067325592 0.7166666388511658 0.04739583283662796 0.06481481343507767