1 0.5914062261581421 0.4462963044643402 0.01822916604578495 0.031481482088565826
1 0.6419270634651184 0.29305556416511536 0.01614583283662796 0.023148147389292717
1 0.5453125238418579 0.8384259343147278 0.01354166679084301 0.026851851493120193
1 0.3218750059604645 0.3847222328186035 0.01666666753590107 0.026851851493120193
1 0.5833333134651184 0.5222222208976746 0.015625 0.025925925001502037
1 0.5231770873069763 0.7597222328186035 0.01406249962747097 0.02500000037252903
1 0.6382812261581421 0.5847222208976746 0.01614583283662796 0.03055555559694767
1 0.4338541626930237 0.6930555701255798 0.015625 0.02500000037252903
1 0.6330729126930237 0.7180555462837219 0.01614583283662796 0.026851851493120193
1 0.30000001192092896 0.6157407164573669 0.01354166679084301 0.02777777798473835
1 0.4580729305744171 0.7962962985038757 0.01406249962747097 0.029629629105329514
1 0.42786458134651184 0.1745370328426361 0.015104166232049465 0.028703704476356506
0 0.592968761920929 0.4583333432674408 0.02864583395421505 0.07962962985038757
0 0.5541666746139526 0.8300926089286804 0.03125 0.04537037014961243
0 0.6343749761581421 0.6953703761100769 0.02916666679084301 0.08888889104127884
0 0.6395833492279053 0.2750000059604645 0.03020833246409893 0.06296296417713165
0 0.5744791626930237 0.539814829826355 0.03958333283662796 0.06666667014360428
0 0.4416666626930237 0.6726852059364319 0.0364583320915699 0.07500000298023224
0 0.62890625 0.5976851582527161 0.0442708320915699 0.0694444477558136
0 0.3192708194255829 0.4027777910232544 0.03229166567325592 0.09074074029922485
0 0.535937488079071 0.7509258985519409 0.04270833358168602 0.04444444552063942
0 0.3135416805744171 0.6032407283782959 0.046875 0.07129629701375961
0 0.47057291865348816 0.7888888716697693 0.04114583507180214 0.05925925821065903
0 0.41588541865348816 0.17685185372829437 0.03802083432674408 0.051851850003004074