3 0.3450520932674408 0.6726852059364319 0.06718750298023224 0.10092592239379883
1 0.3763020932674408 0.710185170173645 0.015104166232049465 0.025925925001502037
3 0.38229167461395264 0.6884258985519409 0.06562499701976776 0.0694444477558136
1 0.3958333432674408 0.46759259700775146 0.01875000074505806 0.025925925001502037
1 0.3661458194255829 0.4782407283782959 0.01979166641831398 0.026851851493120193
1 0.573437511920929 0.8087962865829468 0.01666666753590107 0.026851851493120193
1 0.5140625238418579 0.7384259104728699 0.01770833320915699 0.028703704476356506
1 0.36406248807907104 0.7629629373550415 0.014583333395421505 0.025925925001502037
1 0.6354166865348816 0.3513889014720917 0.01770833320915699 0.026851851493120193
1 0.6994791626930237 0.42314815521240234 0.01875000074505806 0.02777777798473835
0 0.36328125 0.7064814567565918 0.03802083432674408 0.03888889029622078
0 0.3971354067325592 0.48842594027519226 0.03281249850988388 0.10277777910232544
0 0.3947916626930237 0.6907407641410828 0.04479166492819786 0.06111111119389534
1 0.38203126192092896 0.6800925731658936 0.013020833022892475 0.02500000037252903
1 0.4776041805744171 0.15000000596046448 0.014583333395421505 0.02777777798473835
0 0.7033854126930237 0.4453703761100769 0.02968749962747097 0.0833333358168602
0 0.3291666805744171 0.6569444537162781 0.03125 0.07129629701375961
0 0.3684895932674408 0.4523148238658905 0.02760416641831398 0.09907407313585281
0 0.37187498807907104 0.7671296000480652 0.03229166567325592 0.05277777835726738
0 0.5088541507720947 0.7620370388031006 0.03333333507180214 0.08888889104127884
0 0.6622396111488342 0.2726851999759674 0.0338541679084301 0.06203703582286835
0 0.6312500238418579 0.32685184478759766 0.03020833246409893 0.09259258955717087
0 0.561718761920929 0.8222222328186035 0.03593749925494194 0.0555555559694767
0 0.46406251192092896 0.15138888359069824 0.04374999925494194 0.06018518656492233