1 0.45651042461395264 0.8643518686294556 0.0234375 0.034259259700775146
3 0.5028645992279053 0.6226851940155029 0.03281249850988388 0.11944444477558136
1 0.49817708134651184 0.855555534362793 0.013020833022892475 0.029629629105329514
3 0.4505208432674408 0.519444465637207 0.04479166492819786 0.06111111119389534
1 0.4958333373069763 0.8629629611968994 0.01145833358168602 0.02777777798473835
1 0.4346354305744171 0.4981481432914734 0.015104166232049465 0.025925925001502037
1 0.62890625 0.28101852536201477 0.01927083358168602 0.02500000037252903
1 0.5453125238418579 0.2856481373310089 0.01875000074505806 0.03055555559694767
0 0.484375 0.5902777910232544 0.03229166567325592 0.05092592537403107
1 0.453125 0.8671296238899231 0.01354166679084301 0.026851851493120193
3 0.4906249940395355 0.6254629492759705 0.03333333507180214 0.11944444477558136
1 0.6526041626930237 0.34074074029922485 0.02083333395421505 0.031481482088565826
1 0.3854166567325592 0.48379629850387573 0.015625 0.028703704476356506
0 0.44479167461395264 0.5097222328186035 0.03229166567325592 0.049074072390794754
3 0.6364583373069763 0.2888889014720917 0.06458333134651184 0.1240740716457367
1 0.5794270634651184 0.32499998807907104 0.01718750037252903 0.02777777798473835
0 0.6216145753860474 0.25833332538604736 0.03072916716337204 0.06481481343507767
3 0.4742187559604645 0.5685185194015503 0.0546875 0.08703703433275223
0 0.5111979246139526 0.8629629611968994 0.03593749925494194 0.04444444552063942
0 0.4958333373069763 0.6495370268821716 0.02500000037252903 0.06759259104728699
0 0.6513020992279053 0.3254629671573639 0.03072916716337204 0.06574074178934097
0 0.514843761920929 0.5888888835906982 0.02239583246409893 0.05925925821065903
0 0.29635417461395264 0.3680555522441864 0.03333333507180214 0.06203703582286835
0 0.4585937559604645 0.8643518686294556 0.03072916716337204 0.049074072390794754
0 0.534375011920929 0.2777777910232544 0.03541666641831398 0.06111111119389534
0 0.5718749761581421 0.31388887763023376 0.03541666641831398 0.05370370298624039
0 0.3960937559604645 0.4740740656852722 0.04322916641831398 0.05925925821065903