0 0.41718751192092896 0.8745370507240295 0.03020833246409893 0.05092592537403107
1 0.3046875 0.3583333194255829 0.01979166641831398 0.031481482088565826
1 0.539843738079071 0.9013888835906982 0.015104166232049465 0.028703704476356506
1 0.29739582538604736 0.39444443583488464 0.01666666753590107 0.02777777798473835
0 0.31067708134651184 0.3462963104248047 0.03281249850988388 0.05000000074505806
1 0.4481770694255829 0.427314817905426 0.01718750037252903 0.028703704476356506
1 0.5531250238418579 0.44907405972480774 0.01875000074505806 0.031481482088565826
1 0.3726562559604645 0.3652777671813965 0.01718750037252903 0.023148147389292717
1 0.3890624940395355 0.4375 0.01666666753590107 0.028703704476356506
1 0.3265624940395355 0.4513888955116272 0.01875000074505806 0.026851851493120193
1 0.5080729126930237 0.14444445073604584 0.01822916604578495 0.035185184329748154
1 0.4390625059604645 0.1476851850748062 0.015625 0.034259259700775146
0 0.3986979126930237 0.41435185074806213 0.03489583358168602 0.07500000298023224
1 0.532031238079071 0.15231481194496155 0.01822916604578495 0.034259259700775146
1 0.3427083194255829 0.7643518447875977 0.01979166641831398 0.034259259700775146
1 0.4294270873069763 0.24537037312984467 0.01822916604578495 0.031481482088565826
0 0.2927083373069763 0.41296297311782837 0.03229166567325592 0.07407407462596893
0 0.3239583373069763 0.2953703701496124 0.03020833246409893 0.06851851940155029
0 0.5492187738418579 0.15648147463798523 0.04531250149011612 0.051851850003004074
0 0.3736979067325592 0.3393518626689911 0.02760416641831398 0.08796296268701553
0 0.4502604305744171 0.39907407760620117 0.03177083283662796 0.0962962955236435
0 0.4242187440395355 0.15601852536201477 0.0442708320915699 0.06203703582286835
0 0.33203125 0.42824074625968933 0.03177083283662796 0.07685185223817825
3 0.31718748807907104 0.32083332538604736 0.046875 0.1101851835846901
0 0.4164062440395355 0.2597222328186035 0.0442708320915699 0.06574074178934097
0 0.5526041388511658 0.4226851761341095 0.03333333507180214 0.10277777910232544
0 0.49687498807907104 0.13240741193294525 0.04583333432674408 0.05740740895271301
0 0.35729166865348816 0.7773148417472839 0.05104166641831398 0.06388889253139496