3 0.48515623807907104 0.24074074625968933 0.08177082985639572 0.05000000074505806
1 0.5856770873069763 0.8532407283782959 0.01406249962747097 0.02500000037252903
1 0.4846354126930237 0.23935185372829437 0.02031249925494194 0.03055555559694767
0 0.5531250238418579 0.15000000596046448 0.0416666679084301 0.04259259253740311
1 0.45104166865348816 0.23333333432674408 0.01770833320915699 0.029629629105329514
0 0.524218738079071 0.14212962985038757 0.0338541679084301 0.0416666679084301
1 0.5356770753860474 0.16805554926395416 0.01614583283662796 0.026851851493120193
1 0.6028645634651184 0.7453703880310059 0.01718750037252903 0.031481482088565826
0 0.6036458611488342 0.8314814567565918 0.03541666641831398 0.05370370298624039
1 0.5161458253860474 0.1398148089647293 0.01666666753590107 0.03333333507180214
1 0.5666666626930237 0.5111111402511597 0.01875000074505806 0.031481482088565826
3 0.5794270634651184 0.822685182094574 0.06927083432674408 0.08796296268701553
1 0.6463541388511658 0.4314814805984497 0.01770833320915699 0.029629629105329514
0 0.550000011920929 0.17499999701976776 0.04270833358168602 0.04259259253740311
1 0.67578125 0.39629629254341125 0.015104166232049465 0.029629629105329514
0 0.5692708492279053 0.8550925850868225 0.03854166716337204 0.04722222313284874
0 0.4606770873069763 0.23287037014961243 0.03593749925494194 0.0416666679084301
1 0.4638020694255829 0.46203702688217163 0.01614583283662796 0.03333333507180214
0 0.649218738079071 0.41203704476356506 0.02760416641831398 0.07037036865949631
0 0.5932291746139526 0.7560185194015503 0.03541666641831398 0.05277777835726738
0 0.55859375 0.7967592477798462 0.02968749962747097 0.05648148059844971
3 0.5763021111488342 0.7763888835906982 0.06614582985639572 0.08981481194496155
0 0.5005208253860474 0.24120371043682098 0.04062499850988388 0.043518517166376114
0 0.6895833611488342 0.3916666805744171 0.04062499850988388 0.046296294778585434
0 0.4776041805744171 0.4763889014720917 0.04895833507180214 0.07129629701375961
0 0.5736979246139526 0.5337963104248047 0.03593749925494194 0.0824074074625969