0 0.6187499761581421 0.6370370388031006 0.02291666716337204 0.051851850003004074
0 0.6330729126930237 0.6643518805503845 0.0234375 0.032407406717538834
1 0.3958333432674408 0.7439814805984497 0.012500000186264515 0.023148147389292717
3 0.6252604126930237 0.6467592716217041 0.03697916492819786 0.0694444477558136
0 0.4638020694255829 0.7449073791503906 0.02447916753590107 0.032407406717538834
1 0.4945312440395355 0.49953705072402954 0.01197916641831398 0.021296296268701553
1 0.4593749940395355 0.6013888716697693 0.012500000186264515 0.01944444514811039
1 0.49609375 0.772685170173645 0.013020833022892475 0.02500000037252903
0 0.6216145753860474 0.7162036895751953 0.01614583283662796 0.049074072390794754
0 0.4026041626930237 0.7351852059364319 0.02812499925494194 0.040740739554166794
0 0.5822916626930237 0.6467592716217041 0.02083333395421505 0.04722222313284874
1 0.5755208134651184 0.6601851582527161 0.012500000186264515 0.018518518656492233
0 0.43177083134651184 0.7421296238899231 0.02708333358168602 0.0416666679084301
0 0.5598958134651184 0.6254629492759705 0.01979166641831398 0.03981481492519379
0 0.49166667461395264 0.7657407522201538 0.02812499925494194 0.04444444552063942
0 0.45520833134651184 0.6143518686294556 0.02708333358168602 0.05462963134050369
0 0.4859375059604645 0.5115740895271301 0.03125 0.05648148059844971
0 0.45911458134651184 0.3055555522441864 0.02968749962747097 0.051851850003004074