1 0.5291666388511658 0.8273147940635681 0.02083333395421505 0.03055555559694767
1 0.6169270873069763 0.4763889014720917 0.013020833022892475 0.026851851493120193
1 0.3958333432674408 0.7842592597007751 0.01875000074505806 0.031481482088565826
1 0.4333333373069763 0.3333333432674408 0.014583333395421505 0.025925925001502037
1 0.5044270753860474 0.5916666388511658 0.01718750037252903 0.031481482088565826
0 0.51171875 0.8300926089286804 0.05052083358168602 0.04537037014961243
1 0.43567708134651184 0.7254629731178284 0.01614583283662796 0.028703704476356506
1 0.48828125 0.581944465637207 0.01822916604578495 0.03055555559694767
1 0.53515625 0.48240742087364197 0.01718750037252903 0.02777777798473835
1 0.34843748807907104 0.7189815044403076 0.01770833320915699 0.026851851493120193
1 0.6148437261581421 0.5800926089286804 0.015104166232049465 0.028703704476356506
0 0.4520833194255829 0.8324074149131775 0.02812499925494194 0.040740739554166794
1 0.4921875 0.8185185194015503 0.01875000074505806 0.029629629105329514
0 0.6325520873069763 0.48148149251937866 0.0494791679084301 0.06296296417713165
0 0.4026041626930237 0.7958333492279053 0.03333333507180214 0.04722222313284874
0 0.4385416805744171 0.3125 0.03020833246409893 0.08425925672054291
0 0.4455729126930237 0.7388888597488403 0.03593749925494194 0.06296296417713165
0 0.6283854246139526 0.5861111283302307 0.04635416716337204 0.06111111119389534
0 0.5328124761581421 0.5018518567085266 0.03333333507180214 0.09444444626569748
0 0.3544270694255829 0.7365740537643433 0.03489583358168602 0.0694444477558136
0 0.48880207538604736 0.6027777791023254 0.05260416492819786 0.0833333358168602