1 0.49661457538604736 0.8527777791023254 0.015104166232049465 0.025925925001502037
0 0.6265624761581421 0.7407407164573669 0.05624999850988388 0.07592592388391495
1 0.6080729365348816 0.7648147940635681 0.01822916604578495 0.035185184329748154
0 0.6419270634651184 0.7185184955596924 0.02864583395421505 0.03888889029622078
0 0.6145833134651184 0.7564814686775208 0.03229166567325592 0.04444444552063942
1 0.2893229126930237 0.3819444477558136 0.01718750037252903 0.02500000037252903
1 0.5552083253860474 0.8398148417472839 0.01979166641831398 0.029629629105329514
0 0.504687488079071 0.8657407164573669 0.03333333507180214 0.040740739554166794
0 0.5611979365348816 0.8425925970077515 0.02760416641831398 0.03888889029622078
1 0.37447917461395264 0.6888889074325562 0.015625 0.02777777798473835
1 0.4468750059604645 0.35092592239379883 0.014583333395421505 0.031481482088565826
0 0.6302083134651184 0.6675925850868225 0.02604166604578495 0.0555555559694767
1 0.551562488079071 0.6888889074325562 0.01666666753590107 0.031481482088565826
1 0.5908854007720947 0.41712963581085205 0.01614583283662796 0.02500000037252903
3 0.6270833611488342 0.7388888597488403 0.0572916679084301 0.07777778059244156
0 0.2864583432674408 0.4009259343147278 0.02916666679084301 0.08148147910833359
0 0.30078125 0.3402777910232544 0.03281249850988388 0.06018518656492233
0 0.6614583134651184 0.6717592477798462 0.02812499925494194 0.06203703582286835
0 0.5604166388511658 0.7013888955116272 0.0416666679084301 0.07129629701375961
0 0.5940104126930237 0.43518519401550293 0.03072916716337204 0.08703703433275223
0 0.4320312440395355 0.3541666567325592 0.04843749850988388 0.06388889253139496
0 0.3856770694255829 0.6740740537643433 0.04635416716337204 0.07407407462596893