3 0.3109374940395355 0.5962963104248047 0.05937499925494194 0.06666667014360428
3 0.33411458134651184 0.6870370507240295 0.02968749962747097 0.09259258955717087
0 0.2966145873069763 0.604629635810852 0.01927083358168602 0.03703703731298447
3 0.42630207538604736 0.6490740776062012 0.06718750298023224 0.07777778059244156
1 0.43437498807907104 0.7231481671333313 0.01354166679084301 0.025925925001502037
1 0.41874998807907104 0.6833333373069763 0.014583333395421505 0.02777777798473835
0 0.4117187559604645 0.635185182094574 0.03489583358168602 0.06296296417713165
3 0.3020833432674408 0.6393518447875977 0.03229166567325592 0.10277777910232544
1 0.4703125059604645 0.717129647731781 0.01354166679084301 0.028703704476356506
1 0.5283854007720947 0.16805554926395416 0.01822916604578495 0.03611111268401146
0 0.30781251192092896 0.6495370268821716 0.02395833283662796 0.0694444477558136
1 0.29218751192092896 0.41990742087364197 0.01770833320915699 0.023148147389292717
1 0.32994791865348816 0.6754629611968994 0.01614583283662796 0.02500000037252903
0 0.44322916865348816 0.6708333492279053 0.03437500074505806 0.05092592537403107
0 0.3213541805744171 0.5874999761581421 0.03541666641831398 0.05277777835726738
1 0.6075521111488342 0.5263888835906982 0.015104166232049465 0.034259259700775146
0 0.33541667461395264 0.697685182094574 0.02708333358168602 0.07314814627170563
0 0.4455729126930237 0.737500011920929 0.03697916492819786 0.05277777835726738
0 0.5416666865348816 0.16805554926395416 0.046875 0.06203703582286835
0 0.4033854305744171 0.6884258985519409 0.04114583507180214 0.03981481492519379
0 0.48515623807907104 0.7037037014961243 0.0390625 0.0555555559694767
0 0.2906250059604645 0.43981480598449707 0.02291666716337204 0.06851851940155029
0 0.6190103888511658 0.5189814567565918 0.04843749850988388 0.0694444477558136