0 0.6276041865348816 0.7430555820465088 0.03958333283662796 0.08796296268701553
0 0.6403645873069763 0.7050926089286804 0.02552083320915699 0.06203703582286835
3 0.6497395634651184 0.6824073791503906 0.04322916641831398 0.10000000149011612
1 0.6596354246139526 0.6370370388031006 0.01718750037252903 0.024074073880910873
1 0.5992187261581421 0.6263889074325562 0.01718750037252903 0.028703704476356506
1 0.5179687738418579 0.7148148417472839 0.01406249962747097 0.02777777798473835
1 0.6656249761581421 0.4546296298503876 0.01770833320915699 0.025925925001502037
0 0.6205729246139526 0.7550926208496094 0.02135416679084301 0.06018518656492233
0 0.5255208611488342 0.7976852059364319 0.04374999925494194 0.06388889253139496
0 0.538281261920929 0.8379629850387573 0.02864583395421505 0.046296294778585434
3 0.6294270753860474 0.7337962985038757 0.04218750074505806 0.10462962836027145
1 0.29635417461395264 0.39351850748062134 0.01770833320915699 0.024074073880910873
1 0.6356770992279053 0.29212963581085205 0.01822916604578495 0.023148147389292717
1 0.45260417461395264 0.6629629731178284 0.015625 0.029629629105329514
1 0.3463541567325592 0.7023147940635681 0.014583333395421505 0.028703704476356506
0 0.6606770753860474 0.6601851582527161 0.0234375 0.06481481343507767
0 0.30000001192092896 0.3722222149372101 0.03125 0.07222222536802292
0 0.45911458134651184 0.6787037253379822 0.03593749925494194 0.07407407462596893
0 0.35546875 0.6875 0.04010416567325592 0.07500000298023224
0 0.6067708134651184 0.6087962985038757 0.03854166716337204 0.0694444477558136
0 0.5289062261581421 0.6972222328186035 0.0442708320915699 0.07407407462596893
0 0.6312500238418579 0.27037036418914795 0.03229166567325592 0.06481481343507767
0 0.6664062738418579 0.4773148000240326 0.02968749962747097 0.07685185223817825