3 0.45911458134651184 0.8078703880310059 0.04010416567325592 0.07500000298023224
1 0.4520833194255829 0.7944444417953491 0.01770833320915699 0.031481482088565826
1 0.48776042461395264 0.2759259343147278 0.01718750037252903 0.02777777798473835
1 0.6497395634651184 0.23055554926395416 0.01822916604578495 0.025925925001502037
1 0.667187511920929 0.27314814925193787 0.01354166679084301 0.020370369777083397
3 0.49166667461395264 0.34398147463798523 0.03854166716337204 0.10833333432674408
0 0.49791666865348816 0.2527777850627899 0.0364583320915699 0.07037036865949631
3 0.4963541626930237 0.2666666805744171 0.0416666679084301 0.09814814478158951
1 0.6065104007720947 0.7949073910713196 0.01718750037252903 0.032407406717538834
1 0.38619792461395264 0.4175925850868225 0.01718750037252903 0.03333333507180214
1 0.4242187440395355 0.7495370507240295 0.01822916604578495 0.03055555559694767
1 0.6268228888511658 0.5611110925674438 0.01927083358168602 0.03333333507180214
1 0.3958333432674408 0.19675925374031067 0.015625 0.028703704476356506
1 0.6273437738418579 0.832870364189148 0.01718750037252903 0.03055555559694767
0 0.6421874761581421 0.2074074000120163 0.03541666641831398 0.06481481343507767
1 0.5049479007720947 0.8046296238899231 0.01718750037252903 0.03333333507180214
0 0.4596354067325592 0.8115741014480591 0.0390625 0.07129629701375961
0 0.43541666865348816 0.7634259462356567 0.03958333283662796 0.06018518656492233
0 0.6723958253860474 0.2569444477558136 0.02291666716337204 0.05462963134050369
3 0.44453126192092896 0.7787036895751953 0.05781250074505806 0.09074074029922485
0 0.6315104365348816 0.8162037134170532 0.02760416641831398 0.07500000298023224
0 0.5921875238418579 0.7837963104248047 0.05000000074505806 0.05648148059844971
0 0.4908854067325592 0.3652777671813965 0.02968749962747097 0.0694444477558136
0 0.5208333134651184 0.7986111044883728 0.05104166641831398 0.05462963134050369
0 0.37552082538604736 0.4347222149372101 0.04270833358168602 0.07870370149612427
0 0.635937511920929 0.5787037014961243 0.0416666679084301 0.08148147910833359
0 0.38359373807907104 0.2092592567205429 0.03802083432674408 0.06111111119389534