1 0.31458333134651184 0.37962964177131653 0.01666666753590107 0.025925925001502037
1 0.3057291805744171 0.4583333432674408 0.01666666753590107 0.024074073880910873
1 0.5130208134651184 0.1884259283542633 0.015625 0.023148147389292717
1 0.36015623807907104 0.25833332538604736 0.015104166232049465 0.029629629105329514
1 0.6830729246139526 0.3453703820705414 0.02135416679084301 0.02777777798473835
1 0.33776041865348816 0.5162037014961243 0.01822916604578495 0.03055555559694767
1 0.45234376192092896 0.29398149251937866 0.01822916604578495 0.03055555559694767
1 0.3304687440395355 0.3254629671573639 0.015104166232049465 0.023148147389292717
1 0.688281238079071 0.38148146867752075 0.01614583283662796 0.024074073880910873
1 0.5015624761581421 0.1518518477678299 0.01354166679084301 0.02777777798473835
1 0.563281238079071 0.35092592239379883 0.01927083358168602 0.029629629105329514
0 0.3111979067325592 0.39814814925193787 0.02864583395421505 0.06851851940155029
0 0.503125011920929 0.2074074000120163 0.0364583320915699 0.0555555559694767
0 0.3049479126930237 0.4749999940395355 0.02760416641831398 0.06851851940155029
0 0.5171874761581421 0.15138888359069824 0.04062499850988388 0.03981481492519379
0 0.3304687440395355 0.33981481194496155 0.02760416641831398 0.06851851940155029
0 0.4437499940395355 0.31481480598449707 0.03750000149011612 0.07407407462596893
0 0.41718751192092896 0.7907407283782959 0.04479166492819786 0.06481481343507767
0 0.3447916805744171 0.4958333373069763 0.04062499850988388 0.08425925672054291
0 0.3499999940395355 0.2671296298503876 0.0364583320915699 0.06203703582286835
0 0.6773437261581421 0.3203703761100769 0.03281249850988388 0.07407407462596893
0 0.6919270753860474 0.4037036895751953 0.03281249850988388 0.07962962985038757
0 0.5684896111488342 0.37546294927597046 0.03281249850988388 0.08981481194496155