3 0.6195312738418579 0.2986111044883728 0.03593749925494194 0.09537036716938019
1 0.4791666567325592 0.44675925374031067 0.01666666753590107 0.032407406717538834
1 0.5958333611488342 0.7027778029441833 0.015625 0.029629629105329514
1 0.6169270873069763 0.770370364189148 0.01614583283662796 0.02777777798473835
1 0.6361979246139526 0.33101850748062134 0.01718750037252903 0.026851851493120193
1 0.6223958134651184 0.26342591643333435 0.01875000074505806 0.028703704476356506
1 0.6614583134651184 0.6625000238418579 0.01875000074505806 0.028703704476356506
1 0.3786458373069763 0.8231481313705444 0.014583333395421505 0.02777777798473835
1 0.46953123807907104 0.5083333253860474 0.01614583283662796 0.029629629105329514
1 0.32343751192092896 0.7324073910713196 0.01666666753590107 0.02777777798473835
1 0.3526041805744171 0.2916666567325592 0.01666666753590107 0.02777777798473835
1 0.574999988079071 0.5087962746620178 0.01979166641831398 0.028703704476356506
1 0.48828125 0.3342592716217041 0.01927083358168602 0.029629629105329514
0 0.6169270873069763 0.28842592239379883 0.02656250074505806 0.0694444477558136
0 0.585156261920929 0.7226851582527161 0.03593749925494194 0.07500000298023224
0 0.3880208432674408 0.8333333134651184 0.03854166716337204 0.05740740895271301
0 0.4645833373069763 0.45185184478759766 0.04374999925494194 0.051851850003004074
0 0.64453125 0.3523148000240326 0.03489583358168602 0.07870370149612427
0 0.36666667461395264 0.27453702688217163 0.0416666679084301 0.06388889253139496
0 0.667187511920929 0.6495370268821716 0.03333333507180214 0.06759259104728699
0 0.41197916865348816 0.7666666507720947 0.02395833283662796 0.07592592388391495
0 0.31692707538604736 0.7120370268821716 0.03177083283662796 0.0833333358168602
0 0.6247395873069763 0.7523148059844971 0.03177083283662796 0.07685185223817825
0 0.49010416865348816 0.31111112236976624 0.02812499925494194 0.08518518507480621
0 0.5744791626930237 0.4819444417953491 0.03020833246409893 0.08981481194496155
0 0.484375 0.512499988079071 0.04895833507180214 0.06018518656492233