1 0.5015624761581421 0.3837963044643402 0.01979166641831398 0.026851851493120193
3 0.534375011920929 0.3643518388271332 0.0364583320915699 0.06759259104728699
0 0.5364583134651184 0.4226851761341095 0.02500000037252903 0.05277777835726738
3 0.5179687738418579 0.3481481373310089 0.05781250074505806 0.05370370298624039
0 0.5950520634651184 0.852314829826355 0.03802083432674408 0.06018518656492233
1 0.4976562559604645 0.8439815044403076 0.01197916641831398 0.026851851493120193
1 0.4958333373069763 0.8564814925193787 0.012500000186264515 0.031481482088565826
1 0.3174479305744171 0.5657407641410828 0.02239583246409893 0.031481482088565826
1 0.5286458134651184 0.8583333492279053 0.014583333395421505 0.02777777798473835
1 0.546093761920929 0.3837963044643402 0.01406249962747097 0.023148147389292717
0 0.5401041507720947 0.47361111640930176 0.03125 0.05092592537403107
1 0.6903645992279053 0.2986111044883728 0.01614583283662796 0.02500000037252903
1 0.4377604126930237 0.8333333134651184 0.01406249962747097 0.029629629105329514
1 0.6466146111488342 0.21759259700775146 0.01718750037252903 0.02222222276031971
3 0.538281261920929 0.39259257912635803 0.03072916716337204 0.10555555671453476
0 0.4986979067325592 0.39814814925193787 0.02760416641831398 0.05925925821065903
3 0.5385416746139526 0.5148147940635681 0.03437500074505806 0.11481481790542603
3 0.5390625 0.4384259283542633 0.03333333507180214 0.1101851835846901
0 0.508593738079071 0.33981481194496155 0.03802083432674408 0.046296294778585434
0 0.5062500238418579 0.45787036418914795 0.03229166567325592 0.0694444477558136
0 0.5408853888511658 0.36574074625968933 0.02552083320915699 0.05740740895271301
3 0.5026041865348816 0.4305555522441864 0.03541666641831398 0.12222222238779068
0 0.538281261920929 0.5287036895751953 0.03072916716337204 0.08518518507480621
1 0.45625001192092896 0.8509259223937988 0.015625 0.02777777798473835
0 0.46796876192092896 0.8606481552124023 0.03697916492819786 0.05277777835726738
0 0.6455729007720947 0.20185184478759766 0.03177083283662796 0.06111111119389534
0 0.3187499940395355 0.5870370268821716 0.03854166716337204 0.08703703433275223
0 0.4242187440395355 0.831944465637207 0.0390625 0.04722222313284874
0 0.6856771111488342 0.2819444537162781 0.0338541679084301 0.06203703582286835