3 0.3218750059604645 0.6898148059844971 0.02916666679084301 0.1111111119389534
3 0.31302082538604736 0.5791666507720947 0.0520833320915699 0.06388889253139496
1 0.6666666865348816 0.5689814686775208 0.015625 0.023148147389292717
1 0.6276041865348816 0.6134259104728699 0.015625 0.021296296268701553
0 0.30000001192092896 0.5962963104248047 0.02291666716337204 0.040740739554166794
0 0.40833333134651184 0.8060185313224792 0.02500000037252903 0.034259259700775146
1 0.6752604246139526 0.5773147940635681 0.015104166232049465 0.021296296268701553
1 0.36927083134651184 0.7875000238418579 0.014583333395421505 0.02500000037252903
0 0.32239583134651184 0.5740740895271301 0.02812499925494194 0.04814814776182175
1 0.649218738079071 0.5564814805984497 0.01406249962747097 0.020370369777083397
0 0.3473958373069763 0.5143518447875977 0.03541666641831398 0.06203703582286835
0 0.31171876192092896 0.6486111283302307 0.02239583246409893 0.05092592537403107
1 0.610156238079071 0.5245370268821716 0.013020833022892475 0.02500000037252903
0 0.620312511920929 0.519444465637207 0.03958333283662796 0.046296294778585434
0 0.6291666626930237 0.5907407402992249 0.02500000037252903 0.07037036865949631
0 0.3244791626930237 0.7083333134651184 0.02500000037252903 0.07407407462596893
0 0.668749988079071 0.5958333611488342 0.02916666679084301 0.07500000298023224
3 0.33802083134651184 0.5365740656852722 0.05416666716337204 0.10277777910232544
0 0.3778645694255829 0.7953703999519348 0.03281249850988388 0.04259259253740311