1 0.5835937261581421 0.7712963223457336 0.01614583283662796 0.035185184329748154
0 0.5835937261581421 0.7717592716217041 0.01614583283662796 0.03611111268401146
1 0.6539062261581421 0.33657407760620117 0.01822916604578495 0.03055555559694767
1 0.5153645873069763 0.7004629373550415 0.01718750037252903 0.02500000037252903
3 0.5408853888511658 0.7291666865348816 0.04114583507180214 0.09907407313585281
1 0.6390625238418579 0.5837963223457336 0.015625 0.026851851493120193
1 0.6106770634651184 0.3254629671573639 0.015104166232049465 0.028703704476356506
0 0.5752604007720947 0.7791666388511658 0.03697916492819786 0.05092592537403107
0 0.5356770753860474 0.7523148059844971 0.02552083320915699 0.05648148059844971
0 0.4854166805744171 0.8078703880310059 0.03958333283662796 0.037962961941957474
0 0.51171875 0.6745370626449585 0.02135416679084301 0.07129629701375961
0 0.5552083253860474 0.6504629850387573 0.02187499962747097 0.06203703582286835
0 0.45703125 0.17407406866550446 0.02656250074505806 0.06111111119389534
3 0.5442708134651184 0.6689814925193787 0.04374999925494194 0.10092592239379883
0 0.6080729365348816 0.7782407402992249 0.02968749962747097 0.049074072390794754
0 0.6442708373069763 0.5675926208496094 0.03437500074505806 0.07592592388391495
0 0.5973958373069763 0.33657407760620117 0.0416666679084301 0.05648148059844971
0 0.6499999761581421 0.6865741014480591 0.03437500074505806 0.06388889253139496
0 0.6434895992279053 0.32499998807907104 0.04010416567325592 0.05925925821065903