1 0.39765626192092896 0.22499999403953552 0.013020833022892475 0.02777777798473835
3 0.4111979305744171 0.6532407402992249 0.0338541679084301 0.06759259104728699
0 0.5096353888511658 0.2837963104248047 0.04114583507180214 0.06574074178934097
0 0.514843761920929 0.2143518477678299 0.02968749962747097 0.06018518656492233
0 0.5020833611488342 0.1546296328306198 0.02708333358168602 0.04444444552063942
1 0.4039062559604645 0.6166666746139526 0.01927083358168602 0.024074073880910873
1 0.69921875 0.43194442987442017 0.01822916604578495 0.026851851493120193
1 0.6098958253860474 0.4722222089767456 0.014583333395421505 0.03333333507180214
1 0.5127604007720947 0.7115740776062012 0.01718750037252903 0.03611111268401146
0 0.3565104305744171 0.26157405972480774 0.03072916716337204 0.04537037014961243
1 0.4377604126930237 0.6777777671813965 0.01822916604578495 0.024074073880910873
3 0.5101562738418579 0.2597222328186035 0.04322916641831398 0.12129629403352737
3 0.40963542461395264 0.6134259104728699 0.03489583358168602 0.13240741193294525
3 0.36536458134651184 0.24166665971279144 0.04843749850988388 0.08703703433275223
0 0.4138020873069763 0.6601851582527161 0.03177083283662796 0.05370370298624039
0 0.41354167461395264 0.21851852536201477 0.04062499850988388 0.04444444552063942
0 0.699999988079071 0.4069444537162781 0.02916666679084301 0.08796296268701553
0 0.4072916805744171 0.5874999761581421 0.02708333358168602 0.08055555820465088
0 0.44192707538604736 0.7064814567565918 0.02552083320915699 0.07407407462596893
0 0.6239583492279053 0.4791666567325592 0.05520833283662796 0.0824074074625969
0 0.4976562559604645 0.7106481194496155 0.05364583432674408 0.06759259104728699