0 0.3526041805744171 0.27037036418914795 0.05000000074505806 0.10185185074806213
1 0.43437498807907104 0.16851851344108582 0.01354166679084301 0.029629629105329514
1 0.4476562440395355 0.8138889074325562 0.01822916604578495 0.03333333507180214
3 0.6041666865348816 0.2532407343387604 0.03750000149011612 0.08055555820465088
0 0.48229166865348816 0.14861111342906952 0.02812499925494194 0.03611111268401146
0 0.44869792461395264 0.16018518805503845 0.02656250074505806 0.04814814776182175
1 0.5908854007720947 0.19490741193294525 0.01614583283662796 0.01944444514811039
1 0.59765625 0.23240740597248077 0.015104166232049465 0.024074073880910873
1 0.47994792461395264 0.14953704178333282 0.01614583283662796 0.03055555559694767
1 0.4802083373069763 0.8055555820465088 0.01875000074505806 0.031481482088565826
1 0.5057291388511658 0.14537036418914795 0.01666666753590107 0.029629629105329514
1 0.5596354007720947 0.35092592239379883 0.01718750037252903 0.031481482088565826
1 0.31197917461395264 0.39259257912635803 0.01666666753590107 0.024074073880910873
0 0.45260417461395264 0.8263888955116272 0.02604166604578495 0.05092592537403107
3 0.3518229126930237 0.2726851999759674 0.0494791679084301 0.10277777910232544
0 0.5895833373069763 0.17546296119689941 0.02604166604578495 0.05833333358168602
0 0.42109376192092896 0.17129629850387573 0.03697916492819786 0.03703703731298447
0 0.6039062738418579 0.2537037134170532 0.03489583358168602 0.07777778059244156
0 0.3421874940395355 0.2944444417953491 0.03229166567325592 0.06481481343507767
0 0.5179687738418579 0.14259259402751923 0.04010416567325592 0.03333333507180214
0 0.49270832538604736 0.8134258985519409 0.03854166716337204 0.049074072390794754
0 0.3140625059604645 0.37453705072402954 0.03020833246409893 0.0694444477558136
0 0.36666667461395264 0.24768517911434174 0.02291666716337204 0.05462963134050369
0 0.565625011920929 0.3708333373069763 0.03750000149011612 0.08611111342906952