3 0.38359373807907104 0.4851851761341095 0.0442708320915699 0.05370370298624039
1 0.36640626192092896 0.49166667461395264 0.01406249962747097 0.02777777798473835
1 0.7096354365348816 0.5268518328666687 0.01927083358168602 0.024074073880910873
3 0.36380207538604736 0.48564815521240234 0.07656250149011612 0.06203703582286835
1 0.55859375 0.5347222089767456 0.01406249962747097 0.02500000037252903
1 0.4216145873069763 0.5055555701255798 0.01614583283662796 0.024074073880910873
1 0.7044270634651184 0.4643518626689911 0.01718750037252903 0.023148147389292717
1 0.6322916746139526 0.23981481790542603 0.02083333395421505 0.03888889029622078
1 0.5822916626930237 0.6759259104728699 0.015625 0.02777777798473835
1 0.7085937261581421 0.40509259700775146 0.01822916604578495 0.026851851493120193
1 0.5572916865348816 0.7361111044883728 0.01666666753590107 0.02777777798473835
1 0.6822916865348816 0.6736111044883728 0.014583333395421505 0.02500000037252903
0 0.38463541865348816 0.48055556416511536 0.03593749925494194 0.03888889029622078
3 0.40312498807907104 0.5249999761581421 0.05416666716337204 0.1111111119389534
0 0.70703125 0.4208333194255829 0.02760416641831398 0.0694444477558136
0 0.41588541865348816 0.4958333373069763 0.03489583358168602 0.05277777835726738
0 0.39401042461395264 0.5439814925193787 0.02864583395421505 0.06574074178934097
0 0.34843748807907104 0.48842594027519226 0.0416666679084301 0.05648148059844971
0 0.7065104246139526 0.48564815521240234 0.03281249850988388 0.06018518656492233
0 0.7114583253860474 0.5537037253379822 0.03125 0.08148147910833359
0 0.5682291388511658 0.5199074149131775 0.04062499850988388 0.07129629701375961
0 0.5924479365348816 0.6574074029922485 0.04010416567325592 0.07037036865949631
0 0.69140625 0.6865741014480591 0.0390625 0.06203703582286835
0 0.6481770873069763 0.23935185372829437 0.05572916567325592 0.07870370149612427
0 0.5601562261581421 0.7115740776062012 0.03177083283662796 0.0824074074625969