1 0.3684895932674408 0.7652778029441833 0.01718750037252903 0.023148147389292717
1 0.3473958373069763 0.7143518328666687 0.01979166641831398 0.028703704476356506
1 0.04322916641831398 0.2967592477798462 0.01666666753590107 0.026851851493120193
0 0.4986979067325592 0.897685170173645 0.02447916753590107 0.05648148059844971
0 0.6455729007720947 0.23101851344108582 0.02760416641831398 0.0416666679084301
1 0.015104166232049465 0.5263888835906982 0.01770833320915699 0.028703704476356506
3 0.3630208373069763 0.7671296000480652 0.05624999850988388 0.12314815074205399
1 0.6661458611488342 0.7893518805503845 0.01770833320915699 0.026851851493120193
1 0.5934895873069763 0.5199074149131775 0.01822916604578495 0.034259259700775146
0 0.014583333395421505 0.18981482088565826 0.02812499925494194 0.03888889029622078
1 0.04531250149011612 0.38657405972480774 0.01770833320915699 0.026851851493120193
0 0.625 0.25833332538604736 0.02708333358168602 0.05000000074505806
1 0.6390625238418579 0.43981480598449707 0.01979166641831398 0.031481482088565826
1 0.03515625 0.22962963581085205 0.013020833022892475 0.02222222276031971
0 0.04479166492819786 0.3722222149372101 0.02604166604578495 0.07777778059244156
1 0.5494791865348816 0.8347222208976746 0.01875000074505806 0.03055555559694767
1 0.5804687738418579 0.7412037253379822 0.01614583283662796 0.03055555559694767
1 0.663281261920929 0.581944465637207 0.01718750037252903 0.034259259700775146
0 0.5643228888511658 0.8384259343147278 0.04739583283662796 0.04537037014961243
0 0.3736979067325592 0.7847222089767456 0.03489583358168602 0.07685185223817825
0 0.34557291865348816 0.7240740656852722 0.02552083320915699 0.06296296417713165
3 0.6338541507720947 0.24722221493721008 0.04895833507180214 0.0833333358168602
0 0.6729166507720947 0.8046296238899231 0.03229166567325592 0.06851851940155029
0 0.5848958492279053 0.5319444537162781 0.04062499850988388 0.07870370149612427
0 0.01380208320915699 0.5078703761100769 0.02656250074505806 0.08055555820465088
0 0.0403645820915699 0.3152777850627899 0.02552083320915699 0.0694444477558136
0 0.03072916716337204 0.2430555522441864 0.02916666679084301 0.05648148059844971
0 0.6752604246139526 0.5814814567565918 0.05364583432674408 0.06296296417713165
0 0.6403645873069763 0.46388888359069824 0.03072916716337204 0.09444444626569748
0 0.5940104126930237 0.7379629611968994 0.05260416492819786 0.06666667014360428