0 0.5044270753860474 0.8467592597007751 0.03281249850988388 0.03981481492519379
1 0.3083333373069763 0.4046296179294586 0.014583333395421505 0.02222222276031971
1 0.3408854305744171 0.31898146867752075 0.015104166232049465 0.026851851493120193
1 0.37109375 0.3384259343147278 0.01822916604578495 0.026851851493120193
1 0.39401042461395264 0.5305555462837219 0.01614583283662796 0.031481482088565826
1 0.6859375238418579 0.5152778029441833 0.01875000074505806 0.028703704476356506
1 0.5364583134651184 0.31805557012557983 0.01666666753590107 0.028703704476356506
1 0.6364583373069763 0.35740742087364197 0.01875000074505806 0.029629629105329514
1 0.3031249940395355 0.5055555701255798 0.01875000074505806 0.02777777798473835
1 0.38203126192092896 0.729629635810852 0.01822916604578495 0.02777777798473835
0 0.5526041388511658 0.3212963044643402 0.05416666716337204 0.05740740895271301
0 0.3466145694255829 0.3046296238899231 0.03072916716337204 0.06851851940155029
1 0.49557292461395264 0.15000000596046448 0.01718750037252903 0.03333333507180214
0 0.37291666865348816 0.3629629611968994 0.03229166567325592 0.09444444626569748
0 0.3036458194255829 0.48564815521240234 0.03229166567325592 0.07500000298023224
0 0.36119791865348816 0.24120371043682098 0.02552083320915699 0.05462963134050369
0 0.40312498807907104 0.5490740537643433 0.03854166716337204 0.08888889104127884
0 0.3109374940395355 0.3907407522201538 0.0364583320915699 0.06296296417713165
0 0.6799479126930237 0.5393518805503845 0.03697916492819786 0.09166666865348816
0 0.5083333253860474 0.14537036418914795 0.04791666567325592 0.05925925821065903
0 0.38463541865348816 0.7532407641410828 0.0338541679084301 0.08981481194496155
0 0.6343749761581421 0.3342592716217041 0.03229166567325592 0.09814814478158951