1 0.38098958134651184 0.7722222208976746 0.01406249962747097 0.024074073880910873
1 0.36666667461395264 0.22083333134651184 0.014583333395421505 0.02500000037252903
0 0.33203125 0.7083333134651184 0.01822916604578495 0.05370370298624039
1 0.6778646111488342 0.5148147940635681 0.015104166232049465 0.02222222276031971
1 0.6747395992279053 0.43888887763023376 0.015104166232049465 0.025925925001502037
1 0.6307291388511658 0.6564815044403076 0.014583333395421505 0.029629629105329514
1 0.5635416507720947 0.699999988079071 0.014583333395421505 0.02777777798473835
1 0.3578124940395355 0.7143518328666687 0.014583333395421505 0.028703704476356506
1 0.4085937440395355 0.8189814686775208 0.015104166232049465 0.028703704476356506
0 0.3153645694255829 0.6810185313224792 0.02239583246409893 0.04722222313284874
0 0.3541666567325592 0.6902777552604675 0.02708333358168602 0.0694444477558136
0 0.3695312440395355 0.7597222328186035 0.03802083432674408 0.04722222313284874
0 0.6380208134651184 0.6393518447875977 0.03541666641831398 0.07685185223817825
0 0.6674479246139526 0.4157407283782959 0.0338541679084301 0.07777778059244156
0 0.6809895634651184 0.49537035822868347 0.02968749962747097 0.07777778059244156
0 0.42500001192092896 0.7467592358589172 0.04479166492819786 0.05648148059844971
0 0.5544270873069763 0.6842592358589172 0.03697916492819786 0.06851851940155029
0 0.39635416865348816 0.8152777552604675 0.03750000149011612 0.04722222313284874
0 0.3736979067325592 0.21064814925193787 0.03072916716337204 0.05277777835726738