1 0.5140625238418579 0.6907407641410828 0.01354166679084301 0.025925925001502037
1 0.3947916626930237 0.7509258985519409 0.01145833358168602 0.020370369777083397
1 0.4934895932674408 0.5078703761100769 0.01197916641831398 0.023148147389292717
1 0.4684895873069763 0.49259260296821594 0.00989583320915699 0.02222222276031971
1 0.5182291865348816 0.5064814686775208 0.014583333395421505 0.020370369777083397
0 0.4729166626930237 0.8152777552604675 0.02187499962747097 0.028703704476356506
1 0.4606770873069763 0.6041666865348816 0.01197916641831398 0.01944444514811039
1 0.5289062261581421 0.31296294927597046 0.015104166232049465 0.02777777798473835
1 0.4598958194255829 0.7092592716217041 0.01145833358168602 0.018518518656492233
0 0.45755207538604736 0.4819444417953491 0.03281249850988388 0.037962961941957474
0 0.4869791567325592 0.5138888955116272 0.02604166604578495 0.04259259253740311
0 0.5122395753860474 0.7981481552124023 0.0234375 0.040740739554166794
0 0.4671874940395355 0.6930555701255798 0.02812499925494194 0.05462963134050369
0 0.5065104365348816 0.6962962746620178 0.02864583395421505 0.03888889029622078
0 0.5179687738418579 0.5208333134651184 0.02031249925494194 0.06018518656492233
0 0.45390623807907104 0.6180555820465088 0.02968749962747097 0.05833333358168602
0 0.4026041626930237 0.7393518686294556 0.03020833246409893 0.05092592537403107
0 0.5390625 0.3083333373069763 0.03437500074505806 0.0555555559694767
0 0.42760416865348816 0.7722222208976746 0.02395833283662796 0.04814814776182175