3 0.6544271111488342 0.5666666626930237 0.03802083432674408 0.06111111119389534
0 0.6567708253860474 0.5671296119689941 0.02708333358168602 0.05833333358168602
1 0.6351562738418579 0.41712963581085205 0.01406249962747097 0.023148147389292717
0 0.6354166865348816 0.6226851940155029 0.02916666679084301 0.05833333358168602
1 0.553906261920929 0.6606481671333313 0.01718750037252903 0.023148147389292717
1 0.6661458611488342 0.46851852536201477 0.01666666753590107 0.025925925001502037
0 0.6106770634651184 0.6745370626449585 0.03593749925494194 0.05092592537403107
1 0.2888020873069763 0.5361111164093018 0.01718750037252903 0.025925925001502037
0 0.5520833134651184 0.6361111402511597 0.02395833283662796 0.07962962985038757
1 0.3059895932674408 0.43796294927597046 0.01718750037252903 0.024074073880910873
1 0.32343751192092896 0.7041666507720947 0.015625 0.02500000037252903
0 0.574999988079071 0.6828703880310059 0.03750000149011612 0.034259259700775146
1 0.5403645634651184 0.7736111283302307 0.01718750037252903 0.028703704476356506
3 0.621874988079071 0.6462963223457336 0.05520833283662796 0.09444444626569748
0 0.6669270992279053 0.4879629611968994 0.02656250074505806 0.07592592388391495
0 0.5356770753860474 0.782870352268219 0.0338541679084301 0.05462963134050369
0 0.3101562559604645 0.41435185074806213 0.03177083283662796 0.08055555820465088
3 0.56640625 0.6495370268821716 0.05260416492819786 0.09907407313585281
0 0.3192708194255829 0.6884258985519409 0.03229166567325592 0.07314814627170563
0 0.2861979305744171 0.5143518447875977 0.03177083283662796 0.08611111342906952
0 0.6252604126930237 0.3958333432674408 0.04218750074505806 0.07500000298023224