1 0.47578126192092896 0.8476851582527161 0.02031249925494194 0.028703704476356506
1 0.6177083253860474 0.36157408356666565 0.01770833320915699 0.034259259700775146
1 0.5395833253860474 0.9009259343147278 0.015625 0.029629629105329514
0 0.3140625059604645 0.3291666805744171 0.03958333283662796 0.08055555820465088
1 0.4481770694255829 0.42824074625968933 0.01718750037252903 0.028703704476356506
1 0.37291666865348816 0.36666667461395264 0.01666666753590107 0.024074073880910873
1 0.5002604126930237 0.14120370149612427 0.01614583283662796 0.032407406717538834
1 0.3895833194255829 0.4375 0.01666666753590107 0.026851851493120193
1 0.5414062738418579 0.15694443881511688 0.01614583283662796 0.034259259700775146
1 0.4247395694255829 0.24629630148410797 0.01822916604578495 0.031481482088565826
1 0.5864583253860474 0.7782407402992249 0.01770833320915699 0.03055555559694767
1 0.30026042461395264 0.6615740656852722 0.02031249925494194 0.03055555559694767
0 0.3968749940395355 0.41435185074806213 0.03541666641831398 0.07500000298023224
1 0.32421875 0.4444444477558136 0.01822916604578495 0.02777777798473835
0 0.6000000238418579 0.7685185074806213 0.0520833320915699 0.07407407462596893
0 0.3460937440395355 0.24953703582286835 0.02656250074505806 0.05833333358168602
0 0.6273437738418579 0.3708333373069763 0.04739583283662796 0.08981481194496155
3 0.33281248807907104 0.2736110985279083 0.05312500149011612 0.10277777910232544
0 0.37317708134651184 0.3421296179294586 0.02968749962747097 0.08425925672054291
0 0.3049479126930237 0.6851851940155029 0.03177083283662796 0.08148147910833359
0 0.3309895694255829 0.4217592477798462 0.0338541679084301 0.07685185223817825
0 0.41484373807907104 0.26249998807907104 0.04114583507180214 0.06759259104728699
0 0.44973957538604736 0.39907407760620117 0.03177083283662796 0.0962962955236435
0 0.5565103888511658 0.15925925970077515 0.04635416716337204 0.05925925821065903
0 0.48750001192092896 0.13518518209457397 0.04270833358168602 0.06296296417713165