1 0.5518229007720947 0.7717592716217041 0.015104166232049465 0.02500000037252903
1 0.5666666626930237 0.8092592358589172 0.01770833320915699 0.02777777798473835
0 0.5044270753860474 0.8810185194015503 0.03697916492819786 0.032407406717538834
1 0.4828124940395355 0.8814814686775208 0.015625 0.025925925001502037
1 0.563281238079071 0.6625000238418579 0.01614583283662796 0.028703704476356506
1 0.5416666865348816 0.8606481552124023 0.015625 0.026851851493120193
1 0.5765625238418579 0.8388888835906982 0.01354166679084301 0.024074073880910873
0 0.577343761920929 0.770370364189148 0.03802083432674408 0.06666667014360428
1 0.5497395992279053 0.5449073910713196 0.015104166232049465 0.028703704476356506
1 0.5278645753860474 0.5944444537162781 0.01614583283662796 0.024074073880910873
0 0.5690104365348816 0.8560185432434082 0.03177083283662796 0.0416666679084301
0 0.5403645634651184 0.7870370149612427 0.03593749925494194 0.05370370298624039
0 0.5296875238418579 0.8611111044883728 0.04374999925494194 0.040740739554166794
1 0.5921875238418579 0.6620370149612427 0.01875000074505806 0.025925925001502037
0 0.46953123807907104 0.8717592358589172 0.03697916492819786 0.037962961941957474
1 0.5492187738418579 0.15740740299224854 0.01927083358168602 0.031481482088565826
0 0.5533854365348816 0.6814814805984497 0.03281249850988388 0.05740740895271301
0 0.5966145992279053 0.637499988079071 0.03072916716337204 0.08055555820465088
0 0.5575520992279053 0.1736111044883728 0.03802083432674408 0.0694444477558136
0 0.524218738079071 0.6189814805984497 0.03489583358168602 0.07500000298023224
0 0.5606771111488342 0.5337963104248047 0.04114583507180214 0.06388889253139496