3 0.547656238079071 0.6462963223457336 0.04218750074505806 0.10000000149011612
3 0.3226562440395355 0.6018518805503845 0.04010416567325592 0.1240740716457367
1 0.5302083492279053 0.5240740776062012 0.015625 0.025925925001502037
1 0.32760417461395264 0.6407407522201538 0.01979166641831398 0.029629629105329514
3 0.515625 0.4314814805984497 0.03750000149011612 0.1240740716457367
1 0.3151041567325592 0.5527777671813965 0.02083333395421505 0.029629629105329514
1 0.49661457538604736 0.8407407402992249 0.01197916641831398 0.02777777798473835
1 0.5289062261581421 0.8583333492279053 0.01406249962747097 0.02777777798473835
1 0.542187511920929 0.6384259462356567 0.01875000074505806 0.023148147389292717
0 0.5341145992279053 0.6074073910713196 0.02552083320915699 0.06111111119389534
3 0.5395833253860474 0.5962963104248047 0.03854166716337204 0.1259259283542633
0 0.59375 0.8509259223937988 0.0364583320915699 0.06111111119389534
0 0.3153645694255829 0.5611110925674438 0.0338541679084301 0.05925925821065903
3 0.5278645753860474 0.5259259343147278 0.0390625 0.12037037312984467
0 0.3231770694255829 0.6162037253379822 0.03697916492819786 0.09907407313585281
1 0.535937488079071 0.37268519401550293 0.01666666753590107 0.02500000037252903
3 0.5210937261581421 0.3731481432914734 0.0442708320915699 0.10185185074806213
1 0.6460937261581421 0.21898147463798523 0.01718750037252903 0.023148147389292717
1 0.6903645992279053 0.2958333194255829 0.015104166232049465 0.02500000037252903
0 0.5317708253860474 0.3481481373310089 0.02708333358168602 0.06851851940155029
3 0.516406238079071 0.47962963581085205 0.04114583507180214 0.12962962687015533
1 0.45104166865348816 0.8412036895751953 0.014583333395421505 0.03055555559694767
3 0.5328124761581421 0.5634258985519409 0.03333333507180214 0.11388888955116272
0 0.6463541388511658 0.2004629671573639 0.03125 0.06574074178934097
0 0.5502604246139526 0.6615740656852722 0.0338541679084301 0.07129629701375961
0 0.68359375 0.2828703820705414 0.0338541679084301 0.05648148059844971
0 0.4632812440395355 0.8476851582527161 0.04531250149011612 0.0694444477558136