1 0.6591145992279053 0.5273148417472839 0.04843749850988388 0.11388888955116272
1 0.5908854007720947 0.8263888955116272 0.01822916604578495 0.02500000037252903
0 0.59375 0.8180555701255798 0.02604166604578495 0.032407406717538834
1 0.4908854067325592 0.8643518686294556 0.01822916604578495 0.03055555559694767
1 0.6408854126930237 0.45185184478759766 0.015104166232049465 0.02222222276031971
1 0.43046873807907104 0.7175925970077515 0.010937499813735485 0.02222222276031971
1 0.46796876192092896 0.8305555582046509 0.015104166232049465 0.02777777798473835
0 0.4989583194255829 0.864814817905426 0.03437500074505806 0.03703703731298447
1 0.27916666865348816 0.5671296119689941 0.01770833320915699 0.026851851493120193
0 0.66015625 0.5592592358589172 0.04114583507180214 0.04814814776182175
1 0.3739583194255829 0.2222222238779068 0.01666666753590107 0.02777777798473835
0 0.66015625 0.5009258985519409 0.02552083320915699 0.05925925821065903
1 0.4388020932674408 0.8550925850868225 0.01406249962747097 0.02500000037252903
1 0.4401041567325592 0.1726851910352707 0.014583333395421505 0.028703704476356506
1 0.3570312559604645 0.5972222089767456 0.01614583283662796 0.024074073880910873
1 0.45755207538604736 0.5856481194496155 0.015104166232049465 0.03055555559694767
1 0.40182292461395264 0.7337962985038757 0.01406249962747097 0.026851851493120193
0 0.4697916805744171 0.8060185313224792 0.03437500074505806 0.07314814627170563
0 0.40963542461395264 0.7402777671813965 0.03697916492819786 0.05462963134050369
3 0.6580728888511658 0.5305555462837219 0.04531250149011612 0.11296296119689941
0 0.6351562738418579 0.4268518388271332 0.03281249850988388 0.07407407462596893
0 0.45234376192092896 0.8615740537643433 0.04010416567325592 0.04722222313284874
0 0.4427083432674408 0.7134259343147278 0.03229166567325592 0.049074072390794754
0 0.2825520932674408 0.5907407402992249 0.03072916716337204 0.0833333358168602
0 0.35755208134651184 0.6212962865829468 0.03072916716337204 0.08888889104127884
0 0.4700520932674408 0.5925925970077515 0.04739583283662796 0.06666667014360428
0 0.42916667461395264 0.17222222685813904 0.03958333283662796 0.05000000074505806
0 0.36119791865348816 0.22592592239379883 0.04010416567325592 0.05925925821065903