3 0.63671875 0.244907408952713 0.05260416492819786 0.07129629701375961
0 0.6507812738418579 0.23287037014961243 0.02552083320915699 0.04537037014961243
1 0.3479166626930237 0.7162036895751953 0.01979166641831398 0.03055555559694767
1 0.04348958283662796 0.2967592477798462 0.01718750037252903 0.026851851493120193
1 0.01536458358168602 0.5263888835906982 0.01822916604578495 0.028703704476356506
1 0.36770832538604736 0.7657407522201538 0.01770833320915699 0.02222222276031971
0 0.49791666865348816 0.8962963223457336 0.02604166604578495 0.0555555559694767
1 0.5794270634651184 0.8398148417472839 0.01718750037252903 0.029629629105329514
0 0.014322916977107525 0.18981482088565826 0.02760416641831398 0.03888889029622078
1 0.625781238079071 0.7254629731178284 0.01718750037252903 0.032407406717538834
1 0.04531250149011612 0.3856481611728668 0.01770833320915699 0.026851851493120193
1 0.6752604246139526 0.7861111164093018 0.01614583283662796 0.02222222276031971
1 0.03515625 0.22962963581085205 0.013020833022892475 0.02222222276031971
0 0.624218761920929 0.25046294927597046 0.02968749962747097 0.06203703582286835
1 0.5934895873069763 0.519444465637207 0.01822916604578495 0.03333333507180214
0 0.04479166492819786 0.3722222149372101 0.02604166604578495 0.07777778059244156
0 0.5960937738418579 0.8416666388511658 0.0494791679084301 0.04444444552063942
1 0.6528645753860474 0.5037037134170532 0.01718750037252903 0.031481482088565826
1 0.6630208492279053 0.5810185074806213 0.01770833320915699 0.032407406717538834
0 0.3447916805744171 0.7245370149612427 0.02916666679084301 0.06018518656492233
0 0.6739583611488342 0.8069444298744202 0.02500000037252903 0.07129629701375961
0 0.5841146111488342 0.5342592597007751 0.0390625 0.07592592388391495
0 0.01406249962747097 0.5083333253860474 0.02708333358168602 0.07962962985038757
0 0.03072916716337204 0.2430555522441864 0.02916666679084301 0.05648148059844971
0 0.04062499850988388 0.3143518567085266 0.02604166604578495 0.0694444477558136
0 0.6424478888511658 0.5162037014961243 0.03802083432674408 0.07500000298023224
0 0.37291666865348816 0.7875000238418579 0.03333333507180214 0.0824074074625969
0 0.6763020753860474 0.5810185074806213 0.0494791679084301 0.05648148059844971
0 0.6377604007720947 0.7291666865348816 0.04843749850988388 0.06388889253139496