1 0.637499988079071 0.6537036895751953 0.01145833358168602 0.024074073880910873
1 0.4192708432674408 0.7805555462837219 0.012500000186264515 0.020370369777083397
1 0.4585937559604645 0.6064814925193787 0.01197916641831398 0.020370369777083397
0 0.4789062440395355 0.8171296119689941 0.01927083358168602 0.02500000037252903
1 0.5966145992279053 0.7615740895271301 0.01197916641831398 0.01944444514811039
1 0.5028645992279053 0.7444444298744202 0.010937499813735485 0.020370369777083397
0 0.5127604007720947 0.7962962985038757 0.0234375 0.03888889029622078
0 0.453125 0.8069444298744202 0.01875000074505806 0.032407406717538834
1 0.5036458373069763 0.3611111044883728 0.014583333395421505 0.024074073880910873
0 0.42005208134651184 0.7671296000480652 0.01614583283662796 0.049074072390794754
0 0.4013020694255829 0.7370370626449585 0.02864583395421505 0.05000000074505806
0 0.4502604305744171 0.7833333611488342 0.02031249925494194 0.05925925821065903
0 0.49427083134651184 0.7546296119689941 0.03229166567325592 0.04444444552063942
0 0.6020833253860474 0.7532407641410828 0.02708333358168602 0.049074072390794754
0 0.508593738079071 0.37361112236976624 0.02552083320915699 0.06018518656492233
0 0.45364582538604736 0.6180555820465088 0.02916666679084301 0.05462963134050369
0 0.48645833134651184 0.5120370388031006 0.03333333507180214 0.05740740895271301
0 0.6260416507720947 0.6601851582527161 0.0364583320915699 0.05740740895271301