3 0.45364582538604736 0.6717592477798462 0.04270833358168602 0.13240741193294525
1 0.6947916746139526 0.5731481313705444 0.01770833320915699 0.02777777798473835
1 0.5041666626930237 0.7365740537643433 0.01770833320915699 0.026851851493120193
1 0.6664062738418579 0.7435185313224792 0.015104166232049465 0.029629629105329514
1 0.3348958194255829 0.730555534362793 0.01354166679084301 0.025925925001502037
1 0.5921875238418579 0.2888889014720917 0.01770833320915699 0.03333333507180214
1 0.4442708194255829 0.6717592477798462 0.01666666753590107 0.02500000037252903
1 0.30807292461395264 0.3523148000240326 0.01718750037252903 0.021296296268701553
1 0.43307292461395264 0.8592592477798462 0.01927083358168602 0.029629629105329514
1 0.4716145694255829 0.739814817905426 0.01614583283662796 0.029629629105329514
1 0.4026041626930237 0.7259259223937988 0.01770833320915699 0.029629629105329514
0 0.3257812559604645 0.7217592597007751 0.03489583358168602 0.06574074178934097
1 0.5440104007720947 0.14953704178333282 0.01822916604578495 0.03611111268401146
1 0.5971354246139526 0.17824074625968933 0.01822916604578495 0.032407406717538834
1 0.5692708492279053 0.48472222685813904 0.015625 0.032407406717538834
0 0.4372395873069763 0.8740741014480591 0.03177083283662796 0.06851851940155029
0 0.44843751192092896 0.6472222208976746 0.03333333507180214 0.08148147910833359
0 0.31041666865348816 0.33194443583488464 0.02916666679084301 0.0694444477558136
0 0.4632812440395355 0.7217592597007751 0.0338541679084301 0.06759259104728699
0 0.5 0.7564814686775208 0.03333333507180214 0.0833333358168602
0 0.5804687738418579 0.4958333373069763 0.0442708320915699 0.07870370149612427
0 0.67578125 0.7291666865348816 0.0390625 0.07685185223817825
0 0.6039062738418579 0.27546295523643494 0.04322916641831398 0.06759259104728699
0 0.5861979126930237 0.16805554926395416 0.04218750074505806 0.06388889253139496
0 0.532031238079071 0.14120370149612427 0.04322916641831398 0.06203703582286835
0 0.3968749940395355 0.706944465637207 0.03750000149011612 0.0824074074625969
0 0.6885416507720947 0.5564814805984497 0.0416666679084301 0.08703703433275223