1 0.4716145694255829 0.8736110925674438 0.01197916641831398 0.026851851493120193
0 0.3919270932674408 0.5870370268821716 0.04322916641831398 0.08148147910833359
1 0.30000001192092896 0.612500011920929 0.012500000186264515 0.02500000037252903
1 0.3369791805744171 0.7583333253860474 0.01770833320915699 0.024074073880910873
1 0.3734374940395355 0.792129635810852 0.012500000186264515 0.02500000037252903
0 0.3908854126930237 0.5199074149131775 0.02656250074505806 0.05277777835726738
1 0.43828123807907104 0.8148148059844971 0.015104166232049465 0.02222222276031971
1 0.4507812559604645 0.17592592537403107 0.01718750037252903 0.029629629105329514
1 0.3153645694255829 0.7087963223457336 0.01406249962747097 0.02500000037252903
0 0.4833333194255829 0.8731481432914734 0.03333333507180214 0.03703703731298447
3 0.3916666805744171 0.5597222447395325 0.04062499850988388 0.12314815074205399
1 0.4945312440395355 0.16018518805503845 0.01614583283662796 0.03333333507180214
0 0.34375 0.7773148417472839 0.0364583320915699 0.06388889253139496
1 0.4375 0.8597221970558167 0.014583333395421505 0.026851851493120193
1 0.5651041865348816 0.1884259283542633 0.015625 0.028703704476356506
0 0.44869792461395264 0.8652777671813965 0.03281249850988388 0.037962961941957474
0 0.43151041865348816 0.7962962985038757 0.02864583395421505 0.06111111119389534
0 0.3854166567325592 0.7967592477798462 0.03437500074505806 0.03981481492519379
0 0.3231770694255829 0.6949074268341064 0.03281249850988388 0.06574074178934097
0 0.5549479126930237 0.17916665971279144 0.0390625 0.06203703582286835
0 0.4830729067325592 0.15324074029922485 0.0390625 0.05277777835726738
0 0.29114583134651184 0.6185185313224792 0.03541666641831398 0.05925925821065903
0 0.43802082538604736 0.18425926566123962 0.04062499850988388 0.06111111119389534