1 0.46015626192092896 0.5694444179534912 0.01614583283662796 0.024074073880910873
1 0.49036458134651184 0.6120370626449585 0.01718750037252903 0.024074073880910873
1 0.43932291865348816 0.5004629492759705 0.01614583283662796 0.026851851493120193
1 0.6747395992279053 0.5907407402992249 0.01718750037252903 0.024074073880910873
0 0.6773437261581421 0.5092592835426331 0.02656250074505806 0.06481481343507767
1 0.41197916865348816 0.17685185372829437 0.015625 0.029629629105329514
0 0.6763020753860474 0.5754629373550415 0.02447916753590107 0.06203703582286835
0 0.48828125 0.6310185194015503 0.02239583246409893 0.06759259104728699
1 0.45494791865348816 0.1587962955236435 0.015104166232049465 0.03055555559694767
1 0.4723958373069763 0.7342592477798462 0.01354166679084301 0.02222222276031971
1 0.30000001192092896 0.4203703701496124 0.014583333395421505 0.029629629105329514
1 0.5794270634651184 0.32592591643333435 0.01718750037252903 0.02777777798473835
1 0.3869791626930237 0.48472222685813904 0.01770833320915699 0.03055555559694767
0 0.4625000059604645 0.5888888835906982 0.02500000037252903 0.06481481343507767
0 0.538281261920929 0.27824074029922485 0.03489583358168602 0.05462963134050369
3 0.6770833134651184 0.5402777791023254 0.03020833246409893 0.12870369851589203
0 0.44479167461395264 0.16018518805503845 0.03958333283662796 0.04814814776182175
0 0.40026041865348816 0.1805555522441864 0.03697916492819786 0.05000000074505806
0 0.44843751192092896 0.5180555582046509 0.03229166567325592 0.06018518656492233
0 0.5072916746139526 0.6777777671813965 0.0364583320915699 0.05925925821065903
0 0.3958333432674408 0.47268518805503845 0.04062499850988388 0.06574074178934097
0 0.573437511920929 0.3152777850627899 0.03437500074505806 0.05277777835726738
0 0.46562498807907104 0.7495370507240295 0.03333333507180214 0.05277777835726738
0 0.3138020932674408 0.42500001192092896 0.0442708320915699 0.06296296417713165