1 0.47083333134651184 0.5509259104728699 0.01770833320915699 0.035185184329748154
1 0.39661458134651184 0.7699074149131775 0.01406249962747097 0.02500000037252903
0 0.59375 0.8189814686775208 0.02500000037252903 0.03055555559694767
0 0.6734374761581421 0.4749999940395355 0.02708333358168602 0.06666667014360428
1 0.672656238079071 0.39722222089767456 0.01822916604578495 0.02222222276031971
1 0.4893229305744171 0.6120370626449585 0.01718750037252903 0.02222222276031971
1 0.2903645932674408 0.380092591047287 0.013020833022892475 0.023148147389292717
1 0.4283854067325592 0.5615741014480591 0.015104166232049465 0.026851851493120193
1 0.3802083432674408 0.7666666507720947 0.01666666753590107 0.025925925001502037
1 0.4479166567325592 0.5263888835906982 0.014583333395421505 0.03055555559694767
3 0.6739583611488342 0.45509257912635803 0.03125 0.10648148506879807
1 0.6447916626930237 0.3245370388031006 0.01354166679084301 0.023148147389292717
1 0.38489583134651184 0.47546297311782837 0.014583333395421505 0.026851851493120193
0 0.4830729067325592 0.8671296238899231 0.02656250074505806 0.05092592537403107
0 0.6695312261581421 0.3722222149372101 0.02656250074505806 0.06296296417713165
0 0.37552082538604736 0.7458333373069763 0.02604166604578495 0.06574074178934097
0 0.2984375059604645 0.3689814805984497 0.03541666641831398 0.05833333358168602
0 0.4755208194255829 0.5731481313705444 0.02916666679084301 0.05370370298624039
0 0.4606770873069763 0.5148147940635681 0.03697916492819786 0.05000000074505806
0 0.40937501192092896 0.7782407402992249 0.03333333507180214 0.037962961941957474
0 0.3958333432674408 0.4625000059604645 0.03958333283662796 0.06203703582286835
0 0.6348958611488342 0.3134259283542633 0.03541666641831398 0.05092592537403107
0 0.4234375059604645 0.543055534362793 0.02916666679084301 0.06388889253139496
0 0.4937500059604645 0.6347222328186035 0.03125 0.06388889253139496