1 0.3421296179294586 0.28891509771347046 0.0416666679084301 0.027515722438693047
0 0.5361111164093018 0.2904874086380005 0.031481482088565826 0.02908805012702942
0 0.7564814686775208 0.3694968521595001 0.035185184329748154 0.022012578323483467
3 0.7518518567085266 0.38482704758644104 0.05000000074505806 0.062106918543577194
0 0.6245370507240295 0.4036949574947357 0.03981481492519379 0.027515722438693047
1 0.5393518805503845 0.2904874086380005 0.028703704476356506 0.02437106892466545
0 0.6300926208496094 0.44103774428367615 0.03981481492519379 0.039308175444602966
0 0.3402777910232544 0.31014150381088257 0.0416666679084301 0.06996855139732361
0 0.5013889074325562 0.400943398475647 0.0694444477558136 0.05974842607975006
1 0.33472222089767456 0.26022014021873474 0.023148147389292717 0.020440252497792244
1 0.33796295523643494 0.2834119498729706 0.025925925001502037 0.01808176189661026
3 0.3402777910232544 0.30817610025405884 0.043518517166376114 0.07232704758644104
1 0.6717592477798462 0.5448113083839417 0.02500000037252903 0.020440252497792244
0 0.7550926208496094 0.3879716992378235 0.05092592537403107 0.062106918543577194
1 0.4842592477798462 0.38561320304870605 0.029629629105329514 0.021226415410637856
1 0.10648148506879807 0.4988207519054413 0.035185184329748154 0.02437106892466545
1 0.6134259104728699 0.3136792480945587 0.028703704476356506 0.022012578323483467
1 0.7587962746620178 0.40566039085388184 0.026851851493120193 0.01886792480945587
1 0.20185184478759766 0.4390723407268524 0.03333333507180214 0.021226415410637856
0 0.5046296119689941 0.28930819034576416 0.07777778059244156 0.034591194242239
1 0.1328703761100769 0.35809749364852905 0.032407406717538834 0.025943396613001823
1 0.4703703820705414 0.48349055647850037 0.02777777798473835 0.022012578323483467
1 0.2611111104488373 0.5231918096542358 0.029629629105329514 0.021226415410637856
0 0.3680555522441864 0.2551100552082062 0.08611111342906952 0.03537735715508461
1 0.710185170173645 0.3191823959350586 0.025925925001502037 0.022012578323483467
1 0.7532407641410828 0.365959107875824 0.028703704476356506 0.01808176189661026
1 0.3907407522201538 0.3396226465702057 0.029629629105329514 0.020440252497792244
1 0.17407406866550446 0.5569968819618225 0.03333333507180214 0.02437106892466545
1 0.42500001192092896 0.5797955989837646 0.031481482088565826 0.02279874123632908
0 0.6560184955596924 0.5632861852645874 0.06388889253139496 0.06682389974594116
3 0.6268518567085266 0.42570754885673523 0.05000000074505806 0.06996855139732361
0 0.49351853132247925 0.48152515292167664 0.07592592388391495 0.038522012531757355
0 0.41435185074806213 0.5542452931404114 0.05277777835726738 0.07704402506351471
0 0.5939815044403076 0.2995283007621765 0.07314814627170563 0.05345911905169487
0 0.7328703999519348 0.32900944352149963 0.06759259104728699 0.044811319559812546
0 0.14444445073604584 0.36556604504585266 0.06111111119389534 0.05188679322600365
0 0.20185184478759766 0.42177674174308777 0.05370370298624039 0.062106918543577194
0 0.38842591643333435 0.32429245114326477 0.04537037014961243 0.06367924809455872
0 0.24583333730697632 0.5035377144813538 0.07129629701375961 0.06682389974594116
0 0.10879629850387573 0.48231130838394165 0.05648148059844971 0.06525157392024994
0 0.1648148149251938 0.5400943160057068 0.051851850003004074 0.06603773683309555