0 0.6031249761581421 0.792129635810852 0.03125 0.05648148059844971
0 0.29765623807907104 0.6574074029922485 0.02552083320915699 0.04444444552063942
3 0.6005208492279053 0.7949073910713196 0.03541666641831398 0.05833333358168602
0 0.5736979246139526 0.8296296000480652 0.02656250074505806 0.051851850003004074
1 0.27552083134651184 0.5425925850868225 0.01770833320915699 0.025925925001502037
1 0.4661458432674408 0.635185182094574 0.01875000074505806 0.02777777798473835
1 0.33984375 0.7351852059364319 0.01406249962747097 0.020370369777083397
0 0.4651041626930237 0.6527777910232544 0.02500000037252903 0.06666667014360428
3 0.3098958432674408 0.6828703880310059 0.04583333432674408 0.08981481194496155
1 0.6026041507720947 0.23749999701976776 0.012500000186264515 0.026851851493120193
1 0.38619792461395264 0.48750001192092896 0.01614583283662796 0.03055555559694767
1 0.5023437738418579 0.7870370149612427 0.013020833022892475 0.024074073880910873
1 0.34947916865348816 0.23055554926395416 0.015625 0.02777777798473835
0 0.5401041507720947 0.7912036776542664 0.03333333507180214 0.0416666679084301
3 0.48880207538604736 0.6810185313224792 0.04739583283662796 0.09351851791143417
0 0.31640625 0.7009259462356567 0.02760416641831398 0.051851850003004074
3 0.5864583253860474 0.8050925731658936 0.05833333358168602 0.07685185223817825
0 0.4934895932674408 0.6944444179534912 0.03593749925494194 0.06851851940155029
0 0.2747395932674408 0.519444465637207 0.02447916753590107 0.08148147910833359
0 0.33411458134651184 0.7504629492759705 0.02968749962747097 0.05833333358168602
0 0.3411458432674408 0.244907408952713 0.03229166567325592 0.06574074178934097
0 0.4937500059604645 0.7777777910232544 0.03125 0.04444444552063942
0 0.610156238079071 0.24537037312984467 0.0338541679084301 0.06481481343507767
0 0.39765626192092896 0.4773148000240326 0.04739583283662796 0.06759259104728699