0 0.1953703761100769 0.5055031180381775 0.035185184329748154 0.02987421303987503
0 0.4481481611728668 0.26100629568099976 0.07592592388391495 0.03616352379322052
3 0.23749999701976776 0.44025155901908875 0.06574074178934097 0.04245283082127571
1 0.36157408356666565 0.250786155462265 0.02500000037252903 0.0172955971211195
1 0.4037036895751953 0.26218554377555847 0.024074073880910873 0.01808176189661026
1 0.2203703671693802 0.4308176040649414 0.02777777798473835 0.02358490601181984
1 0.28101852536201477 0.46069180965423584 0.03055555559694767 0.025157231837511063
0 0.3305555582046509 0.31643080711364746 0.07222222536802292 0.04009433835744858
1 0.5254629850387573 0.2975628972053528 0.023148147389292717 0.016509434208273888
0 0.24074074625968933 0.4437893033027649 0.06296296417713165 0.04323899373412132
1 0.6925926208496094 0.28105345368385315 0.031481482088565826 0.021226415410637856
1 0.2689814865589142 0.3895440399646759 0.02500000037252903 0.021226415410637856
3 0.37037035822868347 0.26768869161605835 0.07407407462596893 0.049528300762176514
0 0.2865740656852722 0.384040892124176 0.06574074178934097 0.04009433835744858
3 0.5166666507720947 0.31564465165138245 0.07407407462596893 0.062106918543577194
1 0.23333333432674408 0.4044811427593231 0.031481482088565826 0.021226415410637856
1 0.6972222328186035 0.5302672982215881 0.031481482088565826 0.027515722438693047
1 0.12175925821065903 0.446540892124176 0.028703704476356506 0.022012578323483467
1 0.29398149251937866 0.30188679695129395 0.03055555559694767 0.02358490601181984
1 0.5009258985519409 0.3333333432674408 0.03888889029622078 0.026729559525847435
1 0.15416666865348816 0.2995283007621765 0.03055555559694767 0.02358490601181984
0 0.5171296000480652 0.31603774428367615 0.07685185223817825 0.06446541100740433
0 0.30694442987442017 0.46855345368385315 0.07314814627170563 0.039308175444602966
1 0.35185185074806213 0.31643080711364746 0.029629629105329514 0.021226415410637856
0 0.19074073433876038 0.48820754885673523 0.04814814776182175 0.06603773683309555
0 0.23287037014961243 0.384040892124176 0.04722222313284874 0.06053459271788597
1 0.25231480598449707 0.16155660152435303 0.03055555559694767 0.02279874123632908
0 0.26620370149612427 0.2900943458080292 0.07870370149612427 0.0487421378493309
1 0.19722221791744232 0.5086477994918823 0.031481482088565826 0.02358490601181984
0 0.6768518686294556 0.30149370431900024 0.07037036865949631 0.06839622557163239
1 0.7648147940635681 0.5188679099082947 0.03333333507180214 0.026729559525847435
0 0.6643518805503845 0.5393081903457642 0.08425925672054291 0.04245283082127571
0 0.23333333432674408 0.18632075190544128 0.07037036865949631 0.07547169923782349
0 0.7458333373069763 0.5381289124488831 0.07685185223817825 0.062106918543577194
0 0.1657407432794571 0.31053459644317627 0.06666667014360428 0.056603774428367615
0 0.12824073433876038 0.43396225571632385 0.05277777835726738 0.05974842607975006