1 0.6776041388511658 0.6685185432434082 0.01875000074505806 0.029629629105329514
1 0.7018229365348816 0.45694443583488464 0.01614583283662796 0.023148147389292717
1 0.6997395753860474 0.5199074149131775 0.015104166232049465 0.01944444514811039
1 0.5072916746139526 0.6111111044883728 0.015625 0.025925925001502037
1 0.686718761920929 0.38935184478759766 0.01406249962747097 0.01944444514811039
1 0.6463541388511658 0.6550925970077515 0.01666666753590107 0.02500000037252903
1 0.57421875 0.6814814805984497 0.015104166232049465 0.025925925001502037
1 0.5520833134651184 0.8296296000480652 0.012500000186264515 0.02222222276031971
1 0.35598957538604736 0.7041666507720947 0.01406249962747097 0.026851851493120193
1 0.5614583492279053 0.5958333611488342 0.01354166679084301 0.02500000037252903
1 0.50390625 0.7495370507240295 0.013020833022892475 0.02500000037252903
1 0.30260416865348816 0.5087962746620178 0.015625 0.023148147389292717
0 0.7005208134651184 0.539814829826355 0.02395833283662796 0.05925925821065903
0 0.676562488079071 0.6810185313224792 0.02708333358168602 0.06203703582286835
0 0.6471354365348816 0.6754629611968994 0.0234375 0.0694444477558136
0 0.30260416865348816 0.4861111044883728 0.02500000037252903 0.08518518507480621
0 0.6895833611488342 0.36250001192092896 0.02812499925494194 0.0824074074625969
0 0.5026041865348816 0.6310185194015503 0.0364583320915699 0.07685185223817825
0 0.6401041746139526 0.7458333373069763 0.02708333358168602 0.05648148059844971
0 0.6973958611488342 0.4694444537162781 0.03333333507180214 0.06296296417713165
0 0.5833333134651184 0.668055534362793 0.0364583320915699 0.06203703582286835
0 0.571093738079071 0.5842592716217041 0.04010416567325592 0.06481481343507767
0 0.5143229365348816 0.7597222328186035 0.03802083432674408 0.06203703582286835
0 0.539843738079071 0.8444444537162781 0.0390625 0.0555555559694767
0 0.3447916805744171 0.7106481194496155 0.04062499850988388 0.06018518656492233