0 0.29114583134651184 0.41018518805503845 0.03437500074505806 0.10740740597248077
1 0.5684896111488342 0.5546296238899231 0.01822916604578495 0.031481482088565826
1 0.598437488079071 0.3560185134410858 0.01875000074505806 0.026851851493120193
1 0.28333333134651184 0.5212963223457336 0.01666666753590107 0.024074073880910873
1 0.53515625 0.5930555462837219 0.01927083358168602 0.032407406717538834
1 0.6216145753860474 0.730555534362793 0.01614583283662796 0.029629629105329514
1 0.3205729126930237 0.3462963104248047 0.01614583283662796 0.031481482088565826
0 0.6078125238418579 0.7416666746139526 0.04270833358168602 0.05370370298624039
0 0.28984373807907104 0.44398146867752075 0.03281249850988388 0.0416666679084301
1 0.6026041507720947 0.39907407760620117 0.01875000074505806 0.029629629105329514
1 0.5375000238418579 0.7708333134651184 0.01979166641831398 0.028703704476356506
1 0.6028645634651184 0.24629630148410797 0.01614583283662796 0.02777777798473835
3 0.5911458134651184 0.3523148000240326 0.04374999925494194 0.11944444477558136
0 0.5895833373069763 0.39027777314186096 0.04270833358168602 0.049074072390794754
1 0.46015626192092896 0.16435185074806213 0.01718750037252903 0.03055555559694767
1 0.510937511920929 0.3037036955356598 0.01875000074505806 0.029629629105329514
0 0.2815104126930237 0.5486111044883728 0.02760416641831398 0.08425925672054291
0 0.5942708253860474 0.3296296298503876 0.03020833246409893 0.07407407462596893
3 0.29088541865348816 0.4097222089767456 0.03697916492819786 0.10833333432674408
0 0.2945312559604645 0.3861111104488373 0.02552083320915699 0.06851851940155029
0 0.5247395634651184 0.6134259104728699 0.03802083432674408 0.07129629701375961
0 0.5815104246139526 0.5680555701255798 0.0442708320915699 0.06203703582286835
0 0.5411458611488342 0.7481481432914734 0.03333333507180214 0.07407407462596893
0 0.5028645992279053 0.28796297311782837 0.03697916492819786 0.06666667014360428
0 0.6161458492279053 0.2518518567085266 0.04270833358168602 0.05370370298624039
0 0.33385416865348816 0.33657407760620117 0.04270833358168602 0.06388889253139496
0 0.4710937440395355 0.16018518805503845 0.04322916641831398 0.05740740895271301