0 0.6690104007720947 0.33703702688217163 0.0442708320915699 0.1111111119389534
1 0.5911458134651184 0.8467592597007751 0.012500000186264515 0.026851851493120193
1 0.6325520873069763 0.23240740597248077 0.06927083432674408 0.06481481343507767
3 0.59765625 0.20509259402751923 0.08385416865348816 0.05277777835726738
1 0.6567708253860474 0.28611111640930176 0.01770833320915699 0.031481482088565826
1 0.6057291626930237 0.20185184478759766 0.014583333395421505 0.029629629105329514
1 0.7213541865348816 0.4564814865589142 0.02083333395421505 0.025925925001502037
1 0.7135416865348816 0.38842591643333435 0.01770833320915699 0.02500000037252903
0 0.6052083373069763 0.8296296000480652 0.03750000149011612 0.05370370298624039
1 0.565625011920929 0.864814817905426 0.01666666753590107 0.02777777798473835
1 0.5669270753860474 0.5120370388031006 0.01614583283662796 0.029629629105329514
0 0.5716145634651184 0.8578703999519348 0.02864583395421505 0.049074072390794754
1 0.5221354365348816 0.5148147940635681 0.01718750037252903 0.029629629105329514
3 0.633593738079071 0.22870370745658875 0.07239583134651184 0.07037036865949631
1 0.6018229126930237 0.7472222447395325 0.01718750037252903 0.031481482088565826
0 0.6585937738418579 0.3004629611968994 0.02968749962747097 0.05277777835726738
0 0.6768229007720947 0.3592592477798462 0.02552083320915699 0.06296296417713165
0 0.6169270873069763 0.21666666865348816 0.03489583358168602 0.05000000074505806
1 0.567187488079071 0.20277777314186096 0.01770833320915699 0.031481482088565826
1 0.48619791865348816 0.8726851940155029 0.01718750037252903 0.03055555559694767
0 0.7244791388511658 0.48564815521240234 0.02604166604578495 0.07685185223817825
0 0.5286458134651184 0.5375000238418579 0.03125 0.07870370149612427
0 0.5786458253860474 0.20462962985038757 0.03958333283662796 0.040740739554166794
0 0.7184895873069763 0.40925925970077515 0.03177083283662796 0.07592592388391495
3 0.6684895753860474 0.3361110985279083 0.04531250149011612 0.1111111119389534
0 0.5747395753860474 0.5333333611488342 0.0338541679084301 0.07777778059244156
0 0.6499999761581421 0.24351851642131805 0.03541666641831398 0.04814814776182175
0 0.5888020992279053 0.7583333253860474 0.04218750074505806 0.06296296417713165
0 0.4729166626930237 0.8657407164573669 0.04479166492819786 0.06666667014360428