0 0.5882812738418579 0.592129647731781 0.05052083358168602 0.12129629403352737
1 0.589062511920929 0.5898148417472839 0.01875000074505806 0.035185184329748154
3 0.6002604365348816 0.7740740776062012 0.0651041641831398 0.06296296417713165
1 0.3739583194255829 0.7884259223937988 0.014583333395421505 0.026851851493120193
0 0.44218748807907104 0.8115741014480591 0.04479166492819786 0.0416666679084301
0 0.4739583432674408 0.8106481432914734 0.03229166567325592 0.04537037014961243
1 0.32760417461395264 0.7319444417953491 0.014583333395421505 0.02500000037252903
1 0.5166666507720947 0.17638888955116272 0.01666666753590107 0.026851851493120193
0 0.585156261920929 0.7972221970558167 0.03177083283662796 0.03703703731298447
1 0.56640625 0.5370370149612427 0.01718750037252903 0.025925925001502037
0 0.5726562738418579 0.5509259104728699 0.0338541679084301 0.06111111119389534
1 0.41223958134651184 0.17083333432674408 0.015104166232049465 0.028703704476356506
0 0.6130208373069763 0.7671296000480652 0.03333333507180214 0.05277777835726738
0 0.5473958253860474 0.8314814567565918 0.03333333507180214 0.03888889029622078
3 0.5835937261581421 0.585185170173645 0.05677083507180214 0.13148148357868195
0 0.596875011920929 0.6129629611968994 0.03229166567325592 0.07962962985038757
0 0.3244791626930237 0.7092592716217041 0.03020833246409893 0.0833333358168602
0 0.5231770873069763 0.1657407432794571 0.03072916716337204 0.06111111119389534
0 0.40234375 0.17916665971279144 0.0338541679084301 0.05462963134050369
0 0.36328125 0.7805555462837219 0.0390625 0.06111111119389534