1 0.3604166805744171 0.24953703582286835 0.014583333395421505 0.02500000037252903
0 0.3489583432674408 0.2699074149131775 0.03125 0.06388889253139496
1 0.6541666388511658 0.4407407343387604 0.01875000074505806 0.029629629105329514
1 0.31979167461395264 0.7138888835906982 0.01875000074505806 0.029629629105329514
1 0.3856770694255829 0.30787035822868347 0.01614583283662796 0.03055555559694767
1 0.6083333492279053 0.7754629850387573 0.01875000074505806 0.028703704476356506
1 0.5364583134651184 0.18009258806705475 0.015625 0.028703704476356506
1 0.39895832538604736 0.47453704476356506 0.014583333395421505 0.03055555559694767
1 0.4270833432674408 0.3837963044643402 0.01666666753590107 0.032407406717538834
1 0.6736978888511658 0.4287036955356598 0.02031249925494194 0.025925925001502037
1 0.421875 0.5541666746139526 0.01875000074505806 0.026851851493120193
1 0.6596354246139526 0.6833333373069763 0.01822916604578495 0.02777777798473835
1 0.5856770873069763 0.5356481671333313 0.01718750037252903 0.034259259700775146
1 0.578906238079071 0.4342592656612396 0.01718750037252903 0.031481482088565826
3 0.3658854067325592 0.2865740656852722 0.0546875 0.0972222238779068
0 0.37109375 0.31388887763023376 0.04531250149011612 0.051851850003004074
0 0.657031238079071 0.4680555462837219 0.02760416641831398 0.0824074074625969
0 0.6705729365348816 0.4037036895751953 0.03281249850988388 0.08148147910833359
0 0.4130208194255829 0.39120370149612427 0.04583333432674408 0.05833333358168602
0 0.6026041507720947 0.7958333492279053 0.03333333507180214 0.06574074178934097
0 0.6541666388511658 0.7032407522201538 0.03125 0.07314814627170563
0 0.4260416626930237 0.5291666388511658 0.03125 0.09351851791143417
0 0.5721353888511658 0.5462962985038757 0.04843749850988388 0.07037036865949631
0 0.3854166567325592 0.4680555462837219 0.04479166492819786 0.06759259104728699
0 0.3291666805744171 0.7347221970558167 0.03854166716337204 0.07129629701375961
0 0.5268229246139526 0.1726851910352707 0.03593749925494194 0.05833333358168602
0 0.592968761920929 0.4435185194015503 0.04635416716337204 0.07222222536802292