1 0.5835937261581421 0.8629629611968994 0.01614583283662796 0.03333333507180214
1 0.46302083134651184 0.46388888359069824 0.01666666753590107 0.025925925001502037
1 0.5802083611488342 0.27546295523643494 0.01979166641831398 0.028703704476356506
0 0.5609375238418579 0.8694444298744202 0.02187499962747097 0.03333333507180214
1 0.5888020992279053 0.27916666865348816 0.01822916604578495 0.028703704476356506
1 0.30677083134651184 0.5 0.015625 0.025925925001502037
1 0.546093761920929 0.23101851344108582 0.015104166232049465 0.026851851493120193
1 0.5101562738418579 0.364814817905426 0.01614583283662796 0.025925925001502037
1 0.5703125 0.27546295523643494 0.01666666753590107 0.028703704476356506
0 0.5065104365348816 0.38333332538604736 0.03072916716337204 0.06296296417713165
1 0.5606771111488342 0.5449073910713196 0.01822916604578495 0.032407406717538834
1 0.4950520694255829 0.16712963581085205 0.01822916604578495 0.032407406717538834
0 0.592968761920929 0.8569444417953491 0.0338541679084301 0.05092592537403107
1 0.5119791626930237 0.5069444179534912 0.01770833320915699 0.032407406717538834
0 0.4817708432674408 0.43287035822868347 0.02708333358168602 0.049074072390794754
1 0.7018229365348816 0.35046297311782837 0.01718750037252903 0.03055555559694767
0 0.5328124761581421 0.2212962955236435 0.03437500074505806 0.04259259253740311
0 0.710156261920929 0.3689814805984497 0.03177083283662796 0.08055555820465088
0 0.5614583492279053 0.2638888955116272 0.03229166567325592 0.05000000074505806
0 0.4554687440395355 0.48564815521240234 0.0338541679084301 0.07500000298023224
0 0.5255208611488342 0.5097222328186035 0.04583333432674408 0.05092592537403107
0 0.4846354126930237 0.182407408952713 0.03802083432674408 0.06851851940155029
0 0.5713541507720947 0.529629647731781 0.03854166716337204 0.06851851940155029
0 0.5994791388511658 0.26620370149612427 0.03750000149011612 0.05648148059844971
3 0.49609375 0.4027777910232544 0.0494791679084301 0.10185185074806213
0 0.3072916567325592 0.5134259462356567 0.02604166604578495 0.07685185223817825