1 0.5406249761581421 0.4782407283782959 0.01354166679084301 0.026851851493120193
1 0.42109376192092896 0.2004629671573639 0.01822916604578495 0.02500000037252903
0 0.6838541626930237 0.3583333194255829 0.02916666679084301 0.07037036865949631
1 0.5317708253860474 0.15046297013759613 0.01666666753590107 0.03055555559694767
1 0.6872395873069763 0.37638887763023376 0.01822916604578495 0.028703704476356506
1 0.3539062440395355 0.26157405972480774 0.01718750037252903 0.028703704476356506
1 0.32760417461395264 0.33472222089767456 0.015625 0.02500000037252903
1 0.5703125 0.369907408952713 0.01666666753590107 0.028703704476356506
1 0.3161458373069763 0.5986111164093018 0.01666666753590107 0.03055555559694767
0 0.668749988079071 0.30092594027519226 0.02604166604578495 0.06296296417713165
1 0.36276042461395264 0.5162037014961243 0.01614583283662796 0.026851851493120193
0 0.3127604126930237 0.3921296298503876 0.02864583395421505 0.07129629701375961
0 0.7005208134651184 0.4268518388271332 0.02916666679084301 0.05925925821065903
3 0.6768229007720947 0.3296296298503876 0.04531250149011612 0.12037037312984467
0 0.3192708194255829 0.5754629373550415 0.03437500074505806 0.09166666865348816
0 0.33020833134651184 0.31388887763023376 0.02916666679084301 0.07037036865949631
0 0.3606770932674408 0.24027778208255768 0.03281249850988388 0.06759259104728699
0 0.3721354305744171 0.5305555462837219 0.04218750074505806 0.07407407462596893
0 0.4247395694255829 0.17870371043682098 0.02760416641831398 0.06851851940155029
0 0.5765625238418579 0.39027777314186096 0.03333333507180214 0.08981481194496155
0 0.5559895634651184 0.47777777910232544 0.05364583432674408 0.05740740895271301
0 0.5234375 0.1527777761220932 0.03333333507180214 0.051851850003004074