1 0.628125011920929 0.33564814925193787 0.015625 0.023148147389292717
1 0.6072916388511658 0.3361110985279083 0.014583333395421505 0.02222222276031971
1 0.6645833253860474 0.29305556416511536 0.01875000074505806 0.03055555559694767
1 0.43411457538604736 0.33194443583488464 0.01614583283662796 0.026851851493120193
1 0.5111979246139526 0.5171296000480652 0.015104166232049465 0.028703704476356506
1 0.6388021111488342 0.4833333194255829 0.01406249962747097 0.029629629105329514
1 0.4736979305744171 0.6435185074806213 0.015104166232049465 0.02777777798473835
0 0.51171875 0.8425925970077515 0.0338541679084301 0.03888889029622078
1 0.7026041746139526 0.4740740656852722 0.01770833320915699 0.025925925001502037
1 0.5369791388511658 0.5634258985519409 0.01770833320915699 0.02500000037252903
1 0.6489583253860474 0.5916666388511658 0.01666666753590107 0.025925925001502037
1 0.6833333373069763 0.3592592477798462 0.015625 0.024074073880910873
0 0.6585937738418579 0.27037036418914795 0.03177083283662796 0.06851851940155029
0 0.6518229246139526 0.48240742087364197 0.04739583283662796 0.06481481343507767
0 0.5992187261581421 0.31388887763023376 0.03072916716337204 0.0833333358168602
0 0.7052083611488342 0.4486111104488373 0.03125 0.08055555820465088
0 0.6283854246139526 0.36157408356666565 0.02864583395421505 0.08425925672054291
0 0.6833333373069763 0.33796295523643494 0.03020833246409893 0.07777778059244156
0 0.43828123807907104 0.31111112236976624 0.02968749962747097 0.08148147910833359
0 0.46692708134651184 0.6620370149612427 0.03489583358168602 0.07962962985038757
0 0.6575520634651184 0.5745370388031006 0.03802083432674408 0.07685185223817825
0 0.532031238079071 0.5930555462837219 0.03593749925494194 0.08611111342906952
0 0.5260416865348816 0.5064814686775208 0.0520833320915699 0.06296296417713165