1 0.4971354305744171 0.8175926208496094 0.02135416679084301 0.03333333507180214
1 0.3932291567325592 0.8194444179534912 0.01770833320915699 0.025925925001502037
1 0.04322916641831398 0.29722222685813904 0.01666666753590107 0.025925925001502037
1 0.5723958611488342 0.5976851582527161 0.01666666753590107 0.026851851493120193
1 0.6721354126930237 0.7810184955596924 0.02135416679084301 0.03055555559694767
0 0.04218750074505806 0.3412036895751953 0.02916666679084301 0.11574073880910873
1 0.015104166232049465 0.5263888835906982 0.01770833320915699 0.028703704476356506
1 0.04531250149011612 0.385185182094574 0.01770833320915699 0.025925925001502037
0 0.4976562559604645 0.9009259343147278 0.02239583246409893 0.05370370298624039
0 0.014843749813735485 0.1893518567085266 0.02864583395421505 0.037962961941957474
1 0.563281238079071 0.6722221970558167 0.01718750037252903 0.025925925001502037
1 0.6955729126930237 0.520370364189148 0.01822916604578495 0.029629629105329514
3 0.47838541865348816 0.8310185074806213 0.06718750298023224 0.06018518656492233
1 0.03541666641831398 0.23055554926395416 0.012500000186264515 0.02222222276031971
0 0.4945312440395355 0.8263888955116272 0.02760416641831398 0.05462963134050369
0 0.4619791805744171 0.8388888835906982 0.03229166567325592 0.03703703731298447
0 0.04453124850988388 0.3717592656612396 0.02656250074505806 0.07870370149612427
1 0.6901041865348816 0.31018519401550293 0.01875000074505806 0.02777777798473835
0 0.6729166507720947 0.8027777671813965 0.03854166716337204 0.0833333358168602
0 0.01406249962747097 0.5083333253860474 0.02708333358168602 0.07962962985038757
0 0.6830729246139526 0.29027777910232544 0.03697916492819786 0.0694444477558136
0 0.0416666679084301 0.3134259283542633 0.02395833283662796 0.06759259104728699
0 0.39244791865348816 0.8310185074806213 0.0338541679084301 0.0694444477558136
0 0.3515625 0.7416666746139526 0.02916666679084301 0.06481481343507767
0 0.03098958358168602 0.2439814805984497 0.03072916716337204 0.05648148059844971
0 0.6859375238418579 0.539814829826355 0.04374999925494194 0.0833333358168602
0 0.5752604007720947 0.6138888597488403 0.02864583395421505 0.08518518507480621
0 0.5541666746139526 0.6912037134170532 0.0364583320915699 0.07129629701375961