0 0.5333333611488342 0.8324074149131775 0.02083333395421505 0.03703703731298447
1 0.6388021111488342 0.6953703761100769 0.01614583283662796 0.02777777798473835
1 0.5369791388511658 0.8305555582046509 0.01354166679084301 0.02777777798473835
0 0.5252603888511658 0.8282407522201538 0.03281249850988388 0.0416666679084301
1 0.5708333253860474 0.8162037134170532 0.014583333395421505 0.026851851493120193
1 0.6294270753860474 0.6550925970077515 0.01718750037252903 0.028703704476356506
0 0.6216145753860474 0.6726852059364319 0.03593749925494194 0.06574074178934097
1 0.5598958134651184 0.17777778208255768 0.01666666753590107 0.02777777798473835
0 0.641406238079071 0.677314817905426 0.02864583395421505 0.07500000298023224
1 0.5044270753860474 0.5648148059844971 0.015104166232049465 0.025925925001502037
0 0.5361979007720947 0.6291666626930237 0.04322916641831398 0.043518517166376114
0 0.5638020634651184 0.8259259462356567 0.03489583358168602 0.035185184329748154
1 0.49036458134651184 0.6300926208496094 0.01614583283662796 0.02500000037252903
1 0.44088542461395264 0.6513888835906982 0.01406249962747097 0.026851851493120193
1 0.5205729007720947 0.635185182094574 0.01614583283662796 0.029629629105329514
1 0.3096354305744171 0.5814814567565918 0.01822916604578495 0.02777777798473835
0 0.5627604126930237 0.7824074029922485 0.02552083320915699 0.07592592388391495
0 0.45260417461395264 0.6472222208976746 0.04270833358168602 0.04444444552063942
1 0.65234375 0.574999988079071 0.01614583283662796 0.025925925001502037
0 0.49401041865348816 0.6537036895751953 0.02656250074505806 0.06481481343507767
0 0.4958333373069763 0.5805555582046509 0.03333333507180214 0.0555555559694767
0 0.3140625059604645 0.605555534362793 0.03125 0.08148147910833359
0 0.5510416626930237 0.16851851344108582 0.04270833358168602 0.05925925821065903
0 0.6539062261581421 0.5546296238899231 0.03281249850988388 0.08888889104127884