3 0.3687500059604645 0.35462963581085205 0.03437500074505806 0.10370370000600815
1 0.6638020873069763 0.5800926089286804 0.013020833022892475 0.021296296268701553
1 0.649218738079071 0.5930555462837219 0.01406249962747097 0.02500000037252903
3 0.6682291626930237 0.5777778029441833 0.0364583320915699 0.12037037312984467
0 0.504687488079071 0.8675925731658936 0.03333333507180214 0.03888889029622078
1 0.6739583611488342 0.47592592239379883 0.015625 0.02777777798473835
3 0.3596354126930237 0.2953703701496124 0.03281249850988388 0.10000000149011612
0 0.35885417461395264 0.28240740299224854 0.02812499925494194 0.07407407462596893
1 0.35494792461395264 0.25648146867752075 0.01927083358168602 0.025925925001502037
1 0.4309895932674408 0.8041666746139526 0.015104166232049465 0.028703704476356506
1 0.6234375238418579 0.29212963581085205 0.01875000074505806 0.02500000037252903
1 0.375 0.34259259700775146 0.015625 0.02222222276031971
1 0.546875 0.5041666626930237 0.01979166641831398 0.02500000037252903
1 0.5450521111488342 0.6175925731658936 0.02031249925494194 0.024074073880910873
1 0.6278645992279053 0.3958333432674408 0.01718750037252903 0.02500000037252903
1 0.3057291805744171 0.5023148059844971 0.02083333395421505 0.026851851493120193
0 0.6442708373069763 0.6166666746139526 0.02916666679084301 0.06666667014360428
0 0.6619791388511658 0.4921296238899231 0.03854166716337204 0.05277777835726738
0 0.37031251192092896 0.36944442987442017 0.03125 0.07777778059244156
1 0.663281261920929 0.37453705072402954 0.02031249925494194 0.023148147389292717
0 0.6731770634651184 0.5541666746139526 0.02760416641831398 0.06574074178934097
0 0.5528646111488342 0.4800925850868225 0.02864583395421505 0.07500000298023224
0 0.621874988079071 0.2638888955116272 0.03125 0.07222222536802292
0 0.41848957538604736 0.7861111164093018 0.03697916492819786 0.06666667014360428
0 0.660937488079071 0.3472222089767456 0.02708333358168602 0.07407407462596893
0 0.6200520992279053 0.36759260296821594 0.02968749962747097 0.07592592388391495
0 0.30859375 0.47268518805503845 0.02968749962747097 0.08611111342906952
0 0.5463541746139526 0.592129647731781 0.02812499925494194 0.08055555820465088