1 0.5880208611488342 0.8277778029441833 0.015625 0.025925925001502037
0 0.41744792461395264 0.8731481432914734 0.03177083283662796 0.051851850003004074
3 0.29635417461395264 0.3731481432914734 0.04479166492819786 0.13148148357868195
1 0.528124988079071 0.15046297013759613 0.02187499962747097 0.032407406717538834
0 0.28984373807907104 0.40231481194496155 0.03072916716337204 0.07314814627170563
1 0.32734376192092896 0.45277777314186096 0.01718750037252903 0.025925925001502037
1 0.6747395992279053 0.5643518567085266 0.01927083358168602 0.026851851493120193
1 0.4476562440395355 0.427314817905426 0.01614583283662796 0.028703704476356506
0 0.2940104305744171 0.3782407343387604 0.04322916641831398 0.12129629403352737
1 0.29895833134651184 0.6384259462356567 0.01666666753590107 0.026851851493120193
1 0.3882812559604645 0.43796294927597046 0.01718750037252903 0.029629629105329514
1 0.3713541626930237 0.3722222149372101 0.01770833320915699 0.024074073880910873
0 0.30807292461395264 0.34583333134651184 0.0234375 0.06759259104728699
1 0.5197916626930237 0.14907407760620117 0.01770833320915699 0.03333333507180214
1 0.28723958134651184 0.42129629850387573 0.01927083358168602 0.029629629105329514
1 0.43437498807907104 0.24351851642131805 0.01770833320915699 0.03333333507180214
1 0.31953126192092896 0.6537036895751953 0.015104166232049465 0.02777777798473835
0 0.3981770873069763 0.4148148000240326 0.03802083432674408 0.08148147910833359
0 0.3734374940395355 0.34675925970077515 0.03020833246409893 0.09907407313585281
0 0.4494791626930237 0.39907407760620117 0.03229166567325592 0.0962962955236435
0 0.3348958194255829 0.6689814925193787 0.04479166492819786 0.0694444477558136
0 0.3317708373069763 0.427314817905426 0.03125 0.08981481194496155
0 0.671093761920929 0.5930555462837219 0.0338541679084301 0.10092592239379883
0 0.5057291388511658 0.13842593133449554 0.046875 0.06203703582286835
0 0.546875 0.1587962955236435 0.0364583320915699 0.05648148059844971
0 0.2927083373069763 0.6185185313224792 0.03333333507180214 0.08148147910833359
0 0.42005208134651184 0.25462964177131653 0.04843749850988388 0.06666667014360428