1 0.5002604126930237 0.5694444179534912 0.015104166232049465 0.03333333507180214
1 0.5544270873069763 0.8773148059844971 0.01718750037252903 0.02500000037252903
1 0.6255208253860474 0.7944444417953491 0.01666666753590107 0.02777777798473835
1 0.5513020753860474 0.5212963223457336 0.01614583283662796 0.031481482088565826
1 0.4296875 0.2291666716337204 0.015625 0.028703704476356506
1 0.46302083134651184 0.18518517911434174 0.01770833320915699 0.02777777798473835
0 0.4658854305744171 0.2300925999879837 0.04218750074505806 0.037962961941957474
1 0.30911457538604736 0.5611110925674438 0.01718750037252903 0.024074073880910873
1 0.5604166388511658 0.6499999761581421 0.01666666753590107 0.02777777798473835
1 0.4789062440395355 0.22546295821666718 0.01614583283662796 0.028703704476356506
0 0.6338541507720947 0.7763888835906982 0.03541666641831398 0.0694444477558136
0 0.4515624940395355 0.16203702986240387 0.03750000149011612 0.06851851940155029
1 0.5687500238418579 0.20787036418914795 0.01770833320915699 0.032407406717538834
0 0.42265623807907104 0.2162037044763565 0.02968749962747097 0.05277777835726738
0 0.3765625059604645 0.23472222685813904 0.02500000037252903 0.05092592537403107
0 0.5570312738418579 0.8643518686294556 0.02968749962747097 0.06018518656492233
0 0.5609375238418579 0.6745370626449585 0.03125 0.09166666865348816
0 0.5122395753860474 0.5810185074806213 0.04218750074505806 0.0694444477558136
0 0.582812488079071 0.20277777314186096 0.04791666567325592 0.06296296417713165
0 0.30677083134651184 0.5342592597007751 0.02708333358168602 0.08888889104127884
0 0.5651041865348816 0.5310184955596924 0.04791666567325592 0.06759259104728699