1 0.47708332538604736 0.8513888716697693 0.014583333395421505 0.02500000037252903
1 0.6518229246139526 0.31481480598449707 0.01822916604578495 0.02222222276031971
3 0.49947917461395264 0.7824074029922485 0.04062499850988388 0.11666666716337204
0 0.5721353888511658 0.7787036895751953 0.04843749850988388 0.06111111119389534
1 0.5052083134651184 0.2995370328426361 0.01770833320915699 0.028703704476356506
3 0.5721353888511658 0.7791666388511658 0.05156249925494194 0.06759259104728699
0 0.5101562738418579 0.7555555701255798 0.02760416641831398 0.05370370298624039
1 0.40182292461395264 0.520370364189148 0.01927083358168602 0.029629629105329514
0 0.48489582538604736 0.8486111164093018 0.02812499925494194 0.03611111268401146
1 0.5874999761581421 0.4861111044883728 0.01770833320915699 0.02777777798473835
1 0.4661458432674408 0.5518518686294556 0.015625 0.031481482088565826
0 0.5283854007720947 0.8143518567085266 0.03281249850988388 0.06018518656492233
1 0.4854166805744171 0.15601852536201477 0.01666666753590107 0.03055555559694767
0 0.4976562559604645 0.3185185194015503 0.03489583358168602 0.07777778059244156
1 0.3947916626930237 0.8064814805984497 0.015625 0.025925925001502037
3 0.5197916626930237 0.7837963104248047 0.04583333432674408 0.11944444477558136
0 0.4898437559604645 0.800000011920929 0.02656250074505806 0.07037036865949631
0 0.3981770873069763 0.4972222149372101 0.0338541679084301 0.0833333358168602
0 0.4778645932674408 0.5597222447395325 0.04531250149011612 0.06388889253139496
0 0.58203125 0.4643518626689911 0.0338541679084301 0.08611111342906952
0 0.64453125 0.2967592477798462 0.03802083432674408 0.06388889253139496
0 0.4723958373069763 0.1666666716337204 0.04374999925494194 0.0555555559694767
0 0.3841145932674408 0.7949073910713196 0.04114583507180214 0.06388889253139496