1 0.3880208432674408 0.6643518805503845 0.01770833320915699 0.02500000037252903
1 0.3570312559604645 0.255092591047287 0.02031249925494194 0.034259259700775146
0 0.3033854067325592 0.49537035822868347 0.02760416641831398 0.06296296417713165
0 0.3218750059604645 0.4287036955356598 0.046875 0.10185185074806213
1 0.6567708253860474 0.26342591643333435 0.014583333395421505 0.02500000037252903
1 0.30781251192092896 0.5157407522201538 0.014583333395421505 0.020370369777083397
3 0.30520832538604736 0.48240742087364197 0.03229166567325592 0.09259258955717087
1 0.3838541805744171 0.7449073791503906 0.01875000074505806 0.021296296268701553
0 0.32864582538604736 0.4124999940395355 0.02916666679084301 0.07314814627170563
3 0.36901041865348816 0.23888888955116272 0.04843749850988388 0.07222222536802292
1 0.31041666865348816 0.5902777910232544 0.01770833320915699 0.026851851493120193
1 0.4505208432674408 0.2370370328426361 0.01666666753590107 0.035185184329748154
0 0.36770832538604736 0.23749999701976776 0.046875 0.07314814627170563
1 0.3919270932674408 0.5277777910232544 0.01614583283662796 0.029629629105329514
1 0.6356770992279053 0.3569444417953491 0.01822916604578495 0.026851851493120193
0 0.30651041865348816 0.5699074268341064 0.02552083320915699 0.07500000298023224
3 0.32109373807907104 0.43287035822868347 0.05052083358168602 0.1120370402932167
0 0.38749998807907104 0.6884258985519409 0.02708333358168602 0.07685185223817825
0 0.40182292461395264 0.5453703999519348 0.0390625 0.07777778059244156
0 0.38671875 0.7689814567565918 0.02864583395421505 0.07314814627170563
0 0.6622396111488342 0.2736110985279083 0.03072916716337204 0.06018518656492233
0 0.6315104365348816 0.3305555582046509 0.02968749962747097 0.08703703433275223
0 0.4661458432674408 0.24583333730697632 0.05000000074505806 0.06388889253139496