1 0.5638020634651184 0.8125 0.013020833022892475 0.02500000037252903
1 0.4388020932674408 0.5935184955596924 0.01718750037252903 0.025925925001502037
1 0.5377604365348816 0.32083332538604736 0.01927083358168602 0.032407406717538834
1 0.30781251192092896 0.4166666567325592 0.015625 0.02222222276031971
1 0.7026041746139526 0.4763889014720917 0.015625 0.023148147389292717
1 0.3841145932674408 0.7310185432434082 0.01927083358168602 0.028703704476356506
1 0.3127604126930237 0.5958333611488342 0.01822916604578495 0.03055555559694767
1 0.33515626192092896 0.5087962746620178 0.01614583283662796 0.03055555559694767
1 0.6369791626930237 0.35046297311782837 0.01875000074505806 0.028703704476356506
1 0.6880208253860474 0.6171296238899231 0.01666666753590107 0.028703704476356506
1 0.5122395753860474 0.15231481194496155 0.01718750037252903 0.032407406717538834
0 0.7020833492279053 0.46481481194496155 0.03437500074505806 0.07222222536802292
0 0.6950520873069763 0.5972222089767456 0.03489583358168602 0.08703703433275223
0 0.34947916865348816 0.49444442987442017 0.0520833320915699 0.09259258955717087
0 0.3604166805744171 0.24120371043682098 0.02812499925494194 0.05833333358168602
0 0.5486978888511658 0.3402777910232544 0.0442708320915699 0.08425925672054291
0 0.6351562738418579 0.3231481611728668 0.0338541679084301 0.09444444626569748
0 0.3127604126930237 0.4000000059604645 0.03593749925494194 0.07222222536802292
0 0.3148437440395355 0.6180555820465088 0.02968749962747097 0.0824074074625969
0 0.5268229246139526 0.15138888359069824 0.04739583283662796 0.05648148059844971
0 0.43541666865348816 0.6208333373069763 0.0364583320915699 0.09537036716938019
0 0.5552083253860474 0.8240740895271301 0.03229166567325592 0.0555555559694767
0 0.3854166567325592 0.7537037134170532 0.03541666641831398 0.08703703433275223