1 0.4481770694255829 0.16249999403953552 0.01406249962747097 0.02500000037252903
1 0.3044270873069763 0.4625000059604645 0.01927083358168602 0.026851851493120193
1 0.4296875 0.16944444179534912 0.014583333395421505 0.029629629105329514
1 0.596875011920929 0.18888889253139496 0.01666666753590107 0.025925925001502037
1 0.3645833432674408 0.24074074625968933 0.015625 0.02777777798473835
1 0.6234375238418579 0.2240740805864334 0.01666666753590107 0.025925925001502037
1 0.6929687261581421 0.6092592477798462 0.01718750037252903 0.02777777798473835
0 0.4596354067325592 0.8157407641410828 0.04114583507180214 0.06296296417713165
1 0.6325520873069763 0.6393518447875977 0.01718750037252903 0.026851851493120193
1 0.5627604126930237 0.3513889014720917 0.01822916604578495 0.03055555559694767
1 0.3127604126930237 0.3986110985279083 0.01614583283662796 0.023148147389292717
0 0.31640625 0.37731480598449707 0.02864583395421505 0.07500000298023224
0 0.41588541865348816 0.17499999701976776 0.03802083432674408 0.04259259253740311
0 0.6966145634651184 0.5879629850387573 0.03072916716337204 0.0833333358168602
0 0.35546875 0.2560185194015503 0.03489583358168602 0.06759259104728699
0 0.625781238079071 0.6620370149612427 0.0390625 0.09074074029922485
0 0.46015626192092896 0.1527777761220932 0.03802083432674408 0.046296294778585434
0 0.5882812738418579 0.17499999701976776 0.03802083432674408 0.06481481343507767
0 0.5674479007720947 0.3740740716457367 0.03177083283662796 0.09259258955717087
0 0.6354166865348816 0.23749999701976776 0.03854166716337204 0.06574074178934097
0 0.30416667461395264 0.4703703820705414 0.03229166567325592 0.06666667014360428