3 0.44062501192092896 0.49953705072402954 0.03958333283662796 0.07129629701375961
3 0.3697916567325592 0.45879629254341125 0.05312500149011612 0.05277777835726738
3 0.43359375 0.44490739703178406 0.03697916492819786 0.07685185223817825
0 0.4346354305744171 0.46990740299224854 0.03281249850988388 0.026851851493120193
0 0.3630208373069763 0.40925925970077515 0.02500000037252903 0.06296296417713165
3 0.4192708432674408 0.510185182094574 0.03229166567325592 0.05925925821065903
1 0.4468750059604645 0.520370364189148 0.01354166679084301 0.020370369777083397
1 0.3802083432674408 0.43981480598449707 0.01354166679084301 0.020370369777083397
0 0.4177083373069763 0.5106481313705444 0.02916666679084301 0.05277777835726738
0 0.41458332538604736 0.3916666805744171 0.02916666679084301 0.03888889029622078
3 0.41979166865348816 0.4217592477798462 0.03333333507180214 0.09351851791143417
1 0.42786458134651184 0.5259259343147278 0.013020833022892475 0.020370369777083397
0 0.4502604305744171 0.5069444179534912 0.02031249925494194 0.05277777835726738
0 0.4229166805744171 0.43009260296821594 0.01770833320915699 0.05277777835726738
1 0.3138020932674408 0.4555555582046509 0.015104166232049465 0.02222222276031971
0 0.38359373807907104 0.4481481611728668 0.02135416679084301 0.04259259253740311
1 0.3515625 0.3949074149131775 0.015625 0.013888888992369175
1 0.653124988079071 0.592129647731781 0.014583333395421505 0.023148147389292717
1 0.3747395873069763 0.6759259104728699 0.01406249962747097 0.02777777798473835
0 0.36119791865348816 0.4680555462837219 0.0338541679084301 0.037962961941957474
1 0.5986979007720947 0.7199074029922485 0.01406249962747097 0.026851851493120193
1 0.4039062559604645 0.4018518626689911 0.013020833022892475 0.020370369777083397
0 0.3492187559604645 0.37453705072402954 0.01718750037252903 0.05648148059844971
3 0.3578124940395355 0.39351850748062134 0.03333333507180214 0.09444444626569748
0 0.3127604126930237 0.47453704476356506 0.02031249925494194 0.06574074178934097
0 0.6455729007720947 0.6064814925193787 0.03489583358168602 0.06296296417713165
0 0.6067708134651184 0.710185170173645 0.03333333507180214 0.05740740895271301
0 0.38749998807907104 0.6796296238899231 0.0416666679084301 0.0555555559694767