1 0.660937488079071 0.6736111044883728 0.01666666753590107 0.02500000037252903
1 0.6067708134651184 0.7805555462837219 0.01666666753590107 0.025925925001502037
1 0.31953126192092896 0.7162036895751953 0.01927083358168602 0.03055555559694767
0 0.5992187261581421 0.7967592477798462 0.03072916716337204 0.06203703582286835
1 0.3804687559604645 0.3087962865829468 0.01822916604578495 0.034259259700775146
1 0.29609376192092896 0.4287036955356598 0.01927083358168602 0.02777777798473835
1 0.34166666865348816 0.4185185134410858 0.015625 0.035185184329748154
1 0.48124998807907104 0.3212963044643402 0.01770833320915699 0.031481482088565826
1 0.5278645753860474 0.5736111402511597 0.01718750037252903 0.032407406717538834
1 0.6440104246139526 0.5939815044403076 0.01614583283662796 0.028703704476356506
1 0.5791666507720947 0.4342592656612396 0.01770833320915699 0.031481482088565826
1 0.4781250059604645 0.16990740597248077 0.01666666753590107 0.03055555559694767
0 0.2994791567325592 0.4555555582046509 0.02916666679084301 0.08703703433275223
1 0.3958333432674408 0.4749999940395355 0.015625 0.035185184329748154
1 0.6723958253860474 0.4268518388271332 0.01979166641831398 0.02777777798473835
0 0.6588541865348816 0.6847222447395325 0.02708333358168602 0.05648148059844971
0 0.6333333253860474 0.6138888597488403 0.04270833358168602 0.07777778059244156
0 0.32604166865348816 0.7347221970558167 0.03541666641831398 0.07500000298023224
0 0.36640626192092896 0.3125 0.04635416716337204 0.05833333358168602
0 0.49140626192092896 0.3046296238899231 0.0390625 0.07407407462596893
0 0.66796875 0.40138888359069824 0.03593749925494194 0.08425925672054291
0 0.5130208134651184 0.5740740895271301 0.05000000074505806 0.05370370298624039
0 0.3304687440395355 0.4106481373310089 0.04322916641831398 0.06018518656492233
0 0.3830729126930237 0.4712963104248047 0.0494791679084301 0.06481481343507767
0 0.4658854305744171 0.16527777910232544 0.04114583507180214 0.05648148059844971
0 0.5932291746139526 0.4453703761100769 0.05000000074505806 0.07222222536802292