1 0.4361979067325592 0.16203702986240387 0.01822916604578495 0.03888889029622078
3 0.5059896111488342 0.6962962746620178 0.06406249850988388 0.046296294778585434
3 0.5838541388511658 0.7583333253860474 0.03020833246409893 0.08518518507480621
1 0.6429687738418579 0.6981481313705444 0.015104166232049465 0.02222222276031971
1 0.49921876192092896 0.8111110925674438 0.015104166232049465 0.029629629105329514
1 0.6575520634651184 0.6356481313705444 0.01614583283662796 0.023148147389292717
0 0.5703125 0.7902777791023254 0.02812499925494194 0.03981481492519379
1 0.6622396111488342 0.4314814805984497 0.01822916604578495 0.024074073880910873
0 0.5249999761581421 0.6907407641410828 0.03854166716337204 0.03888889029622078
1 0.6763020753860474 0.5083333253860474 0.01927083358168602 0.029629629105329514
1 0.5864583253860474 0.7740740776062012 0.01770833320915699 0.02777777798473835
1 0.6341145634651184 0.6032407283782959 0.015104166232049465 0.023148147389292717
0 0.4856770932674408 0.6972222328186035 0.03802083432674408 0.04444444552063942
1 0.47578126192092896 0.6953703761100769 0.01614583283662796 0.02777777798473835
3 0.528124988079071 0.7268518805503845 0.03437500074505806 0.09074074029922485
0 0.5315104126930237 0.7444444298744202 0.02656250074505806 0.06666667014360428
0 0.48619791865348816 0.8083333373069763 0.0390625 0.040740739554166794
0 0.6559895873069763 0.40601852536201477 0.0338541679084301 0.07129629701375961
0 0.5841146111488342 0.7476851940155029 0.0234375 0.06574074178934097
0 0.6380208134651184 0.7175925970077515 0.02708333358168602 0.06296296417713165
0 0.6721354126930237 0.48564815521240234 0.03177083283662796 0.08055555820465088
0 0.6588541865348816 0.6527777910232544 0.02916666679084301 0.06296296417713165
0 0.44140625 0.16249999403953552 0.03177083283662796 0.05462963134050369
0 0.6385416388511658 0.5800926089286804 0.03333333507180214 0.07500000298023224