0 0.621874988079071 0.3861111104488373 0.078125 0.07592592388391495
1 0.6354166865348816 0.25138887763023376 0.02291666716337204 0.03611111268401146
0 0.6434895992279053 0.2629629671573639 0.03802083432674408 0.07037036865949631
1 0.4674479067325592 0.8666666746139526 0.013020833022892475 0.025925925001502037
1 0.54296875 0.8324074149131775 0.015104166232049465 0.029629629105329514
1 0.4388020932674408 0.8541666865348816 0.01406249962747097 0.023148147389292717
1 0.5010416507720947 0.8814814686775208 0.015625 0.02777777798473835
0 0.660937488079071 0.2976851761341095 0.03333333507180214 0.06018518656492233
1 0.518750011920929 0.8731481432914734 0.014583333395421505 0.024074073880910873
0 0.1380208283662796 0.22453702986240387 0.02500000037252903 0.037962961941957474
0 0.6247395873069763 0.2092592567205429 0.02760416641831398 0.06111111119389534
1 0.5934895873069763 0.40231481194496155 0.01822916604578495 0.034259259700775146
1 0.6299479007720947 0.3870370388031006 0.015104166232049465 0.02777777798473835
1 0.3109374940395355 0.30000001192092896 0.01666666753590107 0.029629629105329514
1 0.3565104305744171 0.2560185194015503 0.01614583283662796 0.03055555559694767
0 0.5299479365348816 0.8449074029922485 0.04322916641831398 0.05833333358168602
1 0.6497395634651184 0.7180555462837219 0.01822916604578495 0.03055555559694767
0 0.45781248807907104 0.8305555582046509 0.03437500074505806 0.046296294778585434
0 0.617968738079071 0.7569444179534912 0.02552083320915699 0.05462963134050369
0 0.4231770932674408 0.8208333253860474 0.03489583358168602 0.032407406717538834
3 0.6221354007720947 0.3837963044643402 0.0807291641831398 0.07870370149612427
3 0.65234375 0.27824074029922485 0.0546875 0.10277777910232544
0 0.6044270992279053 0.39953702688217163 0.0390625 0.05092592537403107
3 0.641406238079071 0.2439814805984497 0.05781250074505806 0.125
0 0.3203125 0.28611111640930176 0.03750000149011612 0.06111111119389534
0 0.37161457538604736 0.24537037312984467 0.0442708320915699 0.06111111119389534
0 0.641406238079071 0.3712962865829468 0.03489583358168602 0.051851850003004074
3 0.6302083134651184 0.7444444298744202 0.0572916679084301 0.08888889104127884