0 0.5932291746139526 0.8189814686775208 0.02395833283662796 0.03055555559694767
1 0.37812501192092896 0.7805555462837219 0.01770833320915699 0.029629629105329514
3 0.3036458194255829 0.34351852536201477 0.04270833358168602 0.10370370000600815
1 0.3096354305744171 0.34861111640930176 0.01718750037252903 0.023148147389292717
0 0.29635417461395264 0.37361112236976624 0.03125 0.04537037014961243
1 0.6382812261581421 0.4402777850627899 0.01406249962747097 0.026851851493120193
1 0.46484375 0.612500011920929 0.013020833022892475 0.028703704476356506
1 0.6286458373069763 0.6199073791503906 0.01770833320915699 0.026851851493120193
0 0.3111979067325592 0.3282407522201538 0.02656250074505806 0.0694444477558136
1 0.453125 0.5245370268821716 0.015625 0.02500000037252903
0 0.3031249940395355 0.3462963104248047 0.03958333283662796 0.10000000149011612
1 0.5752604007720947 0.3532407283782959 0.01614583283662796 0.028703704476356506
1 0.484375 0.5925925970077515 0.014583333395421505 0.024074073880910873
1 0.5075520873069763 0.5379629731178284 0.01406249962747097 0.02777777798473835
1 0.3414062559604645 0.5111111402511597 0.015104166232049465 0.025925925001502037
1 0.29479166865348816 0.38055557012557983 0.01875000074505806 0.029629629105329514
0 0.45104166865348816 0.6083333492279053 0.0416666679084301 0.04444444552063942
0 0.49687498807907104 0.5435185432434082 0.03958333283662796 0.05000000074505806
0 0.5843750238418579 0.36666667461395264 0.04062499850988388 0.07037036865949631
0 0.34192708134651184 0.6777777671813965 0.03177083283662796 0.07037036865949631
0 0.6244791746139526 0.6412037014961243 0.03333333507180214 0.0824074074625969
0 0.3479166626930237 0.4912036955356598 0.04270833358168602 0.08055555820465088
0 0.645312488079071 0.4495370388031006 0.03750000149011612 0.0694444477558136
0 0.48385417461395264 0.3296296298503876 0.02916666679084301 0.07962962985038757
0 0.48750001192092896 0.6152777671813965 0.02812499925494194 0.0694444477558136
0 0.4596354067325592 0.5064814686775208 0.0390625 0.07222222536802292
0 0.3739583194255829 0.7949073910713196 0.03125 0.06759259104728699