0 0.43359375 0.7879629731178284 0.02656250074505806 0.04444444552063942
1 0.5669270753860474 0.35740742087364197 0.01822916604578495 0.029629629105329514
1 0.44999998807907104 0.8425925970077515 0.015625 0.025925925001502037
0 0.3036458194255829 0.5259259343147278 0.02604166604578495 0.06481481343507767
1 0.3046875 0.5027777552604675 0.01666666753590107 0.024074073880910873
1 0.7026041746139526 0.4990740716457367 0.01770833320915699 0.024074073880910873
0 0.4361979067325592 0.8217592835426331 0.03072916716337204 0.05648148059844971
1 0.31041666865348816 0.5712962746620178 0.01979166641831398 0.025925925001502037
1 0.6419270634651184 0.3939814865589142 0.01822916604578495 0.026851851493120193
1 0.33281248807907104 0.3324074149131775 0.01666666753590107 0.024074073880910873
1 0.6135416626930237 0.2203703671693802 0.01875000074505806 0.02777777798473835
1 0.43307292461395264 0.706944465637207 0.01614583283662796 0.026851851493120193
1 0.4398437440395355 0.48472222685813904 0.01718750037252903 0.03055555559694767
1 0.36145833134651184 0.5148147940635681 0.01666666753590107 0.02777777798473835
0 0.30937498807907104 0.5939815044403076 0.02916666679084301 0.07870370149612427
0 0.42916667461395264 0.7212963104248047 0.03020833246409893 0.08518518507480621
0 0.3335937559604645 0.307407408952713 0.02760416641831398 0.07592592388391495
0 0.703906238079071 0.522685170173645 0.02968749962747097 0.08425925672054291
0 0.4427083432674408 0.5074074268341064 0.03541666641831398 0.08703703433275223
0 0.37109375 0.529629647731781 0.04218750074505806 0.07222222536802292
0 0.6026041507720947 0.20555555820465088 0.04270833358168602 0.06111111119389534
0 0.5718749761581421 0.37962964177131653 0.03750000149011612 0.09814814478158951
0 0.6427083611488342 0.41712963581085205 0.03750000149011612 0.0972222238779068