1 0.6291666626930237 0.40740740299224854 0.014583333395421505 0.02777777798473835
1 0.29088541865348816 0.4208333194255829 0.01718750037252903 0.02500000037252903
0 0.5393229126930237 0.7787036895751953 0.02864583395421505 0.06111111119389534
1 0.3408854305744171 0.4662036895751953 0.015104166232049465 0.03055555559694767
1 0.5877603888511658 0.2152777761220932 0.01718750037252903 0.034259259700775146
3 0.5234375 0.7875000238418579 0.05937499925494194 0.0824074074625969
1 0.3929687440395355 0.8101851940155029 0.015104166232049465 0.02777777798473835
1 0.44583332538604736 0.5384259223937988 0.01666666753590107 0.034259259700775146
1 0.610156238079071 0.7736111283302307 0.01614583283662796 0.028703704476356506
0 0.4828124940395355 0.8180555701255798 0.03125 0.04537037014961243
0 0.2945312559604645 0.39537036418914795 0.0338541679084301 0.08148147910833359
0 0.6348958611488342 0.42129629850387573 0.03437500074505806 0.07962962985038757
0 0.6552083492279053 0.34259259700775146 0.03750000149011612 0.06481481343507767
0 0.5994791388511658 0.7856481671333313 0.03854166716337204 0.05277777835726738
0 0.45885416865348816 0.5453703999519348 0.05000000074505806 0.07037036865949631
0 0.35338541865348816 0.47592592239379883 0.04843749850988388 0.07407407462596893
0 0.4036458432674408 0.8217592835426331 0.0416666679084301 0.05833333358168602
0 0.5736979246139526 0.21296297013759613 0.04635416716337204 0.06296296417713165