0 0.42265623807907104 0.8500000238418579 0.02656250074505806 0.03333333507180214
1 0.4596354067325592 0.8634259104728699 0.01406249962747097 0.03055555559694767
1 0.421875 0.8490740656852722 0.02083333395421505 0.029629629105329514
1 0.46015626192092896 0.7384259104728699 0.01406249962747097 0.026851851493120193
0 0.4385416805744171 0.7157407402992249 0.03437500074505806 0.03703703731298447
1 0.6744791865348816 0.5939815044403076 0.01979166641831398 0.03055555559694767
0 0.43046873807907104 0.854629635810852 0.04322916641831398 0.046296294778585434
0 0.47213542461395264 0.7347221970558167 0.04010416567325592 0.07314814627170563
1 0.4294270873069763 0.7166666388511658 0.013020833022892475 0.025925925001502037
1 0.4716145694255829 0.5402777791023254 0.01927083358168602 0.028703704476356506
1 0.2796874940395355 0.43287035822868347 0.01666666753590107 0.023148147389292717
3 0.45703125 0.7333333492279053 0.06614582985639572 0.07407407462596893
1 0.3557291626930237 0.5930555462837219 0.01770833320915699 0.02500000037252903
1 0.3216145932674408 0.7120370268821716 0.01614583283662796 0.02777777798473835
1 0.4515624940395355 0.1736111044883728 0.01770833320915699 0.032407406717538834
1 0.5981770753860474 0.4851851761341095 0.015104166232049465 0.031481482088565826
0 0.4716145694255829 0.8694444298744202 0.03697916492819786 0.04259259253740311
1 0.5307291746139526 0.16944444179534912 0.015625 0.029629629105329514
0 0.6760416626930237 0.5601851940155029 0.03541666641831398 0.1111111119389534
0 0.2786458432674408 0.4541666805744171 0.02812499925494194 0.0824074074625969
0 0.47343748807907104 0.5638889074325562 0.03125 0.09259258955717087
0 0.35546875 0.614814817905426 0.03281249850988388 0.08703703433275223
0 0.3317708373069763 0.727314829826355 0.03958333283662796 0.06759259104728699
0 0.5864583253860474 0.47962963581085205 0.04791666567325592 0.06851851940155029
0 0.4388020932674408 0.18379630148410797 0.04218750074505806 0.06759259104728699
0 0.5184895992279053 0.16388888657093048 0.04531250149011612 0.06481481343507767