1 0.5916666388511658 0.667129635810852 0.01354166679084301 0.03055555559694767
1 0.33020833134651184 0.3759259283542633 0.014583333395421505 0.024074073880910873
1 0.5132812261581421 0.5004629492759705 0.01614583283662796 0.026851851493120193
0 0.5033854246139526 0.8402777910232544 0.03489583358168602 0.03055555559694767
3 0.6539062261581421 0.2606481611728668 0.05572916567325592 0.11388888955116272
1 0.30651041865348816 0.5476852059364319 0.01614583283662796 0.02500000037252903
3 0.5895833373069763 0.7949073910713196 0.07395832985639572 0.06759259104728699
1 0.5609375238418579 0.34351852536201477 0.01770833320915699 0.02777777798473835
0 0.602343738079071 0.7884259223937988 0.04322916641831398 0.04722222313284874
1 0.46875 0.17037037014961243 0.01666666753590107 0.029629629105329514
0 0.5658854246139526 0.8162037134170532 0.03177083283662796 0.03981481492519379
0 0.6653645634651184 0.29027777910232544 0.03281249850988388 0.06574074178934097
0 0.45651042461395264 0.182407408952713 0.04114583507180214 0.06296296417713165
0 0.6388021111488342 0.2282407432794571 0.03072916716337204 0.05462963134050369
0 0.35989582538604736 0.24120371043682098 0.02812499925494194 0.06018518656492233
0 0.522656261920929 0.5199074149131775 0.04635416716337204 0.08055555820465088
0 0.3385416567325592 0.35370370745658875 0.03854166716337204 0.0833333358168602
0 0.30546873807907104 0.5282407402992249 0.03177083283662796 0.08425925672054291
0 0.6070312261581421 0.6643518805503845 0.05260416492819786 0.06203703582286835
0 0.56640625 0.36759260296821594 0.03281249850988388 0.09259258955717087