3 0.5335937738418579 0.43703705072402954 0.05156249925494194 0.04259259253740311
1 0.5257812738418579 0.34675925970077515 0.01614583283662796 0.028703704476356506
1 0.5463541746139526 0.43888887763023376 0.01354166679084301 0.031481482088565826
0 0.3111979067325592 0.5185185074806213 0.02968749962747097 0.04814814776182175
0 0.4502604305744171 0.8425925970077515 0.0703125 0.06666667014360428
1 0.5718749761581421 0.447685182094574 0.015625 0.021296296268701553
3 0.5052083134651184 0.35972222685813904 0.04895833507180214 0.06759259104728699
3 0.49140626192092896 0.41018518805503845 0.02864583395421505 0.10555555671453476
1 0.5283854007720947 0.8606481552124023 0.01614583283662796 0.028703704476356506
0 0.49140626192092896 0.3819444477558136 0.02656250074505806 0.05277777835726738
3 0.4515624940395355 0.8425925970077515 0.07083333283662796 0.06666667014360428
1 0.5638020634651184 0.37037035822868347 0.015104166232049465 0.025925925001502037
0 0.3166666626930237 0.5796296000480652 0.02916666679084301 0.06851851940155029
3 0.5674479007720947 0.4643518626689911 0.05364583432674408 0.09166666865348816
0 0.4351562559604645 0.8356481194496155 0.03593749925494194 0.04537037014961243
1 0.7033854126930237 0.3291666805744171 0.01718750037252903 0.023148147389292717
0 0.5565103888511658 0.43611112236976624 0.0338541679084301 0.04444444552063942
0 0.49609375 0.4314814805984497 0.0234375 0.06481481343507767
0 0.4697916805744171 0.8560185432434082 0.0364583320915699 0.043518517166376114
3 0.3148437440395355 0.5597222447395325 0.02968749962747097 0.11574073880910873
0 0.5802083611488342 0.4749999940395355 0.03229166567325592 0.07037036865949631
0 0.5546875 0.35740742087364197 0.0364583320915699 0.05370370298624039
0 0.702343761920929 0.3064814805984497 0.03177083283662796 0.07222222536802292
0 0.6458333134651184 0.2023148089647293 0.03333333507180214 0.06203703582286835