3 0.3893229067325592 0.29629629850387573 0.03489583358168602 0.0833333358168602
1 0.4867187440395355 0.2481481432914734 0.01822916604578495 0.031481482088565826
1 0.39531248807907104 0.26944443583488464 0.01666666753590107 0.025925925001502037
1 0.5395833253860474 0.18194444477558136 0.01770833320915699 0.028703704476356506
1 0.39791667461395264 0.3282407522201538 0.01875000074505806 0.02500000037252903
1 0.5736979246139526 0.20185184478759766 0.01614583283662796 0.029629629105329514
0 0.4338541626930237 0.8435184955596924 0.02604166604578495 0.04814814776182175
1 0.6705729365348816 0.39027777314186096 0.01927083358168602 0.028703704476356506
0 0.3791666626930237 0.21157407760620117 0.03541666641831398 0.05648148059844971
0 0.3869791626930237 0.29027777910232544 0.02916666679084301 0.06388889253139496
1 0.3359375 0.3087962865829468 0.01875000074505806 0.03055555559694767
1 0.36666667461395264 0.22592592239379883 0.014583333395421505 0.024074073880910873
0 0.39661458134651184 0.3583333194255829 0.02864583395421505 0.08148147910833359
1 0.4286458194255829 0.6625000238418579 0.01875000074505806 0.032407406717538834
1 0.4283854067325592 0.7773148417472839 0.01822916604578495 0.028703704476356506
1 0.5002604126930237 0.2907407283782959 0.02031249925494194 0.029629629105329514
1 0.4893229305744171 0.6907407641410828 0.01718750037252903 0.03333333507180214
3 0.3932291567325592 0.3342592716217041 0.03437500074505806 0.13333334028720856
1 0.5950520634651184 0.5736111402511597 0.01718750037252903 0.032407406717538834
0 0.6773437261581421 0.40601852536201477 0.03072916716337204 0.08055555820465088
0 0.504687488079071 0.6902777552604675 0.04895833507180214 0.05462963134050369
0 0.42239582538604736 0.7550926208496094 0.03437500074505806 0.07870370149612427
0 0.4182291626930237 0.6462963223457336 0.04374999925494194 0.07222222536802292
0 0.4947916567325592 0.27037036418914795 0.03437500074505806 0.07592592388391495
0 0.5854166746139526 0.20879629254341125 0.03958333283662796 0.05462963134050369
0 0.5302083492279053 0.1736111044883728 0.03750000149011612 0.05277777835726738
0 0.6075521111488342 0.5861111283302307 0.04531250149011612 0.07407407462596893
0 0.3304687440395355 0.33287036418914795 0.03177083283662796 0.07870370149612427