1 0.3294270932674408 0.26249998807907104 0.015104166232049465 0.02500000037252903
0 0.28307291865348816 0.4305555522441864 0.02552083320915699 0.06666667014360428
0 0.31041666865348816 0.3722222149372101 0.02395833283662796 0.07592592388391495
1 0.4921875 0.1648148149251938 0.01354166679084301 0.029629629105329514
1 0.3838541805744171 0.8296296000480652 0.01354166679084301 0.024074073880910873
1 0.5848958492279053 0.20416666567325592 0.01354166679084301 0.023148147389292717
0 0.6223958134651184 0.2611111104488373 0.03229166567325592 0.05000000074505806
0 0.2874999940395355 0.3680555522441864 0.02291666716337204 0.06574074178934097
1 0.4585937559604645 0.862500011920929 0.01822916604578495 0.03055555559694767
0 0.3919270932674408 0.8347222208976746 0.03072916716337204 0.03981481492519379
1 0.5255208611488342 0.3782407343387604 0.01770833320915699 0.026851851493120193
1 0.37708333134651184 0.2013888955116272 0.014583333395421505 0.026851851493120193
3 0.28307291865348816 0.4583333432674408 0.03072916716337204 0.11666666716337204
0 0.2835937440395355 0.4861111044883728 0.02656250074505806 0.05925925821065903
0 0.5947916507720947 0.21388888359069824 0.03125 0.051851850003004074
0 0.42630207538604736 0.8611111044883728 0.03489583358168602 0.051851850003004074
3 0.608593761920929 0.23935185372829437 0.05781250074505806 0.10092592239379883
0 0.46302083134651184 0.8680555820465088 0.02916666679084301 0.049074072390794754
0 0.5263020992279053 0.35462963581085205 0.02760416641831398 0.08703703433275223
0 0.33203125 0.2537037134170532 0.02760416641831398 0.05000000074505806
0 0.3877604305744171 0.1935185194015503 0.03697916492819786 0.05370370298624039
0 0.5054687261581421 0.1606481522321701 0.04218750074505806 0.05833333358168602