0 0.3622395694255829 0.28518518805503845 0.03072916716337204 0.07037036865949631
3 0.36145833134651184 0.29490742087364197 0.0364583320915699 0.0972222238779068
3 0.36666667461395264 0.3490740656852722 0.0364583320915699 0.11296296119689941
1 0.6239583492279053 0.29212963581085205 0.01979166641831398 0.026851851493120193
1 0.3513020873069763 0.260185182094574 0.01718750037252903 0.025925925001502037
1 0.3752604126930237 0.34259259700775146 0.015104166232049465 0.02222222276031971
1 0.5466145873069763 0.5217592716217041 0.01822916604578495 0.02500000037252903
1 0.6502603888511658 0.5907407402992249 0.01718750037252903 0.025925925001502037
1 0.6747395992279053 0.5824074149131775 0.01822916604578495 0.024074073880910873
1 0.4299479126930237 0.8050925731658936 0.015104166232049465 0.028703704476356506
1 0.6781250238418579 0.46990740299224854 0.015625 0.026851851493120193
0 0.6721354126930237 0.5555555820465088 0.02656250074505806 0.07592592388391495
1 0.3059895932674408 0.5037037134170532 0.01927083358168602 0.025925925001502037
1 0.6276041865348816 0.3958333432674408 0.01770833320915699 0.02500000037252903
1 0.5434895753860474 0.635185182094574 0.01927083358168602 0.02777777798473835
1 0.6638020873069763 0.38148146867752075 0.01927083358168602 0.02222222276031971
0 0.37031251192092896 0.3689814805984497 0.03125 0.07870370149612427
0 0.667187511920929 0.4828703701496124 0.03854166716337204 0.06203703582286835
0 0.5489583611488342 0.4958333373069763 0.02812499925494194 0.07685185223817825
0 0.6450520753860474 0.6143518686294556 0.02864583395421505 0.07500000298023224
0 0.41848957538604736 0.7851851582527161 0.03697916492819786 0.07037036865949631
0 0.6229166388511658 0.26435184478759766 0.03333333507180214 0.07314814627170563
0 0.5458333492279053 0.6106481552124023 0.02708333358168602 0.0824074074625969
0 0.6205729246139526 0.3680555522441864 0.02968749962747097 0.07685185223817825
0 0.30937498807907104 0.4740740656852722 0.03020833246409893 0.09074074029922485
0 0.6625000238418579 0.35185185074806213 0.03020833246409893 0.07777778059244156