1 0.5171874761581421 0.8611111044883728 0.015625 0.024074073880910873
1 0.5481770634651184 0.7611111402511597 0.01718750037252903 0.029629629105329514
3 0.3583333194255829 0.7953703999519348 0.05416666716337204 0.07777778059244156
0 0.3843750059604645 0.8148148059844971 0.03125 0.04814814776182175
1 0.3830729126930237 0.5578703880310059 0.01927083358168602 0.028703704476356506
1 0.37031251192092896 0.3203703761100769 0.01770833320915699 0.029629629105329514
0 0.508593738079071 0.8694444298744202 0.02864583395421505 0.03703703731298447
1 0.42578125 0.3115740716457367 0.01614583283662796 0.028703704476356506
1 0.4880208373069763 0.6939814686775208 0.01354166679084301 0.028703704476356506
0 0.3591145873069763 0.8111110925674438 0.02760416641831398 0.04259259253740311
1 0.44843751192092896 0.2212962955236435 0.01875000074505806 0.025925925001502037
0 0.3411458432674408 0.7569444179534912 0.03437500074505806 0.049074072390794754
0 0.4169270694255829 0.8504629731178284 0.03177083283662796 0.05648148059844971
0 0.5513020753860474 0.7754629850387573 0.02760416641831398 0.06759259104728699
0 0.38229167461395264 0.31111112236976624 0.04270833358168602 0.05370370298624039
0 0.3802083432674408 0.5824074149131775 0.03020833246409893 0.08148147910833359
0 0.4348958432674408 0.2944444417953491 0.0364583320915699 0.06666667014360428
0 0.4481770694255829 0.19907407462596893 0.02552083320915699 0.07592592388391495
0 0.4138020873069763 0.3787037134170532 0.0338541679084301 0.05740740895271301
0 0.4752604067325592 0.6851851940155029 0.04635416716337204 0.06296296417713165