1 0.5088541507720947 0.8745370507240295 0.01354166679084301 0.028703704476356506
1 0.5575520992279053 0.5347222089767456 0.015104166232049465 0.028703704476356506
1 0.5880208611488342 0.17129629850387573 0.015625 0.02777777798473835
1 0.565625011920929 0.6629629731178284 0.01666666753590107 0.031481482088565826
1 0.6283854246139526 0.20601852238178253 0.01718750037252903 0.028703704476356506
1 0.4658854305744171 0.8745370507240295 0.015104166232049465 0.026851851493120193
1 0.5864583253860474 0.3847222328186035 0.01770833320915699 0.032407406717538834
3 0.5367187261581421 0.8444444537162781 0.06718750298023224 0.0833333358168602
0 0.51953125 0.8620370626449585 0.03072916716337204 0.06296296417713165
1 0.4989583194255829 0.14814814925193787 0.01770833320915699 0.03333333507180214
1 0.592968761920929 0.6611111164093018 0.01927083358168602 0.025925925001502037
1 0.5453125238418579 0.1509259194135666 0.015625 0.031481482088565826
1 0.4632812440395355 0.17037037014961243 0.01822916604578495 0.02777777798473835
0 0.5528646111488342 0.8287037014961243 0.0338541679084301 0.04814814776182175
0 0.6018229126930237 0.17870371043682098 0.03593749925494194 0.03703703731298447
0 0.5575520992279053 0.1537037044763565 0.03593749925494194 0.03888889029622078
0 0.5536458492279053 0.6800925731658936 0.04062499850988388 0.06759259104728699
0 0.47578126192092896 0.8763889074325562 0.0338541679084301 0.0416666679084301
0 0.5963541865348816 0.6379629373550415 0.03020833246409893 0.09074074029922485
0 0.4703125059604645 0.1578703671693802 0.03541666641831398 0.05277777835726738
0 0.6401041746139526 0.21944443881511688 0.03437500074505806 0.05000000074505806
0 0.5122395753860474 0.15509259700775146 0.04114583507180214 0.06388889253139496
0 0.5736979246139526 0.39259257912635803 0.04635416716337204 0.07407407462596893
0 0.5703125 0.5249999761581421 0.046875 0.07777778059244156