0 0.4885416626930237 0.7861111164093018 0.02187499962747097 0.024074073880910873
3 0.4283854067325592 0.28333333134651184 0.04114583507180214 0.06481481343507767
0 0.6036458611488342 0.4194444417953491 0.03125 0.05925925821065903
4 0.6041666865348816 0.4194444417953491 0.03125 0.05925925821065903
1 0.31640625 0.5310184955596924 0.01718750037252903 0.026851851493120193
1 0.32630208134651184 0.3856481611728668 0.015104166232049465 0.01944444514811039
0 0.39114582538604736 0.23842592537403107 0.01875000074505806 0.028703704476356506
1 0.5864583253860474 0.37361112236976624 0.014583333395421505 0.02500000037252903
3 0.41328126192092896 0.7143518328666687 0.04739583283662796 0.0972222238779068
1 0.41979166865348816 0.727314829826355 0.014583333395421505 0.021296296268701553
1 0.39635416865348816 0.6467592716217041 0.014583333395421505 0.01944444514811039
1 0.4651041626930237 0.7861111164093018 0.015625 0.025925925001502037
0 0.5815104246139526 0.3837963044643402 0.02552083320915699 0.05648148059844971
0 0.45625001192092896 0.779629647731781 0.02812499925494194 0.035185184329748154
0 0.4007812440395355 0.7388888597488403 0.02656250074505806 0.035185184329748154
3 0.4033854305744171 0.25555557012557983 0.04010416567325592 0.05925925821065903
1 0.637499988079071 0.644444465637207 0.015625 0.024074073880910873
3 0.5947916507720947 0.4069444537162781 0.05104166641831398 0.0972222238779068
0 0.3986979126930237 0.6694444417953491 0.02239583246409893 0.06851851940155029
0 0.4216145873069763 0.7023147940635681 0.02031249925494194 0.06203703582286835
0 0.3283854126930237 0.3652777671813965 0.02447916753590107 0.06018518656492233
0 0.6408854126930237 0.6217592358589172 0.02552083320915699 0.06759259104728699
0 0.3161458373069763 0.5208333134651184 0.02604166604578495 0.06388889253139496