1 0.62890625 0.3837963044643402 0.05572916567325592 0.0416666679084301
1 0.6486979126930237 0.2953703701496124 0.01614583283662796 0.029629629105329514
0 0.65234375 0.28240740299224854 0.04843749850988388 0.08148147910833359
1 0.6177083253860474 0.2004629671573639 0.015625 0.03055555559694767
1 0.5432291626930237 0.8314814567565918 0.015625 0.029629629105329514
1 0.4674479067325592 0.8662037253379822 0.013020833022892475 0.026851851493120193
0 0.6429687738418579 0.26249998807907104 0.03489583358168602 0.07870370149612427
1 0.5010416507720947 0.8814814686775208 0.015625 0.02777777798473835
1 0.4388020932674408 0.8541666865348816 0.01406249962747097 0.02500000037252903
3 0.6510416865348816 0.2736110985279083 0.05104166641831398 0.0972222238779068
0 0.1380208283662796 0.2240740805864334 0.02500000037252903 0.03888889029622078
0 0.6213541626930237 0.20694445073604584 0.02500000037252903 0.05648148059844971
1 0.5190104246139526 0.8726851940155029 0.015104166232049465 0.02500000037252903
3 0.62109375 0.38935184478759766 0.08697916567325592 0.07685185223817825
0 0.5296875238418579 0.8435184955596924 0.04479166492819786 0.05925925821065903
1 0.3190104067325592 0.29305556416511536 0.01614583283662796 0.023148147389292717
1 0.6283854246139526 0.38842591643333435 0.015104166232049465 0.026851851493120193
1 0.3578124940395355 0.25462964177131653 0.01666666753590107 0.029629629105329514
0 0.42109376192092896 0.8208333253860474 0.03593749925494194 0.034259259700775146
0 0.6617187261581421 0.29212963581085205 0.02760416641831398 0.05833333358168602
1 0.6489583253860474 0.7180555462837219 0.01875000074505806 0.032407406717538834
0 0.45703125 0.8310185074806213 0.03593749925494194 0.043518517166376114
0 0.6013020873069763 0.4000000059604645 0.04114583507180214 0.0555555559694767
1 0.5893229246139526 0.3967592716217041 0.01718750037252903 0.032407406717538834
0 0.3216145932674408 0.27731481194496155 0.03177083283662796 0.06388889253139496
3 0.6382812261581421 0.23657406866550446 0.05885416641831398 0.11388888955116272
0 0.6184895634651184 0.7574074268341064 0.0234375 0.05925925821065903
0 0.3723958432674408 0.24351851642131805 0.04270833358168602 0.06296296417713165
3 0.6312500238418579 0.7435185313224792 0.05416666716337204 0.09259258955717087
0 0.6408854126930237 0.375 0.03593749925494194 0.051851850003004074