1 0.3736979067325592 0.23101851344108582 0.01406249962747097 0.01944444514811039
1 0.5583333373069763 0.19120369851589203 0.01354166679084301 0.028703704476356506
1 0.3916666805744171 0.8310185074806213 0.01666666753590107 0.028703704476356506
1 0.3955729305744171 0.2689814865589142 0.01614583283662796 0.026851851493120193
0 0.3804687559604645 0.29305556416511536 0.04010416567325592 0.0694444477558136
1 0.6499999761581421 0.3231481611728668 0.01770833320915699 0.025925925001502037
1 0.54296875 0.18101851642131805 0.01614583283662796 0.026851851493120193
1 0.4325520694255829 0.28009259700775146 0.01718750037252903 0.028703704476356506
0 0.3971354067325592 0.8356481194496155 0.03072916716337204 0.05092592537403107
1 0.4286458194255829 0.6615740656852722 0.01770833320915699 0.032407406717538834
1 0.45520833134651184 0.6472222208976746 0.01770833320915699 0.03333333507180214
0 0.3802083432674408 0.2152777761220932 0.02708333358168602 0.06203703582286835
1 0.5096353888511658 0.3092592656612396 0.01927083358168602 0.031481482088565826
0 0.4221354126930237 0.3018518388271332 0.03593749925494194 0.06666667014360428
1 0.5953124761581421 0.572685182094574 0.01666666753590107 0.03055555559694767
0 0.4372395873069763 0.8324074149131775 0.03177083283662796 0.06296296417713165
0 0.5721353888511658 0.19953703880310059 0.0390625 0.05277777835726738
0 0.41718751192092896 0.6472222208976746 0.04270833358168602 0.06296296417713165
0 0.6072916388511658 0.5861111283302307 0.04479166492819786 0.07037036865949631
0 0.5020833611488342 0.29027777910232544 0.03541666641831398 0.07314814627170563
0 0.6578124761581421 0.34074074029922485 0.03125 0.07222222536802292
0 0.5291666388511658 0.16712963581085205 0.0364583320915699 0.05092592537403107
0 0.47057291865348816 0.6560184955596924 0.04843749850988388 0.05648148059844971