0 0.5210937261581421 0.8712962865829468 0.01718750037252903 0.024074073880910873
1 0.41718751192092896 0.8601852059364319 0.014583333395421505 0.02777777798473835
0 0.542187511920929 0.8407407402992249 0.01666666753590107 0.04444444552063942
1 0.6109374761581421 0.39444443583488464 0.01354166679084301 0.029629629105329514
0 0.29765623807907104 0.3453703820705414 0.02447916753590107 0.07037036865949631
3 0.30807292461395264 0.33472222089767456 0.04635416716337204 0.09907407313585281
0 0.6197916865348816 0.4000000059604645 0.03333333507180214 0.05000000074505806
1 0.39010417461395264 0.21666666865348816 0.01666666753590107 0.029629629105329514
1 0.6479166746139526 0.7152777910232544 0.01666666753590107 0.03055555559694767
3 0.6372395753860474 0.39444443583488464 0.06718750298023224 0.05740740895271301
0 0.5234375 0.8361111283302307 0.02187499962747097 0.05000000074505806
0 0.13776041567325592 0.22268518805503845 0.02656250074505806 0.0416666679084301
1 0.4401041567325592 0.8541666865348816 0.01354166679084301 0.026851851493120193
0 0.33020833134651184 0.2569444477558136 0.03020833246409893 0.06388889253139496
1 0.2966145873069763 0.36342594027519226 0.01718750037252903 0.026851851493120193
0 0.6552083492279053 0.3870370388031006 0.03541666641831398 0.046296294778585434
1 0.5666666626930237 0.34861111640930176 0.01770833320915699 0.032407406717538834
0 0.4309895932674408 0.8240740895271301 0.03281249850988388 0.06666667014360428
1 0.6041666865348816 0.2527777850627899 0.01770833320915699 0.029629629105329514
0 0.5763021111488342 0.3611111044883728 0.04010416567325592 0.06666667014360428
3 0.32473957538604736 0.2777777910232544 0.04739583283662796 0.09814814478158951
0 0.6166666746139526 0.7638888955116272 0.02500000037252903 0.051851850003004074
3 0.6302083134651184 0.7439814805984497 0.0520833320915699 0.09537036716938019
0 0.4664062559604645 0.8212962746620178 0.0234375 0.06296296417713165
0 0.5960937738418579 0.2351851910352707 0.0338541679084301 0.06481481343507767
0 0.38098958134651184 0.23148147761821747 0.03593749925494194 0.07222222536802292