1 0.678906261920929 0.6694444417953491 0.02031249925494194 0.031481482088565826
1 0.3382812440395355 0.32777777314186096 0.01927083358168602 0.029629629105329514
1 0.698437511920929 0.5212963223457336 0.015625 0.024074073880910873
1 0.6971353888511658 0.4555555582046509 0.01614583283662796 0.024074073880910873
1 0.39531248807907104 0.7990740537643433 0.014583333395421505 0.025925925001502037
1 0.5994791388511658 0.6259258985519409 0.014583333395421505 0.02777777798473835
1 0.5075520873069763 0.6162037253379822 0.01718750037252903 0.028703704476356506
1 0.35624998807907104 0.7050926089286804 0.014583333395421505 0.028703704476356506
0 0.6734374761581421 0.6800925731658936 0.0364583320915699 0.07870370149612427
1 0.6471354365348816 0.654629647731781 0.01718750037252903 0.025925925001502037
0 0.7018229365348816 0.5416666865348816 0.03177083283662796 0.07037036865949631
1 0.6885416507720947 0.3930555582046509 0.014583333395421505 0.021296296268701553
1 0.5520833134651184 0.8300926089286804 0.014583333395421505 0.026851851493120193
0 0.6486979126930237 0.677314817905426 0.02239583246409893 0.07129629701375961
1 0.5848958492279053 0.5629629492759705 0.012500000186264515 0.025925925001502037
0 0.699999988079071 0.4731481373310089 0.0364583320915699 0.06666667014360428
0 0.503125011920929 0.6333333253860474 0.03437500074505806 0.08703703433275223
0 0.6932291388511658 0.3652777671813965 0.03229166567325592 0.09166666865348816
0 0.34062498807907104 0.34953704476356506 0.03020833246409893 0.09351851791143417
0 0.6106770634651184 0.6268518567085266 0.04322916641831398 0.0555555559694767
0 0.34687501192092896 0.7106481194496155 0.03854166716337204 0.06018518656492233
0 0.38854166865348816 0.7837963104248047 0.03437500074505806 0.08055555820465088
0 0.5947916507720947 0.5652777552604675 0.04270833358168602 0.06388889253139496
0 0.5395833253860474 0.8425925970077515 0.04374999925494194 0.06666667014360428