1 0.6783854365348816 0.6689814925193787 0.02031249925494194 0.034259259700775146
1 0.6361979246139526 0.7606481313705444 0.015104166232049465 0.026851851493120193
1 0.5838541388511658 0.5592592358589172 0.01354166679084301 0.029629629105329514
1 0.6968749761581421 0.4555555582046509 0.015625 0.024074073880910873
1 0.5075520873069763 0.6143518686294556 0.01718750037252903 0.028703704476356506
1 0.7002604007720947 0.5189814567565918 0.01614583283662796 0.023148147389292717
1 0.6885416507720947 0.38935184478759766 0.01666666753590107 0.023148147389292717
0 0.7007812261581421 0.5412036776542664 0.03177083283662796 0.06574074178934097
1 0.5989583134651184 0.6268518567085266 0.01354166679084301 0.02777777798473835
1 0.3518229126930237 0.730555534362793 0.01614583283662796 0.02777777798473835
1 0.6460937261581421 0.6574074029922485 0.01614583283662796 0.025925925001502037
0 0.6481770873069763 0.6763888597488403 0.02760416641831398 0.07685185223817825
1 0.5101562738418579 0.8541666865348816 0.015104166232049465 0.028703704476356506
1 0.5531250238418579 0.8291666507720947 0.01354166679084301 0.026851851493120193
0 0.5036458373069763 0.831944465637207 0.02916666679084301 0.06759259104728699
0 0.6791666746139526 0.6800925731658936 0.03229166567325592 0.07500000298023224
0 0.3669270873069763 0.7388888597488403 0.03593749925494194 0.04814814776182175
0 0.5023437738418579 0.6296296119689941 0.03593749925494194 0.08888889104127884
0 0.3453125059604645 0.7018518447875977 0.03437500074505806 0.03888889029622078
0 0.699999988079071 0.47361111640930176 0.03750000149011612 0.06388889253139496
0 0.6911458373069763 0.3620370328426361 0.03333333507180214 0.09259258955717087
0 0.639843761920929 0.7523148059844971 0.02968749962747097 0.06759259104728699
0 0.6098958253860474 0.6263889074325562 0.04374999925494194 0.06388889253139496
0 0.5403645634651184 0.842129647731781 0.04322916641831398 0.06574074178934097
0 0.5940104126930237 0.5648148059844971 0.04531250149011612 0.06666667014360428