3 0.6658853888511658 0.4009259343147278 0.03489583358168602 0.11666666716337204
0 0.42265623807907104 0.8587962985038757 0.03593749925494194 0.04537037014961243
1 0.675000011920929 0.41435185074806213 0.015625 0.021296296268701553
3 0.40937501192092896 0.8500000238418579 0.06354166567325592 0.06666667014360428
0 0.4075520932674408 0.8467592597007751 0.0651041641831398 0.06759259104728699
1 0.5249999761581421 0.3777777850627899 0.01666666753590107 0.025925925001502037
1 0.5682291388511658 0.19722221791744232 0.01354166679084301 0.02777777798473835
0 0.39244791865348816 0.8365740776062012 0.02864583395421505 0.0416666679084301
1 0.38593751192092896 0.8324074149131775 0.01666666753590107 0.02777777798473835
1 0.3856770694255829 0.19675925374031067 0.01614583283662796 0.026851851493120193
1 0.4710937440395355 0.8763889074325562 0.015104166232049465 0.03055555559694767
1 0.32864582538604736 0.7472222447395325 0.01770833320915699 0.024074073880910873
1 0.34296876192092896 0.24953703582286835 0.01614583283662796 0.02500000037252903
0 0.3515625 0.23564815521240234 0.03541666641831398 0.05833333358168602
1 0.4765625 0.15925925970077515 0.01875000074505806 0.02777777798473835
0 0.48124998807907104 0.8731481432914734 0.03437500074505806 0.051851850003004074
0 0.6640625 0.36944442987442017 0.03125 0.07222222536802292
0 0.678906261920929 0.43518519401550293 0.02656250074505806 0.07037036865949631
1 0.2906250059604645 0.4870370328426361 0.01770833320915699 0.025925925001502037
0 0.5257812738418579 0.35648149251937866 0.02968749962747097 0.08703703433275223
0 0.2919270694255829 0.5111111402511597 0.02864583395421505 0.08518518507480621
0 0.48046875 0.1726851910352707 0.03177083283662796 0.06759259104728699
0 0.33541667461395264 0.7648147940635681 0.03437500074505806 0.06851851940155029
0 0.3968749940395355 0.1875 0.03854166716337204 0.05092592537403107
0 0.5794270634651184 0.2023148089647293 0.0390625 0.05648148059844971