1 0.484375 0.6856481432914734 0.014583333395421505 0.021296296268701553
1 0.29635417461395264 0.664814829826355 0.01770833320915699 0.02777777798473835
3 0.4791666567325592 0.6708333492279053 0.04583333432674408 0.10462962836027145
0 0.6049479246139526 0.7870370149612427 0.03072916716337204 0.05000000074505806
0 0.3046875 0.6837962865829468 0.04270833358168602 0.07314814627170563
0 0.6091145873069763 0.7824074029922485 0.01822916604578495 0.03703703731298447
3 0.6041666865348816 0.7870370149612427 0.03333333507180214 0.05370370298624039
0 0.29609376192092896 0.6731481552124023 0.02552083320915699 0.05000000074505806
1 0.484375 0.7675926089286804 0.012500000186264515 0.025925925001502037
1 0.4658854305744171 0.6337962746620178 0.01718750037252903 0.02500000037252903
0 0.578125 0.8277778029441833 0.03333333507180214 0.03888889029622078
1 0.38619792461395264 0.4888888895511627 0.01614583283662796 0.029629629105329514
1 0.34036457538604736 0.24722221493721008 0.015104166232049465 0.024074073880910873
1 0.6127604246139526 0.2490740716457367 0.01406249962747097 0.02222222276031971
0 0.3304687440395355 0.7532407641410828 0.02656250074505806 0.04722222313284874
1 0.5356770753860474 0.7944444417953491 0.01406249962747097 0.029629629105329514
0 0.46822917461395264 0.654629647731781 0.02291666716337204 0.07037036865949631
1 0.2789062559604645 0.5231481194496155 0.01822916604578495 0.025925925001502037
0 0.3174479305744171 0.7018518447875977 0.0234375 0.046296294778585434
0 0.3330729305744171 0.2606481611728668 0.02864583395421505 0.06388889253139496
0 0.4934895932674408 0.7009259462356567 0.03281249850988388 0.06481481343507767
0 0.47578126192092896 0.7587962746620178 0.0338541679084301 0.049074072390794754
0 0.5263020992279053 0.7865740656852722 0.03593749925494194 0.05092592537403107
0 0.2770833373069763 0.5032407641410828 0.02708333358168602 0.07314814627170563
0 0.6200520992279053 0.2611111104488373 0.03177083283662796 0.06111111119389534
0 0.39765626192092896 0.4749999940395355 0.04739583283662796 0.07037036865949631