3 0.46666666865348816 0.3812893033027649 0.07037036865949631 0.06446541100740433
0 0.32777777314186096 0.2633647918701172 0.031481482088565826 0.02358490601181984
0 0.6314814686775208 0.32272014021873474 0.07592592388391495 0.038522012531757355
3 0.614814817905426 0.40055030584335327 0.051851850003004074 0.07468553632497787
0 0.3282407522201538 0.3128930926322937 0.043518517166376114 0.06761006265878677
1 0.5902777910232544 0.3121069073677063 0.02500000037252903 0.022012578323483467
0 0.6143518686294556 0.3250786066055298 0.032407406717538834 0.025943396613001823
0 0.4523148238658905 0.35888364911079407 0.034259259700775146 0.02279874123632908
3 0.3273148238658905 0.3136792480945587 0.04537037014961243 0.069182388484478
3 0.4893518388271332 0.3038522005081177 0.07870370149612427 0.05424528196454048
0 0.614814817905426 0.39976415038108826 0.051851850003004074 0.07468553632497787
0 0.6087962985038757 0.37735849618911743 0.037962961941957474 0.026729559525847435
0 0.4902777671813965 0.3050314486026764 0.07870370149612427 0.05503144487738609
1 0.3245370388031006 0.2625786066055298 0.02500000037252903 0.01886792480945587
0 0.6490740776062012 0.31721699237823486 0.040740739554166794 0.03066037781536579
1 0.11944444477558136 0.3612421452999115 0.029629629105329514 0.02437106892466545
1 0.25138887763023376 0.5283018946647644 0.032407406717538834 0.02358490601181984
1 0.1865740716457367 0.44693395495414734 0.026851851493120193 0.02279874123632908
0 0.46574074029922485 0.37971699237823486 0.07037036865949631 0.0628930851817131
1 0.4157407283782959 0.24528302252292633 0.02777777798473835 0.026729559525847435
0 0.3550925850868225 0.26022014021873474 0.07314814627170563 0.033018868416547775
0 0.5620370507240295 0.2920597493648529 0.05370370298624039 0.04323899373412132
1 0.4138889014720917 0.5852987170219421 0.03703703731298447 0.025943396613001823
1 0.654629647731781 0.31446540355682373 0.025925925001502037 0.022012578323483467
1 0.46666666865348816 0.2920597493648529 0.02777777798473835 0.02279874123632908
3 0.5787037014961243 0.29599055647850037 0.08518518507480621 0.07311321049928665
1 0.09259258955717087 0.5086477994918823 0.035185184329748154 0.025157231837511063
0 0.30787035822868347 0.375786155462265 0.03981481492519379 0.05188679322600365
1 0.1615740805864334 0.56407231092453 0.034259259700775146 0.02437106892466545
0 0.6490740776062012 0.5727201104164124 0.05925925821065903 0.06682389974594116
1 0.6652777791023254 0.5475628972053528 0.032407406717538834 0.02279874123632908
0 0.23749999701976776 0.510613203048706 0.0694444477558136 0.06682389974594116
1 0.6064814925193787 0.3738207519054413 0.025925925001502037 0.01808176189661026
1 0.4546296298503876 0.35888364911079407 0.031481482088565826 0.021226415410637856
1 0.3037036955356598 0.35849055647850037 0.029629629105329514 0.0172955971211195
0 0.44212964177131653 0.23781447112560272 0.07685185223817825 0.0416666679084301
0 0.3777777850627899 0.3258647918701172 0.04259259253740311 0.062106918543577194
0 0.40601852536201477 0.5562106966972351 0.05092592537403107 0.06996855139732361
1 0.37962964177131653 0.34394654631614685 0.029629629105329514 0.01808176189661026
0 0.19120369851589203 0.4288522005081177 0.05277777835726738 0.06367924809455872
0 0.15231481194496155 0.5471698045730591 0.05462963134050369 0.0628930851817131
0 0.09675925970077515 0.49056604504585266 0.05462963134050369 0.06761006265878677
0 0.13240741193294525 0.37028300762176514 0.06666667014360428 0.05503144487738609