3 0.4513888955116272 0.27319180965423584 0.049074072390794754 0.06367924809455872
1 0.14444445073604584 0.374213844537735 0.029629629105329514 0.02358490601181984
0 0.26620370149612427 0.4716981053352356 0.06388889253139496 0.039308175444602966
1 0.3092592656612396 0.46816039085388184 0.025925925001502037 0.021226415410637856
0 0.3560185134410858 0.2908805012702942 0.05462963134050369 0.069182388484478
1 0.4115740656852722 0.2629716992378235 0.026851851493120193 0.019654087722301483
1 0.4611110985279083 0.2912735939025879 0.031481482088565826 0.02279874123632908
0 0.39444443583488464 0.26650944352149963 0.05370370298624039 0.03144654259085655
1 0.25231480598449707 0.40762579441070557 0.026851851493120193 0.02279874123632908
1 0.23287037014961243 0.26218554377555847 0.028703704476356506 0.019654087722301483
1 0.1893518567085266 0.527515709400177 0.032407406717538834 0.020440252497792244
0 0.2231481522321701 0.28105345368385315 0.06296296417713165 0.05267295613884926
1 0.24722221493721008 0.4775943458080292 0.029629629105329514 0.02279874123632908
1 0.11342592537403107 0.4661949574947357 0.032407406717538834 0.02358490601181984
1 0.3532407283782959 0.25982704758644104 0.03055555559694767 0.021226415410637856
1 0.6912037134170532 0.2928459048271179 0.032407406717538834 0.02437106892466545
1 0.19490741193294525 0.21305032074451447 0.03055555559694767 0.022012578323483467
1 0.307407408952713 0.2995283007621765 0.025925925001502037 0.01886792480945587
1 0.6430555582046509 0.5628930926322937 0.034259259700775146 0.026729559525847435
1 0.510185182094574 0.30110064148902893 0.031481482088565826 0.020440252497792244
0 0.29722222685813904 0.3069968521595001 0.05000000074505806 0.0416666679084301
1 0.14351852238178253 0.3125 0.029629629105329514 0.02279874123632908
0 0.5092592835426331 0.2724056541919708 0.04814814776182175 0.07783018797636032
1 0.7263888716697693 0.5613207817077637 0.034259259700775146 0.026729559525847435
0 0.4541666805744171 0.27358490228652954 0.049074072390794754 0.06761006265878677
0 0.6731481552124023 0.3113207519054413 0.07222222536802292 0.06603773683309555
0 0.2726851999759674 0.400943398475647 0.07129629701375961 0.04245283082127571
0 0.12916666269302368 0.3832547068595886 0.06018518656492233 0.04638364911079407
0 0.18101851642131805 0.5086477994918823 0.05092592537403107 0.06132075563073158
0 0.1953703761100769 0.2295597493648529 0.04814814776182175 0.05817610025405884
0 0.612500011920929 0.573113203048706 0.09166666865348816 0.0487421378493309
0 0.11898148059844971 0.4500786066055298 0.05462963134050369 0.06367924809455872
0 0.7050926089286804 0.5762578845024109 0.0824074074625969 0.0628930851817131
0 0.15324074029922485 0.3254716992378235 0.06759259104728699 0.05503144487738609