1 0.6752604246139526 0.5787037014961243 0.01927083358168602 0.03703703731298447
1 0.682812511920929 0.5546296238899231 0.01875000074505806 0.025925925001502037
1 0.2888020873069763 0.543055534362793 0.01718750037252903 0.026851851493120193
1 0.34192708134651184 0.5736111402511597 0.01822916604578495 0.028703704476356506
1 0.571093738079071 0.5685185194015503 0.015104166232049465 0.031481482088565826
1 0.6736978888511658 0.592129647731781 0.01614583283662796 0.028703704476356506
1 0.6380208134651184 0.6541666388511658 0.015625 0.026851851493120193
1 0.4270833432674408 0.5143518447875977 0.01666666753590107 0.032407406717538834
1 0.5523437261581421 0.24120371043682098 0.01718750037252903 0.032407406717538834
1 0.5992187261581421 0.3601851761341095 0.02031249925494194 0.031481482088565826
1 0.29739582538604736 0.3856481611728668 0.015625 0.03055555559694767
0 0.6833333373069763 0.5291666388511658 0.02291666716337204 0.07870370149612427
1 0.37109375 0.21805556118488312 0.01718750037252903 0.028703704476356506
1 0.522656261920929 0.3282407522201538 0.01718750037252903 0.026851851493120193
1 0.547656238079071 0.47268518805503845 0.01822916604578495 0.03055555559694767
0 0.6283854246139526 0.677314817905426 0.03593749925494194 0.0694444477558136
0 0.6630208492279053 0.6064814925193787 0.03854166716337204 0.06111111119389534
0 0.3408854305744171 0.5513888597488403 0.0338541679084301 0.09166666865348816
0 0.2841145694255829 0.5638889074325562 0.03177083283662796 0.08148147910833359
0 0.5138021111488342 0.3106481432914734 0.03697916492819786 0.06388889253139496
0 0.30937498807907104 0.38657405972480774 0.04374999925494194 0.06574074178934097
0 0.5950520634651184 0.33888888359069824 0.03072916716337204 0.0833333358168602
0 0.3838541805744171 0.20555555820465088 0.04270833358168602 0.05740740895271301
0 0.5666666626930237 0.24583333730697632 0.04583333432674408 0.05462963134050369
0 0.4153645932674408 0.5050926208496094 0.04843749850988388 0.06759259104728699
0 0.5604166388511658 0.4879629611968994 0.046875 0.07222222536802292
0 0.5549479126930237 0.5717592835426331 0.04739583283662796 0.06203703582286835