1 0.5247395634651184 0.3768518567085266 0.01614583283662796 0.025925925001502037
1 0.4518229067325592 0.35092592239379883 0.01614583283662796 0.031481482088565826
0 0.41614583134651184 0.8231481313705444 0.03958333283662796 0.0555555559694767
1 0.4776041805744171 0.7481481432914734 0.01354166679084301 0.02222222276031971
1 0.5221354365348816 0.8564814925193787 0.01927083358168602 0.035185184329748154
1 0.2760416567325592 0.5027777552604675 0.01666666753590107 0.024074073880910873
1 0.34036457538604736 0.3949074149131775 0.01614583283662796 0.028703704476356506
1 0.530468761920929 0.2143518477678299 0.01718750037252903 0.028703704476356506
1 0.6013020873069763 0.4148148000240326 0.01406249962747097 0.029629629105329514
0 0.47317707538604736 0.8717592358589172 0.04114583507180214 0.0416666679084301
1 0.42760416865348816 0.8120370507240295 0.01666666753590107 0.031481482088565826
1 0.6390625238418579 0.6606481671333313 0.014583333395421505 0.03055555559694767
0 0.4177083373069763 0.7773148417472839 0.03020833246409893 0.07314814627170563
0 0.512499988079071 0.8643518686294556 0.03333333507180214 0.04722222313284874
0 0.6489583253860474 0.6731481552124023 0.04270833358168602 0.06851851940155029
0 0.4424479305744171 0.364814817905426 0.03697916492819786 0.07592592388391495
0 0.48124998807907104 0.7314814925193787 0.02916666679084301 0.06851851940155029
0 0.2786458432674408 0.47546297311782837 0.03333333507180214 0.08796296268701553
0 0.3460937440395355 0.40740740299224854 0.0390625 0.07962962985038757
0 0.5252603888511658 0.35462963581085205 0.03072916716337204 0.08888889104127884
0 0.5380208492279053 0.22453702986240387 0.03541666641831398 0.06018518656492233
0 0.5885416865348816 0.41898149251937866 0.05000000074505806 0.06574074178934097