1 0.5994791388511658 0.42407408356666565 0.01770833320915699 0.024074073880910873
1 0.5229166746139526 0.8509259223937988 0.01979166641831398 0.029629629105329514
1 0.5583333373069763 0.8481481671333313 0.01875000074505806 0.03333333507180214
1 0.01536458358168602 0.5273148417472839 0.01822916604578495 0.028703704476356506
0 0.5799478888511658 0.5166666507720947 0.03802083432674408 0.07592592388391495
1 0.04505208507180214 0.38425925374031067 0.015104166232049465 0.024074073880910873
3 0.5835937261581421 0.49074074625968933 0.05364583432674408 0.13518518209457397
1 0.03489583358168602 0.2606481611728668 0.012500000186264515 0.026851851493120193
1 0.39244791865348816 0.6180555820465088 0.01614583283662796 0.032407406717538834
1 0.4976562559604645 0.4268518388271332 0.02031249925494194 0.02777777798473835
0 0.014583333395421505 0.1884259283542633 0.02916666679084301 0.04537037014961243
1 0.3802083432674408 0.782870352268219 0.01666666753590107 0.032407406717538834
0 0.5760416388511658 0.8425925970077515 0.0364583320915699 0.03888889029622078
0 0.51953125 0.8708333373069763 0.02656250074505806 0.07129629701375961
0 0.014843749813735485 0.510185182094574 0.02864583395421505 0.07777778059244156
0 0.6015625 0.44398146867752075 0.02604166604578495 0.07870370149612427
0 0.7143229246139526 0.7134259343147278 0.03489583358168602 0.09537036716938019
0 0.02447916753590107 0.2541666626930237 0.03854166716337204 0.05833333358168602
0 0.046875 0.3731481432914734 0.03125 0.07037036865949631
0 0.49817708134651184 0.3986110985279083 0.03072916716337204 0.08425925672054291
0 0.6338541507720947 0.7550926208496094 0.02708333358168602 0.08611111342906952
0 0.02656250074505806 0.4416666626930237 0.0416666679084301 0.07037036865949631
0 0.37942707538604736 0.6259258985519409 0.05156249925494194 0.0833333358168602
0 0.3674479126930237 0.7745370268821716 0.04739583283662796 0.0824074074625969