0 0.6338541507720947 0.2532407343387604 0.03437500074505806 0.0416666679084301
3 0.4127604067325592 0.8287037014961243 0.04218750074505806 0.0555555559694767
3 0.6421874761581421 0.24444444477558136 0.04479166492819786 0.05925925821065903
1 0.4026041626930237 0.8157407641410828 0.01666666753590107 0.029629629105329514
3 0.39244791865348816 0.8097222447395325 0.07864583283662796 0.08796296268701553
1 0.5466145873069763 0.7472222447395325 0.01406249962747097 0.029629629105329514
3 0.6192708611488342 0.2532407343387604 0.06875000149011612 0.07500000298023224
1 0.6299479007720947 0.6449074149131775 0.015104166232049465 0.028703704476356506
1 0.3372395932674408 0.7064814567565918 0.01718750037252903 0.029629629105329514
0 0.38098958134651184 0.7958333492279053 0.03489583358168602 0.05833333358168602
1 0.5580729246139526 0.5337963104248047 0.015104166232049465 0.026851851493120193
1 0.4401041567325592 0.6763888597488403 0.01875000074505806 0.03055555559694767
1 0.6598958373069763 0.32407405972480774 0.01875000074505806 0.029629629105329514
1 0.3526041805744171 0.7379629611968994 0.01875000074505806 0.024074073880910873
0 0.663281261920929 0.3092592656612396 0.02552083320915699 0.05925925821065903
1 0.59375 0.27129629254341125 0.01770833320915699 0.029629629105329514
1 0.51171875 0.7513889074325562 0.01718750037252903 0.032407406717538834
0 0.4156250059604645 0.8305555582046509 0.03958333283662796 0.05370370298624039
0 0.3565104305744171 0.7560185194015503 0.03072916716337204 0.05462963134050369
0 0.5239583253860474 0.7486110925674438 0.03854166716337204 0.043518517166376114
3 0.3713541626930237 0.7754629850387573 0.05833333358168602 0.10092592239379883
0 0.3317708373069763 0.6842592358589172 0.02916666679084301 0.07037036865949631
0 0.6010416746139526 0.2560185194015503 0.03541666641831398 0.06018518656492233
0 0.5630208253860474 0.737500011920929 0.0364583320915699 0.04537037014961243
3 0.6643229126930237 0.27731481194496155 0.03281249850988388 0.12870369851589203
0 0.6393229365348816 0.6587963104248047 0.03802083432674408 0.07129629701375961
0 0.5679687261581421 0.520370364189148 0.04322916641831398 0.06851851940155029
0 0.4505208432674408 0.6587963104248047 0.03958333283662796 0.07129629701375961