1 0.41015625 0.5472221970558167 0.01718750037252903 0.03703703731298447
0 0.49687498807907104 0.8958333134651184 0.02604166604578495 0.05462963134050369
1 0.7161458134651184 0.7166666388511658 0.01979166641831398 0.02777777798473835
1 0.01536458358168602 0.5273148417472839 0.01822916604578495 0.028703704476356506
1 0.5096353888511658 0.6782407164573669 0.01822916604578495 0.032407406717538834
1 0.5171874761581421 0.8504629731178284 0.01666666753590107 0.03055555559694767
1 0.33281248807907104 0.5564814805984497 0.01875000074505806 0.03333333507180214
1 0.0455729179084301 0.3861111104488373 0.015104166232049465 0.024074073880910873
1 0.6705729365348816 0.6328703761100769 0.01614583283662796 0.028703704476356506
1 0.03437500074505806 0.2606481611728668 0.012500000186264515 0.026851851493120193
1 0.4609375 0.46203702688217163 0.01770833320915699 0.03333333507180214
1 0.7302083373069763 0.635185182094574 0.01875000074505806 0.02777777798473835
0 0.014583333395421505 0.1884259283542633 0.02916666679084301 0.043518517166376114
1 0.3869791626930237 0.625 0.015625 0.03333333507180214
0 0.014322916977107525 0.510185182094574 0.02864583395421505 0.07777778059244156
0 0.7138020992279053 0.7287036776542664 0.0338541679084301 0.06666667014360428
0 0.02421874925494194 0.2541666626930237 0.03802083432674408 0.05833333358168602
0 0.4481770694255829 0.45601850748062134 0.05156249925494194 0.07129629701375961
0 0.633593738079071 0.7472222447395325 0.02968749962747097 0.09074074029922485
0 0.046875 0.3731481432914734 0.03020833246409893 0.07222222536802292
0 0.6606770753860474 0.6481481194496155 0.0442708320915699 0.07222222536802292
0 0.7317708134651184 0.6162037253379822 0.03020833246409893 0.08611111342906952
0 0.5268229246139526 0.8652777671813965 0.03697916492819786 0.0694444477558136
0 0.39791667461395264 0.5518518686294556 0.05000000074505806 0.07037036865949631
0 0.02604166604578495 0.44212964177131653 0.0416666679084301 0.07129629701375961
0 0.37421876192092896 0.6282407641410828 0.05052083358168602 0.0694444477558136
0 0.5231770873069763 0.6703703999519348 0.05364583432674408 0.06666667014360428
0 0.3257812559604645 0.572685182094574 0.04010416567325592 0.09351851791143417