1 0.38229167461395264 0.7180555462837219 0.010416666977107525 0.017592592164874077
1 0.4583333432674408 0.6087962985038757 0.012500000186264515 0.021296296268701553
1 0.3934895694255829 0.7537037134170532 0.00989583320915699 0.018518518656492233
1 0.6031249761581421 0.7453703880310059 0.012500000186264515 0.024074073880910873
1 0.522656261920929 0.697685182094574 0.01197916641831398 0.023148147389292717
1 0.6388021111488342 0.5143518447875977 0.01406249962747097 0.021296296268701553
1 0.4580729305744171 0.7439814805984497 0.01197916641831398 0.021296296268701553
1 0.4945312440395355 0.5 0.01406249962747097 0.024074073880910873
0 0.5249999761581421 0.8208333253860474 0.02395833283662796 0.02500000037252903
0 0.4664062559604645 0.7564814686775208 0.02968749962747097 0.046296294778585434
0 0.3736979067325592 0.7064814567565918 0.02656250074505806 0.04814814776182175
1 0.4468750059604645 0.35046297311782837 0.014583333395421505 0.028703704476356506
0 0.5057291388511658 0.7768518328666687 0.02500000037252903 0.04814814776182175
0 0.6380208134651184 0.5314815044403076 0.02395833283662796 0.06851851940155029
0 0.5104166865348816 0.7097222208976746 0.0416666679084301 0.05277777835726738
0 0.4533854126930237 0.6194444298744202 0.03072916716337204 0.05925925821065903
0 0.48645833134651184 0.5120370388031006 0.03125 0.05925925821065903
0 0.40286457538604736 0.7402777671813965 0.02968749962747097 0.05277777835726738
0 0.4580729305744171 0.3499999940395355 0.03489583358168602 0.046296294778585434
0 0.594531238079071 0.7435185313224792 0.0338541679084301 0.046296294778585434