1 0.4729166626930237 0.1745370328426361 0.03125 0.03981481492519379
1 0.3343749940395355 0.2865740656852722 0.015625 0.023148147389292717
0 0.3401041626930237 0.2671296298503876 0.03020833246409893 0.06574074178934097
0 0.5138021111488342 0.3027777671813965 0.04114583507180214 0.051851850003004074
1 0.38854166865348816 0.7199074029922485 0.01666666753590107 0.026851851493120193
1 0.5283854007720947 0.2916666567325592 0.01406249962747097 0.02777777798473835
0 0.45703125 0.16851851344108582 0.06197916716337204 0.06111111119389534
1 0.590624988079071 0.5055555701255798 0.01666666753590107 0.02777777798473835
1 0.600781261920929 0.6189814805984497 0.01822916604578495 0.03055555559694767
1 0.6143229007720947 0.7736111283302307 0.01718750037252903 0.028703704476356506
1 0.628125011920929 0.27407407760620117 0.015625 0.025925925001502037
1 0.4372395873069763 0.17870371043682098 0.01822916604578495 0.029629629105329514
1 0.47994792461395264 0.16944444179534912 0.01822916604578495 0.029629629105329514
0 0.47265625 0.17638888955116272 0.03072916716337204 0.04537037014961243
1 0.37812501192092896 0.3541666567325592 0.01979166641831398 0.03055555559694767
1 0.5604166388511658 0.3092592656612396 0.01770833320915699 0.031481482088565826
1 0.4427083432674408 0.24768517911434174 0.01666666753590107 0.032407406717538834
1 0.6622396111488342 0.6675925850868225 0.01927083358168602 0.02777777798473835
0 0.5533854365348816 0.29490742087364197 0.02864583395421505 0.06574074178934097
0 0.6393229365348816 0.28935185074806213 0.03593749925494194 0.06574074178934097
0 0.659375011920929 0.6907407641410828 0.03020833246409893 0.06851851940155029
0 0.6059895753860474 0.7935185432434082 0.03489583358168602 0.06851851940155029
0 0.4299479126930237 0.25 0.04635416716337204 0.04444444552063942
0 0.3708333373069763 0.3342592716217041 0.03437500074505806 0.07407407462596893
0 0.592968761920929 0.5995370149612427 0.0390625 0.07870370149612427
0 0.6000000238418579 0.48750001192092896 0.04062499850988388 0.07685185223817825
0 0.38671875 0.6944444179534912 0.03177083283662796 0.09074074029922485