0 0.3973958194255829 0.3152777850627899 0.07083333283662796 0.06388889253139496
1 0.5278645753860474 0.8615740537643433 0.01718750037252903 0.028703704476356506
1 0.3869791626930237 0.800000011920929 0.01666666753590107 0.029629629105329514
1 0.4489583373069763 0.2240740805864334 0.02083333395421505 0.031481482088565826
0 0.5197916626930237 0.8643518686294556 0.03020833246409893 0.043518517166376114
1 0.553906261920929 0.7472222447395325 0.01822916604578495 0.02777777798473835
1 0.43567708134651184 0.7791666388511658 0.01406249962747097 0.032407406717538834
1 0.3882812559604645 0.8407407402992249 0.015104166232049465 0.029629629105329514
1 0.46302083134651184 0.8777777552604675 0.015625 0.02777777798473835
1 0.3726562559604645 0.33009257912635803 0.01614583283662796 0.02500000037252903
1 0.3773437440395355 0.5046296119689941 0.01822916604578495 0.02777777798473835
0 0.4156250059604645 0.3203703761100769 0.03750000149011612 0.046296294778585434
3 0.3981770873069763 0.31296294927597046 0.0703125 0.06851851940155029
0 0.42135417461395264 0.8527777791023254 0.03229166567325592 0.05000000074505806
0 0.4127604067325592 0.3837963044643402 0.0338541679084301 0.05462963134050369
0 0.3804687559604645 0.31296294927597046 0.03177083283662796 0.06111111119389534
0 0.5546875 0.7666666507720947 0.02708333358168602 0.07592592388391495
0 0.37942707538604736 0.8189814686775208 0.03281249850988388 0.07129629701375961
0 0.42395833134651184 0.7712963223457336 0.0416666679084301 0.05925925821065903
0 0.4559895694255829 0.8712962865829468 0.0338541679084301 0.051851850003004074
0 0.3802083432674408 0.5268518328666687 0.03125 0.09444444626569748
0 0.4489583373069763 0.20185184478759766 0.02916666679084301 0.0833333358168602
0 0.5049479007720947 0.7814815044403076 0.02656250074505806 0.08148147910833359