0 0.2994791567325592 0.3740740716457367 0.02395833283662796 0.06296296417713165
1 0.6143229007720947 0.7875000238418579 0.01406249962747097 0.026851851493120193
1 0.5674479007720947 0.5537037253379822 0.01822916604578495 0.031481482088565826
0 0.2919270694255829 0.4287036955356598 0.03281249850988388 0.0555555559694767
1 0.28463542461395264 0.5240740776062012 0.01822916604578495 0.024074073880910873
1 0.5458333492279053 0.7518518567085266 0.01875000074505806 0.025925925001502037
1 0.522656261920929 0.6203703880310059 0.01822916604578495 0.031481482088565826
1 0.33203125 0.35185185074806213 0.01718750037252903 0.03333333507180214
1 0.6052083373069763 0.24722221493721008 0.015625 0.025925925001502037
1 0.5111979246139526 0.30324074625968933 0.01822916604578495 0.028703704476356506
0 0.2828125059604645 0.5518518686294556 0.02812499925494194 0.08148147910833359
1 0.5979166626930237 0.3592592477798462 0.01979166641831398 0.02777777798473835
0 0.6049479246139526 0.7708333134651184 0.03489583358168602 0.07314814627170563
1 0.5606771111488342 0.37731480598449707 0.01822916604578495 0.03055555559694767
1 0.4658854305744171 0.17499999701976776 0.015104166232049465 0.029629629105329514
0 0.5153645873069763 0.6402778029441833 0.03593749925494194 0.07129629701375961
0 0.5513020753860474 0.36250001192092896 0.04010416567325592 0.06759259104728699
0 0.3479166626930237 0.35046297311782837 0.04583333432674408 0.05462963134050369
0 0.546875 0.7277777791023254 0.03020833246409893 0.08703703433275223
0 0.5023437738418579 0.28796297311782837 0.03697916492819786 0.06666667014360428
0 0.581250011920929 0.5685185194015503 0.04583333432674408 0.06481481343507767
0 0.594531238079071 0.33472222089767456 0.03072916716337204 0.0824074074625969
0 0.4791666567325592 0.1648148149251938 0.04270833358168602 0.0555555559694767
3 0.2932291626930237 0.3976851999759674 0.04062499850988388 0.12129629403352737
0 0.6171875 0.2527777850627899 0.0416666679084301 0.051851850003004074