1 0.4752604067325592 0.8481481671333313 0.01927083358168602 0.029629629105329514
1 0.3270833194255829 0.29907408356666565 0.015625 0.03333333507180214
1 0.5877603888511658 0.8282407522201538 0.015104166232049465 0.023148147389292717
1 0.3382812440395355 0.2708333432674408 0.01614583283662796 0.023148147389292717
1 0.31328123807907104 0.33657407760620117 0.01614583283662796 0.02500000037252903
1 0.6252604126930237 0.4740740656852722 0.01718750037252903 0.029629629105329514
1 0.4479166567325592 0.4268518388271332 0.01770833320915699 0.031481482088565826
1 0.3721354305744171 0.3652777671813965 0.01718750037252903 0.02500000037252903
1 0.637499988079071 0.24629630148410797 0.01770833320915699 0.02777777798473835
1 0.7041666507720947 0.47777777910232544 0.01875000074505806 0.029629629105329514
1 0.38984376192092896 0.4375 0.01718750037252903 0.026851851493120193
1 0.500781238079071 0.14212962985038757 0.015104166232049465 0.03055555559694767
0 0.3984375 0.41342592239379883 0.03437500074505806 0.07129629701375961
1 0.35859376192092896 0.7953703999519348 0.015104166232049465 0.025925925001502037
1 0.42369791865348816 0.24675926566123962 0.01927083358168602 0.032407406717538834
1 0.3244791626930237 0.44398146867752075 0.01875000074505806 0.026851851493120193
0 0.3151041567325592 0.31481480598449707 0.03437500074505806 0.06666667014360428
0 0.3466145694255829 0.24768517911434174 0.02968749962747097 0.06574074178934097
0 0.4502604305744171 0.3986110985279083 0.03072916716337204 0.09351851791143417
0 0.3304687440395355 0.41990742087364197 0.0338541679084301 0.07870370149612427
0 0.3726562559604645 0.34074074029922485 0.02968749962747097 0.08518518507480621
0 0.4143229126930237 0.2597222328186035 0.04010416567325592 0.06388889253139496
0 0.694531261920929 0.5004629492759705 0.0442708320915699 0.09537036716938019
0 0.6471354365348816 0.2620370388031006 0.0390625 0.07222222536802292
0 0.36796873807907104 0.8115741014480591 0.03697916492819786 0.06574074178934097
0 0.6223958134651184 0.44583332538604736 0.03750000149011612 0.10462962836027145
0 0.48880207538604736 0.13657407462596893 0.0442708320915699 0.06759259104728699