3 0.637499988079071 0.4972222149372101 0.03125 0.10555555671453476
0 0.5924479365348816 0.8199074268341064 0.02552083320915699 0.034259259700775146
1 0.6393229365348816 0.5087962746620178 0.01822916604578495 0.023148147389292717
1 0.5588541626930237 0.24675926566123962 0.012500000186264515 0.026851851493120193
1 0.3669270873069763 0.39953702688217163 0.01614583283662796 0.028703704476356506
1 0.5835937261581421 0.447685182094574 0.013020833022892475 0.02500000037252903
1 0.589062511920929 0.5944444537162781 0.015625 0.02777777798473835
3 0.616406261920929 0.5050926208496094 0.0494791679084301 0.10092592239379883
1 0.640625 0.727314829826355 0.01354166679084301 0.028703704476356506
0 0.6742187738418579 0.5453703999519348 0.02864583395421505 0.0555555559694767
1 0.6528645753860474 0.6703703999519348 0.02031249925494194 0.02777777798473835
0 0.6208333373069763 0.5305555462837219 0.03750000149011612 0.05000000074505806
1 0.28515625 0.4810185134410858 0.01822916604578495 0.02500000037252903
0 0.6028645634651184 0.4893518388271332 0.02864583395421505 0.05462963134050369
0 0.6411458253860474 0.47546297311782837 0.02291666716337204 0.06759259104728699
0 0.2848958373069763 0.45370370149612427 0.03125 0.08888889104127884
0 0.35729166865348816 0.3847222328186035 0.04583333432674408 0.07314814627170563
0 0.5802083611488342 0.6097221970558167 0.04062499850988388 0.0694444477558136
0 0.2835937440395355 0.5898148417472839 0.03697916492819786 0.07037036865949631
0 0.550000011920929 0.24351851642131805 0.0364583320915699 0.05740740895271301
0 0.6572916507720947 0.6481481194496155 0.0416666679084301 0.07962962985038757
0 0.5736979246139526 0.43703705072402954 0.03697916492819786 0.051851850003004074
0 0.6276041865348816 0.7180555462837219 0.0416666679084301 0.06388889253139496