1 0.45755207538604736 0.8064814805984497 0.02031249925494194 0.02777777798473835
1 0.4505208432674408 0.8287037014961243 0.015625 0.031481482088565826
0 0.04192708432674408 0.34166666865348816 0.02864583395421505 0.11481481790542603
1 0.04348958283662796 0.2967592477798462 0.01718750037252903 0.026851851493120193
1 0.01536458358168602 0.5259259343147278 0.01822916604578495 0.029629629105329514
1 0.6611979007720947 0.7995370626449585 0.01718750037252903 0.026851851493120193
1 0.48645833134651184 0.675000011920929 0.01875000074505806 0.031481482088565826
0 0.5114583373069763 0.9064815044403076 0.03333333507180214 0.05000000074505806
1 0.635937511920929 0.8675925731658936 0.01666666753590107 0.029629629105329514
0 0.04479166492819786 0.3717592656612396 0.02604166604578495 0.07685185223817825
1 0.0455729179084301 0.38425925374031067 0.01822916604578495 0.029629629105329514
1 0.03541666641831398 0.23055554926395416 0.012500000186264515 0.02222222276031971
1 0.542187511920929 0.654629647731781 0.01979166641831398 0.03333333507180214
0 0.014322916977107525 0.18888889253139496 0.02864583395421505 0.03888889029622078
1 0.5231770873069763 0.8185185194015503 0.01822916604578495 0.031481482088565826
3 0.45520833134651184 0.822685182094574 0.07187499850988388 0.10648148506879807
0 0.014322916977107525 0.5083333253860474 0.02760416641831398 0.08148147910833359
0 0.5377604365348816 0.6356481313705444 0.03489583358168602 0.0824074074625969
0 0.04140625149011612 0.3134259283542633 0.0234375 0.06759259104728699
0 0.03098958358168602 0.24351851642131805 0.02968749962747097 0.0555555559694767
0 0.628125011920929 0.8759258985519409 0.03750000149011612 0.0555555559694767
0 0.49427083134651184 0.6611111164093018 0.04062499850988388 0.07407407462596893
0 0.4398437440395355 0.8467592597007751 0.0338541679084301 0.06018518656492233
0 0.6695312261581421 0.8111110925674438 0.03489583358168602 0.06296296417713165
0 0.47057291865348816 0.7916666865348816 0.03697916492819786 0.05370370298624039
0 0.4932291805744171 0.1796296238899231 0.046875 0.06296296417713165
0 0.5372396111488342 0.8157407641410828 0.04843749850988388 0.06481481343507767