1 0.5588541626930237 0.8476851582527161 0.02187499962747097 0.03055555559694767
1 0.03567708283662796 0.4472222328186035 0.013020833022892475 0.029629629105329514
1 0.6002604365348816 0.42592594027519226 0.01822916604578495 0.024074073880910873
1 0.01536458358168602 0.5273148417472839 0.01822916604578495 0.028703704476356506
1 0.04531250149011612 0.3837963044643402 0.015625 0.02500000037252903
1 0.52734375 0.8518518805503845 0.01718750037252903 0.02777777798473835
0 0.5799478888511658 0.5115740895271301 0.04010416567325592 0.07685185223817825
1 0.03437500074505806 0.2606481611728668 0.012500000186264515 0.026851851493120193
1 0.3921875059604645 0.6194444298744202 0.014583333395421505 0.03333333507180214
1 0.5877603888511658 0.3115740716457367 0.01822916604578495 0.03611111268401146
0 0.014583333395421505 0.18888889253139496 0.02916666679084301 0.046296294778585434
0 0.5776041746139526 0.842129647731781 0.03333333507180214 0.034259259700775146
0 0.5182291865348816 0.8680555820465088 0.03333333507180214 0.05833333358168602
1 0.4247395694255829 0.6416666507720947 0.01927083358168602 0.03333333507180214
0 0.6015625 0.4462963044643402 0.02500000037252903 0.07777778059244156
0 0.014583333395421505 0.5097222328186035 0.02812499925494194 0.07870370149612427
3 0.585156261920929 0.4819444417953491 0.0546875 0.14166666567325592
0 0.711718738079071 0.7254629731178284 0.04010416567325592 0.07685185223817825
0 0.5736979246139526 0.3087962865829468 0.04739583283662796 0.06388889253139496
0 0.02421874925494194 0.25462964177131653 0.03802083432674408 0.05925925821065903
0 0.37838542461395264 0.6240741014480591 0.04843749850988388 0.07222222536802292
0 0.046875 0.37361112236976624 0.03125 0.0694444477558136
0 0.02630208246409893 0.4416666626930237 0.04114583507180214 0.07037036865949631
0 0.6343749761581421 0.7541666626930237 0.02916666679084301 0.08796296268701553
0 0.4348958432674408 0.6625000238418579 0.03958333283662796 0.08981481194496155