0 0.672656238079071 0.8083333373069763 0.04218750074505806 0.09074074029922485
1 0.04348958283662796 0.29722222685813904 0.01718750037252903 0.025925925001502037
1 0.46432292461395264 0.8606481552124023 0.013020833022892475 0.026851851493120193
0 0.49817708134651184 0.8981481194496155 0.02447916753590107 0.05925925821065903
1 0.01536458358168602 0.5263888835906982 0.01822916604578495 0.028703704476356506
0 0.6643229126930237 0.8254629373550415 0.02552083320915699 0.06018518656492233
1 0.4958333373069763 0.8287037014961243 0.01979166641831398 0.02777777798473835
1 0.42135417461395264 0.8412036895751953 0.014583333395421505 0.028703704476356506
1 0.585156261920929 0.6254629492759705 0.01718750037252903 0.03055555559694767
1 0.0455729179084301 0.385185182094574 0.01822916604578495 0.02777777798473835
1 0.5640624761581421 0.6768518686294556 0.01666666753590107 0.02777777798473835
1 0.6583333611488342 0.2597222328186035 0.01979166641831398 0.03055555559694767
1 0.03541666641831398 0.23055554926395416 0.012500000186264515 0.02222222276031971
1 0.664843738079071 0.5657407641410828 0.01822916604578495 0.029629629105329514
0 0.014843749813735485 0.1893518567085266 0.02864583395421505 0.03981481492519379
0 0.04479166492819786 0.3722222149372101 0.02604166604578495 0.07777778059244156
3 0.6729166507720947 0.8074073791503906 0.04270833358168602 0.09074074029922485
0 0.44973957538604736 0.8462963104248047 0.02760416641831398 0.04444444552063942
0 0.4921875 0.8412036895751953 0.03125 0.05648148059844971
0 0.40833333134651184 0.8435184955596924 0.03750000149011612 0.04259259253740311
0 0.01406249962747097 0.5078703761100769 0.02708333358168602 0.07870370149612427
0 0.04062499850988388 0.31481480598449707 0.02604166604578495 0.07037036865949631
0 0.6575520634651184 0.585185170173645 0.03489583358168602 0.07592592388391495
0 0.03098958358168602 0.2439814805984497 0.02864583395421505 0.05462963134050369
0 0.3505208194255829 0.7435185313224792 0.03020833246409893 0.06666667014360428
0 0.6502603888511658 0.24259258806705475 0.0390625 0.06296296417713165
0 0.5822916626930237 0.6407407522201538 0.02708333358168602 0.06296296417713165
0 0.5520833134651184 0.6916666626930237 0.03750000149011612 0.05740740895271301