1 0.47447916865348816 0.8620370626449585 0.01145833358168602 0.024074073880910873
0 0.5994791388511658 0.7972221970558167 0.02604166604578495 0.0555555559694767
0 0.3187499940395355 0.5 0.03125 0.07407407462596893
3 0.3138020932674408 0.46898147463798523 0.0338541679084301 0.13055555522441864
0 0.30937498807907104 0.5 0.01875000074505806 0.06851851940155029
1 0.5049479007720947 0.8587962985038757 0.01614583283662796 0.026851851493120193
1 0.3125 0.706944465637207 0.012500000186264515 0.01944444514811039
0 0.6200520992279053 0.7606481313705444 0.02552083320915699 0.049074072390794754
1 0.29895833134651184 0.654629647731781 0.01666666753590107 0.024074073880910873
0 0.29244792461395264 0.6347222328186035 0.02968749962747097 0.06759259104728699
0 0.4908854067325592 0.8671296238899231 0.04218750074505806 0.04537037014961243
1 0.6588541865348816 0.34675925970077515 0.01666666753590107 0.026851851493120193
1 0.43359375 0.3481481373310089 0.01614583283662796 0.02777777798473835
0 0.3140625059604645 0.6921296119689941 0.02395833283662796 0.06018518656492233
1 0.3763020932674408 0.4939814805984497 0.01614583283662796 0.023148147389292717
3 0.6096354126930237 0.7777777910232544 0.04843749850988388 0.08888889104127884
1 0.49557292461395264 0.6824073791503906 0.01406249962747097 0.02777777798473835
3 0.28697916865348816 0.5995370149612427 0.03437500074505806 0.13055555522441864
0 0.28203123807907104 0.5666666626930237 0.02760416641831398 0.07222222536802292
0 0.3088541626930237 0.4287036955356598 0.02604166604578495 0.07037036865949631
0 0.6656249761581421 0.3601851761341095 0.03125 0.0833333358168602
0 0.4416666626930237 0.3620370328426361 0.03333333507180214 0.07037036865949631
0 0.3734374940395355 0.5134259462356567 0.03020833246409893 0.07314814627170563
0 0.5067708492279053 0.6870370507240295 0.04374999925494194 0.06111111119389534