1 0.5208333134651184 0.1458333283662796 0.02708333358168602 0.037962961941957474
3 0.6544271111488342 0.4296296238899231 0.06302083283662796 0.0833333358168602
1 0.5549479126930237 0.8259259462356567 0.01718750037252903 0.02777777798473835
0 0.5486978888511658 0.15601852536201477 0.04114583507180214 0.06018518656492233
0 0.5947916507720947 0.8402777910232544 0.04583333432674408 0.06203703582286835
3 0.5958333611488342 0.8412036895751953 0.04791666567325592 0.06203703582286835
1 0.5348958373069763 0.16851851344108582 0.01666666753590107 0.025925925001502037
3 0.5393229126930237 0.15833333134651184 0.05781250074505806 0.07037036865949631
1 0.6583333611488342 0.4236111044883728 0.01354166679084301 0.026851851493120193
0 0.520312488079071 0.14537036418914795 0.02708333358168602 0.040740739554166794
1 0.5687500238418579 0.7685185074806213 0.015625 0.029629629105329514
0 0.5604166388511658 0.7837963104248047 0.03333333507180214 0.05462963134050369
1 0.5669270753860474 0.512499988079071 0.02031249925494194 0.032407406717538834
1 0.6041666865348816 0.7425925731658936 0.01666666753590107 0.02777777798473835
0 0.5611979365348816 0.8444444537162781 0.02864583395421505 0.06296296417713165
1 0.6294270753860474 0.46481481194496155 0.01822916604578495 0.02777777798473835
1 0.41223958134651184 0.23796296119689941 0.01927083358168602 0.03333333507180214
1 0.4638020694255829 0.46203702688217163 0.01718750037252903 0.03333333507180214
1 0.45364582538604736 0.23333333432674408 0.015625 0.02777777798473835
0 0.5479166507720947 0.17499999701976776 0.03958333283662796 0.04259259253740311
0 0.42395833134651184 0.23796296119689941 0.04270833358168602 0.04444444552063942
0 0.6330729126930237 0.44583332538604736 0.02968749962747097 0.07500000298023224
3 0.5776041746139526 0.7699074149131775 0.06875000149011612 0.07870370149612427
0 0.6705729365348816 0.41342592239379883 0.0390625 0.05277777835726738
0 0.46927082538604736 0.23749999701976776 0.04062499850988388 0.04722222313284874
0 0.4776041805744171 0.47546297311782837 0.04791666567325592 0.0694444477558136
0 0.5963541865348816 0.7555555701255798 0.03437500074505806 0.05370370298624039
0 0.5739583373069763 0.5351851582527161 0.0364583320915699 0.07777778059244156