0 0.43020832538604736 0.8120370507240295 0.03229166567325592 0.035185184329748154
1 0.5393229126930237 0.8356481194496155 0.01406249962747097 0.02500000037252903
0 0.41588541865348816 0.8101851940155029 0.02135416679084301 0.03888889029622078
1 0.5611979365348816 0.8180555701255798 0.013020833022892475 0.023148147389292717
1 0.5971354246139526 0.7527777552604675 0.01718750037252903 0.029629629105329514
1 0.4546875059604645 0.8254629373550415 0.015625 0.03055555559694767
1 0.4950520694255829 0.8129629492759705 0.01718750037252903 0.031481482088565826
1 0.6723958253860474 0.41435185074806213 0.01770833320915699 0.023148147389292717
1 0.6018229126930237 0.2925925850868225 0.01614583283662796 0.025925925001502037
1 0.3385416567325592 0.46203702688217163 0.015625 0.031481482088565826
1 0.40182292461395264 0.5078703761100769 0.01406249962747097 0.032407406717538834
1 0.6286458373069763 0.40509259700775146 0.015625 0.02500000037252903
1 0.29505208134651184 0.45370370149612427 0.01718750037252903 0.025925925001502037
0 0.46536457538604736 0.8273147940635681 0.03281249850988388 0.034259259700775146
1 0.37942707538604736 0.7842592597007751 0.01718750037252903 0.025925925001502037
0 0.5489583611488342 0.8273147940635681 0.03437500074505806 0.043518517166376114
0 0.6695312261581421 0.39351850748062134 0.02968749962747097 0.06666667014360428
0 0.5065104365348816 0.7981481552124023 0.03802083432674408 0.05000000074505806
0 0.633593738079071 0.4194444417953491 0.03072916716337204 0.07407407462596893
0 0.2916666567325592 0.43287035822868347 0.03229166567325592 0.08055555820465088
0 0.3830729126930237 0.8004629611968994 0.03177083283662796 0.06203703582286835
0 0.41588541865348816 0.5152778029441833 0.04739583283662796 0.06018518656492233
0 0.5934895873069763 0.2717592716217041 0.03593749925494194 0.07870370149612427
0 0.3505208194255829 0.4712963104248047 0.04791666567325592 0.07222222536802292
0 0.6052083373069763 0.7685185074806213 0.03020833246409893 0.0555555559694767