1 0.5513020753860474 0.7662037014961243 0.01927083358168602 0.028703704476356506
1 0.6044270992279053 0.45185184478759766 0.015104166232049465 0.02222222276031971
0 0.63671875 0.47592592239379883 0.03072916716337204 0.046296294778585434
0 0.608593761920929 0.45601850748062134 0.02447916753590107 0.03611111268401146
0 0.550000011920929 0.7685185074806213 0.02395833283662796 0.03333333507180214
1 0.5036458373069763 0.7111111283302307 0.015625 0.025925925001502037
0 0.6083333492279053 0.48148149251937866 0.02395833283662796 0.07962962985038757
1 0.5023437738418579 0.7513889074325562 0.01406249962747097 0.02500000037252903
3 0.4671874940395355 0.3351851999759674 0.03750000149011612 0.10740740597248077
1 0.3656249940395355 0.6402778029441833 0.015625 0.026851851493120193
3 0.624218761920929 0.4810185134410858 0.05260416492819786 0.08796296268701553
1 0.3804687559604645 0.6569444537162781 0.013020833022892475 0.026851851493120193
1 0.6341145634651184 0.6393518447875977 0.015104166232049465 0.021296296268701553
1 0.3148437440395355 0.5259259343147278 0.01614583283662796 0.02222222276031971
0 0.42890626192092896 0.7708333134651184 0.02656250074505806 0.034259259700775146
0 0.47317707538604736 0.3092592656612396 0.02447916753590107 0.05740740895271301
0 0.6098958253860474 0.510185182094574 0.02187499962747097 0.0555555559694767
0 0.40182292461395264 0.7513889074325562 0.02760416641831398 0.049074072390794754
0 0.6283854246139526 0.6587963104248047 0.02760416641831398 0.06203703582286835
0 0.3916666805744171 0.6412037014961243 0.03333333507180214 0.06574074178934097
0 0.5026041865348816 0.7324073910713196 0.01875000074505806 0.06851851940155029
0 0.3153645694255829 0.5106481313705444 0.02239583246409893 0.0694444477558136
0 0.35624998807907104 0.625 0.03020833246409893 0.06111111119389534