1 0.46406251192092896 0.8060185313224792 0.015625 0.028703704476356506
1 0.6177083253860474 0.47592592239379883 0.012500000186264515 0.025925925001502037
1 0.4104166626930237 0.8092592358589172 0.01770833320915699 0.025925925001502037
1 0.4281249940395355 0.7768518328666687 0.01875000074505806 0.031481482088565826
0 0.41848957538604736 0.8157407641410828 0.03489583358168602 0.040740739554166794
1 0.5424479246139526 0.8291666507720947 0.013020833022892475 0.02500000037252903
1 0.49296873807907104 0.8185185194015503 0.015104166232049465 0.031481482088565826
0 0.5549479126930237 0.8347222208976746 0.0338541679084301 0.037962961941957474
1 0.6127604246139526 0.7800925970077515 0.01614583283662796 0.026851851493120193
1 0.43359375 0.3324074149131775 0.01614583283662796 0.025925925001502037
1 0.4846354126930237 0.5967592597007751 0.015104166232049465 0.02500000037252903
1 0.5354166626930237 0.4833333194255829 0.01666666753590107 0.025925925001502037
0 0.4164062440395355 0.7722222208976746 0.04739583283662796 0.0555555559694767
1 0.6151041388511658 0.5805555582046509 0.014583333395421505 0.02777777798473835
0 0.6333333253860474 0.48379629850387573 0.04583333432674408 0.05833333358168602
0 0.6247395873069763 0.7708333134651184 0.03697916492819786 0.06018518656492233
0 0.4388020932674408 0.3106481432914734 0.02968749962747097 0.08425925672054291
0 0.4807291626930237 0.8060185313224792 0.04062499850988388 0.08055555820465088
0 0.4778645932674408 0.6185185313224792 0.03489583358168602 0.08148147910833359
0 0.62890625 0.5870370268821716 0.04635416716337204 0.06296296417713165
0 0.5322916507720947 0.5041666626930237 0.03333333507180214 0.09537036716938019