0 0.5572916865348816 0.41296297311782837 0.03437500074505806 0.05925925821065903
3 0.5463541746139526 0.46898147463798523 0.0572916679084301 0.06203703582286835
3 0.53515625 0.3569444417953491 0.03177083283662796 0.0694444477558136
0 0.5346354246139526 0.4819444417953491 0.03802083432674408 0.043518517166376114
0 0.5101562738418579 0.34398147463798523 0.03593749925494194 0.037962961941957474
3 0.4723958373069763 0.37962964177131653 0.03541666641831398 0.09814814478158951
1 0.7221354246139526 0.5805555582046509 0.01822916604578495 0.025925925001502037
0 0.5385416746139526 0.35277777910232544 0.02083333395421505 0.06481481343507767
1 0.5783854126930237 0.46990740299224854 0.01406249962747097 0.026851851493120193
1 0.5283854007720947 0.8597221970558167 0.01614583283662796 0.03055555559694767
0 0.59375 0.8504629731178284 0.03437500074505806 0.06203703582286835
1 0.48750001192092896 0.43796294927597046 0.015625 0.02777777798473835
1 0.5236979126930237 0.47592592239379883 0.015104166232049465 0.02777777798473835
1 0.6546875238418579 0.21759259700775146 0.014583333395421505 0.025925925001502037
3 0.510937511920929 0.37037035822868347 0.03333333507180214 0.10555555671453476
0 0.47473958134651184 0.34259259700775146 0.04010416567325592 0.03888889029622078
1 0.4528645873069763 0.8495370149612427 0.01718750037252903 0.032407406717538834
0 0.5049479007720947 0.3907407522201538 0.02552083320915699 0.06296296417713165
0 0.4703125059604645 0.39027777314186096 0.02395833283662796 0.0694444477558136
3 0.550000011920929 0.3791666626930237 0.04062499850988388 0.1101851835846901
0 0.49557292461395264 0.45370370149612427 0.03489583358168602 0.0555555559694767
0 0.5908854007720947 0.4842592477798462 0.03802083432674408 0.0555555559694767
0 0.7255208492279053 0.5625 0.03125 0.08055555820465088
0 0.4664062559604645 0.8564814925193787 0.05052083358168602 0.06111111119389534
0 0.6450520753860474 0.20648148655891418 0.03593749925494194 0.0555555559694767