1 0.4908854067325592 0.16111111640930176 0.01406249962747097 0.02222222276031971
0 0.5286458134651184 0.29629629850387573 0.03958333283662796 0.0555555559694767
1 0.5182291865348816 0.25648146867752075 0.015625 0.02777777798473835
1 0.5877603888511658 0.5009258985519409 0.01927083358168602 0.02777777798473835
3 0.5348958373069763 0.29120370745658875 0.05520833283662796 0.06388889253139496
1 0.38854166865348816 0.720370352268219 0.01666666753590107 0.02777777798473835
0 0.5601562261581421 0.28240740299224854 0.02968749962747097 0.0555555559694767
1 0.5705729126930237 0.26851850748062134 0.015104166232049465 0.025925925001502037
0 0.50390625 0.25740739703178406 0.04114583507180214 0.04444444552063942
1 0.6010416746139526 0.6189814805984497 0.01875000074505806 0.03055555559694767
1 0.614062488079071 0.7731481194496155 0.01770833320915699 0.029629629105329514
1 0.2890625 0.49861112236976624 0.01770833320915699 0.026851851493120193
1 0.3760416805744171 0.3601851761341095 0.01979166641831398 0.029629629105329514
1 0.42916667461395264 0.18472221493721008 0.015625 0.026851851493120193
1 0.6630208492279053 0.6666666865348816 0.01875000074505806 0.02777777798473835
1 0.5184895992279053 0.16296295821666718 0.01718750037252903 0.029629629105329514
0 0.66015625 0.6875 0.02968749962747097 0.06759259104728699
0 0.6057291626930237 0.792129635810852 0.03541666641831398 0.0694444477558136
0 0.5057291388511658 0.15833333134651184 0.0416666679084301 0.040740739554166794
0 0.44192707538604736 0.17083333432674408 0.03802083432674408 0.05648148059844971
0 0.596875011920929 0.4810185134410858 0.03541666641831398 0.0694444477558136
0 0.59375 0.5990740656852722 0.03854166716337204 0.07407407462596893
0 0.28723958134651184 0.47685185074806213 0.02864583395421505 0.0833333358168602
0 0.3736979067325592 0.3314814865589142 0.02760416641831398 0.09074074029922485
0 0.38593751192092896 0.6925926208496094 0.03125 0.09444444626569748