1 0.6484375 0.3092592656612396 0.01666666753590107 0.02777777798473835
0 0.45130208134651184 0.8685185313224792 0.05364583432674408 0.04444444552063942
0 0.4286458194255829 0.854629635810852 0.02500000037252903 0.040740739554166794
1 0.3296875059604645 0.27129629254341125 0.01666666753590107 0.020370369777083397
1 0.6682291626930237 0.3870370388031006 0.01666666753590107 0.025925925001502037
1 0.5252603888511658 0.3791666626930237 0.01718750037252903 0.026851851493120193
1 0.4463541805744171 0.8712962865829468 0.012500000186264515 0.025925925001502037
0 0.3098958432674408 0.31018519401550293 0.02916666679084301 0.05925925821065903
1 0.2864583432674408 0.5990740656852722 0.01770833320915699 0.02777777798473835
1 0.3044270873069763 0.33287036418914795 0.01614583283662796 0.021296296268701553
3 0.3244791626930237 0.28425925970077515 0.05937499925494194 0.11851851642131805
1 0.3838541805744171 0.8314814567565918 0.01354166679084301 0.024074073880910873
0 0.45703125 0.8773148059844971 0.0338541679084301 0.03611111268401146
3 0.3059895932674408 0.3560185134410858 0.03281249850988388 0.12870369851589203
1 0.5513020753860474 0.18287037312984467 0.015104166232049465 0.028703704476356506
0 0.3070312440395355 0.37638887763023376 0.02864583395421505 0.08611111342906952
0 0.33802083134651184 0.2527777850627899 0.03437500074505806 0.06111111119389534
0 0.3934895694255829 0.8374999761581421 0.0338541679084301 0.03981481492519379
0 0.6533854007720947 0.3263888955116272 0.02968749962747097 0.07870370149612427
0 0.671875 0.40416666865348816 0.03541666641831398 0.08425925672054291
0 0.2906250059604645 0.6226851940155029 0.02916666679084301 0.08425925672054291
0 0.526562511920929 0.3569444417953491 0.03020833246409893 0.09166666865348816
0 0.47473958134651184 0.1615740805864334 0.03281249850988388 0.06574074178934097
0 0.5635416507720947 0.1893518567085266 0.0416666679084301 0.06018518656492233