1 0.4007812440395355 0.4407407343387604 0.01927083358168602 0.02777777798473835
1 0.586718738079071 0.8050925731658936 0.015104166232049465 0.028703704476356506
1 0.40026041865348816 0.7319444417953491 0.01614583283662796 0.026851851493120193
0 0.38619792461395264 0.7324073910713196 0.04739583283662796 0.04259259253740311
3 0.37838542461395264 0.7550926208496094 0.05572916567325592 0.07129629701375961
1 0.359375 0.7495370507240295 0.015625 0.02500000037252903
1 0.35494792461395264 0.6986111402511597 0.01614583283662796 0.028703704476356506
1 0.36640626192092896 0.47962963581085205 0.02031249925494194 0.029629629105329514
1 0.6354166865348816 0.3523148000240326 0.01770833320915699 0.026851851493120193
1 0.5179687738418579 0.706944465637207 0.01614583283662796 0.028703704476356506
1 0.37682291865348816 0.6703703999519348 0.01614583283662796 0.029629629105329514
1 0.6994791626930237 0.42314815521240234 0.01875000074505806 0.02777777798473835
0 0.36901041865348816 0.7634259462356567 0.03489583358168602 0.05833333358168602
1 0.4934895932674408 0.14953704178333282 0.015104166232049465 0.03055555559694767
0 0.5666666626930237 0.8175926208496094 0.03229166567325592 0.04444444552063942
0 0.703125 0.44583332538604736 0.02916666679084301 0.0824074074625969
0 0.4013020694255829 0.46388888359069824 0.0338541679084301 0.09814814478158951
0 0.34453123807907104 0.6814814805984497 0.0338541679084301 0.07037036865949631
0 0.3684895932674408 0.45370370149612427 0.02864583395421505 0.09814814478158951
0 0.5106770992279053 0.7287036776542664 0.03697916492819786 0.08518518507480621
0 0.3903645873069763 0.6847222447395325 0.04114583507180214 0.06759259104728699
0 0.6312500238418579 0.3282407522201538 0.03020833246409893 0.09166666865348816
0 0.6619791388511658 0.2736110985279083 0.03437500074505806 0.06203703582286835
0 0.47994792461395264 0.14861111342906952 0.04635416716337204 0.06018518656492233