1 0.5263020992279053 0.8606481552124023 0.015104166232049465 0.02500000037252903
0 0.5416666865348816 0.41712963581085205 0.03333333507180214 0.04537037014961243
3 0.5151041746139526 0.4819444417953491 0.04791666567325592 0.09351851791143417
0 0.5424479246139526 0.36342594027519226 0.03177083283662796 0.05277777835726738
1 0.5 0.5162037014961243 0.01770833320915699 0.026851851493120193
3 0.5440104007720947 0.4555555582046509 0.0651041641831398 0.07592592388391495
1 0.5200520753860474 0.46388888359069824 0.01927083358168602 0.035185184329748154
0 0.5023437738418579 0.49259260296821594 0.01927083358168602 0.07222222536802292
3 0.5440104007720947 0.38240739703178406 0.04114583507180214 0.11481481790542603
1 0.4424479305744171 0.8337963223457336 0.01614583283662796 0.02500000037252903
1 0.7210937738418579 0.5675926208496094 0.01718750037252903 0.025925925001502037
1 0.44218748807907104 0.7412037253379822 0.01770833320915699 0.02500000037252903
1 0.4221354126930237 0.25 0.01718750037252903 0.03333333507180214
1 0.48229166865348816 0.5050926208496094 0.015625 0.02500000037252903
0 0.43932291865348816 0.7611111402511597 0.02968749962747097 0.07777778059244156
3 0.530468761920929 0.3393518626689911 0.05260416492819786 0.10462962836027145
0 0.5184895992279053 0.3166666626930237 0.02864583395421505 0.05925925821065903
0 0.4505208432674408 0.8513888716697693 0.03854166716337204 0.06759259104728699
0 0.4690104126930237 0.5148147940635681 0.04010416567325592 0.0555555559694767
0 0.7231770753860474 0.5504629611968994 0.02968749962747097 0.08611111342906952
0 0.5619791746139526 0.7972221970558167 0.04479166492819786 0.06666667014360428
0 0.4088541567325592 0.24166665971279144 0.04895833507180214 0.07037036865949631
0 0.6552083492279053 0.21064814925193787 0.03333333507180214 0.06203703582286835