1 0.3122395873069763 0.41712963581085205 0.01822916604578495 0.026851851493120193
1 0.3135416805744171 0.4287036955356598 0.01770833320915699 0.02777777798473835
1 0.5380208492279053 0.3231481611728668 0.01875000074505806 0.029629629105329514
1 0.34453123807907104 0.3125 0.015104166232049465 0.02500000037252903
1 0.3541666567325592 0.4583333432674408 0.01770833320915699 0.029629629105329514
1 0.4114583432674408 0.5703703761100769 0.01770833320915699 0.031481482088565826
1 0.6075521111488342 0.772685170173645 0.01822916604578495 0.026851851493120193
1 0.6361979246139526 0.35740742087364197 0.01822916604578495 0.02777777798473835
0 0.3531250059604645 0.29722222685813904 0.03750000149011612 0.06481481343507767
1 0.3817708194255829 0.7300925850868225 0.01770833320915699 0.026851851493120193
0 0.3609375059604645 0.24351851642131805 0.02604166604578495 0.05370370298624039
0 0.3111979067325592 0.3967592716217041 0.02864583395421505 0.06574074178934097
3 0.3552083373069763 0.27407407760620117 0.03750000149011612 0.10370370000600815
0 0.30937498807907104 0.45694443583488464 0.03020833246409893 0.07129629701375961
0 0.604687511920929 0.7907407283782959 0.04791666567325592 0.06851851940155029
0 0.41979166865348816 0.5902777910232544 0.04479166492819786 0.08981481194496155
0 0.5489583611488342 0.34074074029922485 0.04270833358168602 0.0833333358168602
0 0.3502604067325592 0.47777777910232544 0.0442708320915699 0.08888889104127884
0 0.6333333253860474 0.3324074149131775 0.03229166567325592 0.09444444626569748
0 0.3851562440395355 0.7537037134170532 0.03593749925494194 0.08703703433275223
0 0.5380208492279053 0.14861111342906952 0.02916666679084301 0.05092592537403107