1 0.5796874761581421 0.2013888955116272 0.01770833320915699 0.032407406717538834
0 0.628125011920929 0.7564814686775208 0.02916666679084301 0.0555555559694767
1 0.3526041805744171 0.7824074029922485 0.014583333395421505 0.024074073880910873
0 0.6026041507720947 0.7976852059364319 0.03437500074505806 0.05462963134050369
1 0.6291666626930237 0.6333333253860474 0.01354166679084301 0.024074073880910873
1 0.3890624940395355 0.8347222208976746 0.014583333395421505 0.026851851493120193
1 0.4338541626930237 0.3490740656852722 0.01770833320915699 0.029629629105329514
1 0.3057291805744171 0.4513888955116272 0.01666666753590107 0.023148147389292717
1 0.4789062440395355 0.7666666507720947 0.01614583283662796 0.029629629105329514
1 0.5406249761581421 0.17870371043682098 0.01666666753590107 0.031481482088565826
1 0.4463541805744171 0.15925925970077515 0.015625 0.029629629105329514
1 0.66015625 0.572685182094574 0.01614583283662796 0.023148147389292717
0 0.34453123807907104 0.7638888955116272 0.03281249850988388 0.07407407462596893
0 0.5518229007720947 0.1805555522441864 0.03697916492819786 0.04259259253740311
0 0.5 0.8430555462837219 0.02604166604578495 0.06574074178934097
0 0.37942707538604736 0.8277778029441833 0.03072916716337204 0.046296294778585434
3 0.61328125 0.7722222208976746 0.0598958320915699 0.08888889104127884
0 0.5903645753860474 0.21388888359069824 0.03489583358168602 0.0555555559694767
0 0.6638020873069763 0.5509259104728699 0.02968749962747097 0.07222222536802292
0 0.4424479305744171 0.36342594027519226 0.03281249850988388 0.06759259104728699
0 0.31197917461395264 0.4263888895511627 0.03125 0.0824074074625969
0 0.6369791626930237 0.6222222447395325 0.03333333507180214 0.051851850003004074
0 0.45651042461395264 0.15416666865348816 0.0390625 0.06018518656492233
0 0.4677083194255829 0.7805555462837219 0.04270833358168602 0.06481481343507767