0 0.6643518805503845 0.2999213933944702 0.04722222313284874 0.04323899373412132
3 0.3643518388271332 0.2566823959350586 0.05092592537403107 0.06525157392024994
3 0.41527777910232544 0.3624213933944702 0.07129629701375961 0.05817610025405884
1 0.35462963581085205 0.31721699237823486 0.04259259253740311 0.02279874123632908
1 0.3375000059604645 0.48427674174308777 0.026851851493120193 0.01886792480945587
4 0.33379629254341125 0.3262578547000885 0.06388889253139496 0.04088050499558449
1 0.1319444477558136 0.4036949574947357 0.032407406717538834 0.02437106892466545
3 0.15648147463798523 0.4111635088920593 0.0962962955236435 0.06446541100740433
1 0.37546294927597046 0.30817610025405884 0.034259259700775146 0.02358490601181984
1 0.2717592716217041 0.4595125913619995 0.028703704476356506 0.021226415410637856
0 0.3004629611968994 0.4241352081298828 0.03981481492519379 0.03537735715508461
0 0.40833333134651184 0.24882075190544128 0.07407407462596893 0.03380503132939339
0 0.35879629850387573 0.25943395495414734 0.043518517166376114 0.06446541100740433
3 0.40046295523643494 0.29441824555397034 0.08611111342906952 0.049528300762176514
1 0.6930555701255798 0.26690250635147095 0.028703704476356506 0.019654087722301483
3 0.30000001192092896 0.409984290599823 0.04444444552063942 0.07940251380205154
0 0.41296297311782837 0.28852200508117676 0.07037036865949631 0.03773584961891174
1 0.26157405972480774 0.46147799491882324 0.03055555559694767 0.022012578323483467
3 0.29027777910232544 0.4445754587650299 0.0694444477558136 0.07154087722301483
1 0.1509259194135666 0.2845911979675293 0.031481482088565826 0.026729559525847435
0 0.2439814805984497 0.4783805012702942 0.05833333358168602 0.03537735715508461
1 0.36250001192092896 0.23860062658786774 0.032407406717538834 0.02279874123632908
0 0.6754629611968994 0.2904874086380005 0.06388889253139496 0.06682389974594116
1 0.4342592656612396 0.25275155901908875 0.02777777798473835 0.02279874123632908
1 0.3083333373069763 0.30306604504585266 0.029629629105329514 0.021226415410637856
1 0.27546295523643494 0.5621069073677063 0.032407406717538834 0.025157231837511063
0 0.4157407283782959 0.36320754885673523 0.07037036865949631 0.05817610025405884
3 0.26435184478759766 0.4567610025405884 0.09537036716938019 0.07547169923782349
1 0.2537037134170532 0.14897798001766205 0.031481482088565826 0.02437106892466545
1 0.11898148059844971 0.43278300762176514 0.03055555559694767 0.02437106892466545
1 0.30787035822868347 0.5224056839942932 0.032407406717538834 0.02279874123632908
1 0.3986110985279083 0.3808962404727936 0.03055555559694767 0.021226415410637856
1 0.635185182094574 0.49056604504585266 0.03333333507180214 0.02358490601181984
1 0.7652778029441833 0.5055031180381775 0.032407406717538834 0.026729559525847435
0 0.12824073433876038 0.4158805012702942 0.05277777835726738 0.05974842607975006
0 0.28518518805503845 0.28694969415664673 0.07222222536802292 0.050314463675022125
0 0.3212963044643402 0.5043238997459412 0.06111111119389534 0.057389937341213226
0 0.645370364189148 0.5172955989837646 0.05740740895271301 0.07389937341213226
0 0.25833332538604736 0.544418215751648 0.06666667014360428 0.062106918543577194
0 0.23101851344108582 0.1666666716337204 0.07685185223817825 0.069182388484478
0 0.7444444298744202 0.5247641801834106 0.07777778059244156 0.06525157392024994
0 0.1648148149251938 0.29677674174308777 0.07037036865949631 0.057389937341213226