3 0.47213542461395264 0.6421296000480652 0.02968749962747097 0.11944444477558136
1 0.4713541567325592 0.6708333492279053 0.014583333395421505 0.021296296268701553
1 0.2841145694255829 0.4236111044883728 0.01718750037252903 0.026851851493120193
0 0.5526041388511658 0.7421296238899231 0.03020833246409893 0.06759259104728699
1 0.43697917461395264 0.7731481194496155 0.014583333395421505 0.020370369777083397
0 0.5721353888511658 0.8046296238899231 0.02031249925494194 0.05000000074505806
0 0.4830729067325592 0.6949074268341064 0.04114583507180214 0.07129629701375961
3 0.4815104305744171 0.6916666626930237 0.04531250149011612 0.08148147910833359
1 0.546875 0.7277777791023254 0.014583333395421505 0.024074073880910873
0 0.2809895873069763 0.43518519401550293 0.02760416641831398 0.06296296417713165
1 0.4658854305744171 0.5958333611488342 0.01718750037252903 0.02500000037252903
1 0.39010417461395264 0.19629628956317902 0.01354166679084301 0.02777777798473835
1 0.5643228888511658 0.1875 0.015104166232049465 0.028703704476356506
3 0.2783854305744171 0.4712963104248047 0.02760416641831398 0.13148148357868195
1 0.3864583373069763 0.4851851761341095 0.015625 0.029629629105329514
0 0.46692708134651184 0.6175925731658936 0.02239583246409893 0.07407407462596893
1 0.4528645873069763 0.17129629850387573 0.01614583283662796 0.03333333507180214
1 0.6216145753860474 0.4185185134410858 0.01406249962747097 0.02777777798473835
0 0.2776041626930237 0.5055555701255798 0.02187499962747097 0.07407407462596893
0 0.43567708134651184 0.7865740656852722 0.0234375 0.05648148059844971
3 0.5609375238418579 0.769444465637207 0.03854166716337204 0.1111111119389534
0 0.6312500238418579 0.43009260296821594 0.04062499850988388 0.0694444477558136
0 0.3973958194255829 0.47361111640930176 0.04270833358168602 0.06759259104728699
0 0.4401041567325592 0.17037037014961243 0.046875 0.05740740895271301
0 0.6382812261581421 0.3611111044883728 0.0390625 0.05925925821065903
0 0.5531250238418579 0.17777778208255768 0.03958333283662796 0.06111111119389534
0 0.3799479305744171 0.20000000298023224 0.03593749925494194 0.051851850003004074