4 0.5666666626930237 0.6662036776542664 0.04895833507180214 0.08796296268701553
1 0.3544270694255829 0.6944444179534912 0.01718750037252903 0.02777777798473835
0 0.5666666626930237 0.6638888716697693 0.04791666567325592 0.08518518507480621
0 0.508593738079071 0.6861110925674438 0.04322916641831398 0.07777778059244156
1 0.30130207538604736 0.6212962865829468 0.01822916604578495 0.02777777798473835
1 0.3291666805744171 0.5759259462356567 0.01666666753590107 0.025925925001502037
0 0.30000001192092896 0.550000011920929 0.03125 0.06851851940155029
1 0.6200520992279053 0.2481481432914734 0.01406249962747097 0.02777777798473835
1 0.4932291805744171 0.7124999761581421 0.015625 0.026851851493120193
1 0.6075521111488342 0.5259259343147278 0.015104166232049465 0.03333333507180214
1 0.5520833134651184 0.6842592358589172 0.01770833320915699 0.029629629105329514
1 0.4312500059604645 0.7486110925674438 0.014583333395421505 0.028703704476356506
0 0.2916666567325592 0.489814817905426 0.02500000037252903 0.05740740895271301
0 0.3023437559604645 0.6393518447875977 0.02656250074505806 0.06203703582286835
0 0.3239583373069763 0.706944465637207 0.02812499925494194 0.05833333358168602
3 0.29374998807907104 0.5231481194496155 0.03229166567325592 0.11666666716337204
0 0.3630208373069763 0.7120370268821716 0.03333333507180214 0.06851851940155029
0 0.33776041865348816 0.552314817905426 0.0338541679084301 0.06759259104728699
0 0.3395833373069763 0.6231481432914734 0.0364583320915699 0.05925925821065903
0 0.6294270753860474 0.2597222328186035 0.03593749925494194 0.06759259104728699
0 0.6192708611488342 0.519444465637207 0.04895833507180214 0.07037036865949631
0 0.4427083432674408 0.7384259104728699 0.04479166492819786 0.06574074178934097