1 0.4541666805744171 0.8592592477798462 0.012500000186264515 0.025925925001502037
3 0.4320312440395355 0.6745370626449585 0.05260416492819786 0.08796296268701553
1 0.5645833611488342 0.7208333611488342 0.015625 0.026851851493120193
1 0.6794270873069763 0.5912036895751953 0.02031249925494194 0.03055555559694767
1 0.3317708373069763 0.7509258985519409 0.015625 0.024074073880910873
0 0.42890626192092896 0.677314817905426 0.04635416716337204 0.0824074074625969
1 0.35546875 0.5925925970077515 0.01718750037252903 0.025925925001502037
1 0.5453125238418579 0.18333333730697632 0.01770833320915699 0.031481482088565826
1 0.41484373807907104 0.6939814686775208 0.01406249962747097 0.026851851493120193
1 0.3567708432674408 0.23194444179534912 0.015625 0.03055555559694767
1 0.45781248807907104 0.6759259104728699 0.01770833320915699 0.02777777798473835
1 0.44921875 0.17546296119689941 0.01822916604578495 0.032407406717538834
0 0.45364582538604736 0.654629647731781 0.02812499925494194 0.06851851940155029
0 0.3721354305744171 0.6643518805503845 0.02968749962747097 0.05092592537403107
0 0.30807292461395264 0.6958333253860474 0.02864583395421505 0.04722222313284874
0 0.6781250238418579 0.572685182094574 0.03541666641831398 0.08981481194496155
0 0.3518229126930237 0.6115740537643433 0.02864583395421505 0.0824074074625969
0 0.3401041626930237 0.7671296000480652 0.0364583320915699 0.0694444477558136
0 0.5739583373069763 0.7027778029441833 0.03854166716337204 0.07592592388391495
0 0.34453123807907104 0.23935185372829437 0.04010416567325592 0.06574074178934097
0 0.5325520634651184 0.17175926268100739 0.04531250149011612 0.06388889253139496
0 0.4385416805744171 0.18518517911434174 0.04270833358168602 0.06666667014360428
0 0.4638020694255829 0.862500011920929 0.03697916492819786 0.06388889253139496