0 0.6450520753860474 0.7199074029922485 0.0234375 0.0416666679084301
1 0.4609375 0.800000011920929 0.01145833358168602 0.029629629105329514
0 0.33385416865348816 0.2532407343387604 0.04270833358168602 0.08425925672054291
0 0.3424479067325592 0.24537037312984467 0.02552083320915699 0.05370370298624039
1 0.5192708373069763 0.8712962865829468 0.015625 0.024074073880910873
1 0.46666666865348816 0.864814817905426 0.01354166679084301 0.024074073880910873
0 0.43359375 0.8541666865348816 0.03593749925494194 0.03055555559694767
0 0.5333333611488342 0.8407407402992249 0.03854166716337204 0.0555555559694767
3 0.6252604126930237 0.3888888955116272 0.07968749850988388 0.05000000074505806
1 0.6307291388511658 0.3907407522201538 0.015625 0.031481482088565826
1 0.3414062559604645 0.27129629254341125 0.013020833022892475 0.029629629105329514
1 0.5005208253860474 0.8805555701255798 0.015625 0.02777777798473835
0 0.5218750238418579 0.8342592716217041 0.03437500074505806 0.03703703731298447
0 0.4359374940395355 0.8189814686775208 0.03958333283662796 0.05648148059844971
0 0.4763020873069763 0.7958333492279053 0.03072916716337204 0.034259259700775146
0 0.3213541805744171 0.28333333134651184 0.02916666679084301 0.046296294778585434
1 0.5869791507720947 0.3916666805744171 0.01666666753590107 0.029629629105329514
0 0.1380208283662796 0.22268518805503845 0.02708333358168602 0.0416666679084301
0 0.5994791388511658 0.39537036418914795 0.04270833358168602 0.05370370298624039
1 0.647656261920929 0.7166666388511658 0.01822916604578495 0.031481482088565826
1 0.31640625 0.29212963581085205 0.01927083358168602 0.032407406717538834
0 0.641406238079071 0.385185182094574 0.03593749925494194 0.051851850003004074
1 0.3971354067325592 0.16527777910232544 0.01614583283662796 0.028703704476356506
3 0.3307291567325592 0.260185182094574 0.05000000074505806 0.0962962955236435
1 0.547656238079071 0.2874999940395355 0.01614583283662796 0.032407406717538834
0 0.6195312738418579 0.7611111402511597 0.02239583246409893 0.046296294778585434
1 0.6716145873069763 0.38842591643333435 0.01614583283662796 0.03055555559694767
0 0.3721354305744171 0.2430555522441864 0.03802083432674408 0.05462963134050369
0 0.5375000238418579 0.2750000059604645 0.0416666679084301 0.07222222536802292
0 0.6815103888511658 0.3787037134170532 0.03177083283662796 0.06481481343507767
3 0.6312500238418579 0.7439814805984497 0.05104166641831398 0.0972222238779068
0 0.4072916805744171 0.15138888359069824 0.04062499850988388 0.06018518656492233