0 0.44583332538604736 0.2075471729040146 0.026851851493120193 0.026729559525847435
0 0.37268519401550293 0.27987420558929443 0.037962961941957474 0.02987421303987503
1 0.09259258955717087 0.4186320900917053 0.03333333507180214 0.02437106892466545
0 0.3291666805744171 0.2496069222688675 0.06574074178934097 0.057389937341213226
0 0.34398147463798523 0.34944969415664673 0.07870370149612427 0.05267295613884926
0 0.5365740656852722 0.2582547068595886 0.037962961941957474 0.027515722438693047
4 0.3462963104248047 0.35102200508117676 0.07407407462596893 0.05267295613884926
3 0.34166666865348816 0.2629716992378235 0.08148147910833359 0.07311321049928665
0 0.6439814567565918 0.3180031478404999 0.037962961941957474 0.032232705503702164
0 0.5550925731658936 0.30149370431900024 0.04722222313284874 0.06525157392024994
0 0.4800925850868225 0.21187107264995575 0.08981481194496155 0.044811319559812546
3 0.8106481432914734 0.5279088020324707 0.06203703582286835 0.06839622557163239
0 0.8106481432914734 0.5279088020324707 0.06388889253139496 0.07154087722301483
1 0.5402777791023254 0.26218554377555847 0.028703704476356506 0.021226415410637856
1 0.6462963223457336 0.3125 0.02777777798473835 0.01808176189661026
1 0.6958333253860474 0.41352200508117676 0.03055555559694767 0.026729559525847435
3 0.5541666746139526 0.2987421452999115 0.05277777835726738 0.069182388484478
0 0.20879629254341125 0.31014150381088257 0.03981481492519379 0.03537735715508461
1 0.8222222328186035 0.5066823959350586 0.03333333507180214 0.021226415410637856
1 0.44490739703178406 0.20715409517288208 0.023148147389292717 0.019654087722301483
1 0.42500001192092896 0.5605345964431763 0.02777777798473835 0.026729559525847435
1 0.36666667461395264 0.339229553937912 0.029629629105329514 0.021226415410637856
1 0.8037037253379822 0.45322325825691223 0.031481482088565826 0.02437106892466545
1 0.1101851835846901 0.2987421452999115 0.031481482088565826 0.028301887214183807
1 0.15509259700775146 0.5102201104164124 0.034259259700775146 0.025157231837511063
1 0.0773148164153099 0.446540892124176 0.03055555559694767 0.02358490601181984
1 0.3361110985279083 0.23231132328510284 0.031481482088565826 0.019654087722301483
1 0.20555555820465088 0.3557389974594116 0.03703703731298447 0.025943396613001823
1 0.5541666746139526 0.3195754587650299 0.028703704476356506 0.01808176189661026
0 0.5092592835426331 0.2570754587650299 0.0833333358168602 0.039308175444602966
1 0.33657407760620117 0.5141509175300598 0.032407406717538834 0.025157231837511063
0 0.3898148238658905 0.5656446814537048 0.09444444626569748 0.049528300762176514
0 0.21851852536201477 0.3812893033027649 0.06666667014360428 0.07547169923782349
0 0.6319444179534912 0.34316039085388184 0.06574074178934097 0.07468553632497787
0 0.8171296119689941 0.46933960914611816 0.06388889253139496 0.05974842607975006
0 0.7166666388511658 0.41902515292167664 0.08703703433275223 0.05345911905169487
0 0.31805557012557983 0.4937106966972351 0.07870370149612427 0.06761006265878677
0 0.1458333283662796 0.48860064148902893 0.05648148059844971 0.06996855139732361
0 0.0833333358168602 0.4319968521595001 0.06111111119389534 0.06367924809455872
0 0.12083332985639572 0.3073899447917938 0.06574074178934097 0.056603774428367615