0 0.45625001192092896 0.8819444179534912 0.06041666492819786 0.05833333358168602
0 0.4778645932674408 0.885185182094574 0.02447916753590107 0.04814814776182175
0 0.5921875238418579 0.3162037134170532 0.046875 0.07870370149612427
3 0.6346353888511658 0.27824074029922485 0.03281249850988388 0.07500000298023224
0 0.6343749761581421 0.27731481194496155 0.03020833246409893 0.07314814627170563
1 0.6432291865348816 0.25740739703178406 0.01770833320915699 0.02777777798473835
1 0.5856770873069763 0.2995370328426361 0.01614583283662796 0.02500000037252903
1 0.5606771111488342 0.37546294927597046 0.01614583283662796 0.026851851493120193
1 0.30807292461395264 0.35277777910232544 0.01718750037252903 0.020370369777083397
1 0.3348958194255829 0.7337962985038757 0.012500000186264515 0.02500000037252903
0 0.45234376192092896 0.8032407164573669 0.03072916716337204 0.0694444477558136
0 0.4398437440395355 0.8481481671333313 0.04218750074505806 0.12222222238779068
1 0.6505208611488342 0.4819444417953491 0.015625 0.03055555559694767
3 0.5955728888511658 0.307407408952713 0.05364583432674408 0.0833333358168602
1 0.4856770932674408 0.7513889074325562 0.01614583283662796 0.032407406717538834
1 0.6536458134651184 0.5384259223937988 0.01666666753590107 0.023148147389292717
1 0.6986979246139526 0.3819444477558136 0.01718750037252903 0.026851851493120193
0 0.31041666865348816 0.33287036418914795 0.02812499925494194 0.06759259104728699
0 0.7049478888511658 0.3967592716217041 0.0338541679084301 0.07500000298023224
0 0.5815104246139526 0.3273148238658905 0.02760416641831398 0.05833333358168602
0 0.5536458492279053 0.39351850748062134 0.03333333507180214 0.06666667014360428
0 0.653124988079071 0.5638889074325562 0.03229166567325592 0.08148147910833359
0 0.32630208134651184 0.7259259223937988 0.0338541679084301 0.06481481343507767
0 0.6614583134651184 0.4939814805984497 0.0416666679084301 0.06388889253139496
0 0.5005208253860474 0.7620370388031006 0.0520833320915699 0.07037036865949631