0 0.5490740537643433 0.2912735939025879 0.040740739554166794 0.03066037781536579
0 0.34583333134651184 0.3529874086380005 0.07129629701375961 0.0487421378493309
1 0.5490740537643433 0.29441824555397034 0.03703703731298447 0.02279874123632908
1 0.5449073910713196 0.3608490526676178 0.032407406717538834 0.022012578323483467
4 0.3421296179294586 0.3561320900917053 0.07685185223817825 0.056603774428367615
0 0.5324074029922485 0.2779088020324707 0.06481481343507767 0.049528300762176514
1 0.20185184478759766 0.3136792480945587 0.024074073880910873 0.020440252497792244
1 0.364814817905426 0.3463050425052643 0.02777777798473835 0.01808176189661026
0 0.4791666567325592 0.22484277188777924 0.08981481194496155 0.04559748247265816
3 0.5259259343147278 0.2794811427593231 0.08518518507480621 0.057389937341213226
3 0.3444444537162781 0.28734275698661804 0.08888889104127884 0.055817611515522
1 0.3708333373069763 0.2983490526676178 0.026851851493120193 0.019654087722301483
1 0.32499998807907104 0.24528302252292633 0.035185184329748154 0.022012578323483467
1 0.08796296268701553 0.4233490526676178 0.03333333507180214 0.02437106892466545
0 0.21250000596046448 0.3187893033027649 0.05092592537403107 0.04009433835744858
1 0.7351852059364319 0.4807389974594116 0.031481482088565826 0.02279874123632908
1 0.0754629597067833 0.45518869161605835 0.032407406717538834 0.025157231837511063
1 0.6967592835426331 0.42610064148902893 0.03055555559694767 0.022012578323483467
3 0.5476852059364319 0.32389935851097107 0.049074072390794754 0.0833333358168602
1 0.4208333194255829 0.571540892124176 0.03611111268401146 0.034591194242239
1 0.44490739703178406 0.21658805012702942 0.028703704476356506 0.021226415410637856
1 0.19768518209457397 0.3620283007621765 0.03611111268401146 0.025943396613001823
1 0.3583333194255829 0.5420597195625305 0.035185184329748154 0.021226415410637856
1 0.1546296328306198 0.5161163806915283 0.035185184329748154 0.027515722438693047
1 0.10324074327945709 0.3050314486026764 0.03055555559694767 0.026729559525847435
0 0.5444444417953491 0.3411949574947357 0.04814814776182175 0.06761006265878677
1 0.6282407641410828 0.3738207519054413 0.032407406717538834 0.02437106892466545
0 0.34351852536201477 0.5196540951728821 0.06111111119389534 0.06446541100740433
1 0.6458333134651184 0.30778300762176514 0.028703704476356506 0.021226415410637856
0 0.6259258985519409 0.3270440399646759 0.07037036865949631 0.06446541100740433
0 0.21296297013759613 0.3887578547000885 0.06666667014360428 0.06996855139732361
0 0.6458333134651184 0.38718554377555847 0.07129629701375961 0.051100630313158035
0 0.14398148655891418 0.4948899447917938 0.05277777835726738 0.06996855139732361
0 0.7587962746620178 0.4941037595272064 0.08055555820465088 0.051100630313158035
0 0.707870364189148 0.44221699237823486 0.05277777835726738 0.04638364911079407
0 0.08148147910833359 0.43946540355682373 0.05925925821065903 0.0628930851817131
0 0.11527777463197708 0.3140723407268524 0.06759259104728699 0.055817611515522