0 0.4010416567325592 0.7916666865348816 0.03229166567325592 0.05000000074505806
1 0.47213542461395264 0.7407407164573669 0.01406249962747097 0.029629629105329514
1 0.4479166567325592 0.772685170173645 0.014583333395421505 0.023148147389292717
0 0.32369792461395264 0.6310185194015503 0.02656250074505806 0.05277777835726738
0 0.5955728888511658 0.8486111164093018 0.03593749925494194 0.05462963134050369
3 0.41223958134651184 0.792129635810852 0.0598958320915699 0.05648148059844971
0 0.4817708432674408 0.7407407164573669 0.03541666641831398 0.04259259253740311
1 0.5276041626930237 0.8587962985038757 0.014583333395421505 0.02500000037252903
0 0.3375000059604645 0.6652777791023254 0.04583333432674408 0.11574073880910873
1 0.3229166567325592 0.6226851940155029 0.02187499962747097 0.032407406717538834
1 0.44192707538604736 0.8342592716217041 0.01614583283662796 0.025925925001502037
0 0.44713541865348816 0.7509258985519409 0.02968749962747097 0.06296296417713165
1 0.5260416865348816 0.34490740299224854 0.01770833320915699 0.028703704476356506
3 0.4390625059604645 0.7662037014961243 0.04791666567325592 0.08611111342906952
1 0.7096354365348816 0.3620370328426361 0.01822916604578495 0.02222222276031971
3 0.38749998807907104 0.770370364189148 0.06354166567325592 0.07592592388391495
1 0.50390625 0.737500011920929 0.01197916641831398 0.028703704476356506
0 0.42916667461395264 0.793055534362793 0.03020833246409893 0.03611111268401146
0 0.37109375 0.7620370388031006 0.02968749962747097 0.05370370298624039
1 0.36666667461395264 0.7495370507240295 0.01875000074505806 0.03055555559694767
1 0.6151041388511658 0.6819444298744202 0.01770833320915699 0.03055555559694767
3 0.33515626192092896 0.6601851582527161 0.05156249925494194 0.11481481790542603
0 0.5184895992279053 0.7291666865348816 0.0390625 0.05462963134050369
0 0.3450520932674408 0.6837962865829468 0.02968749962747097 0.0694444477558136
0 0.5190104246139526 0.3245370388031006 0.0338541679084301 0.08055555820465088
0 0.4518229067325592 0.8532407283782959 0.03489583358168602 0.06018518656492233
0 0.7088541388511658 0.3342592716217041 0.02708333358168602 0.07222222536802292
0 0.6195312738418579 0.7046296000480652 0.0338541679084301 0.08518518507480621
0 0.7239583134651184 0.5606481432914734 0.03125 0.07129629701375961