1 0.4950520694255829 0.7851851582527161 0.013020833022892475 0.02222222276031971
1 0.40442708134651184 0.7833333611488342 0.01718750037252903 0.02222222276031971
0 0.6059895753860474 0.5800926089286804 0.04114583507180214 0.08981481194496155
1 0.4768229126930237 0.7870370149612427 0.01406249962747097 0.029629629105329514
3 0.4156250059604645 0.7856481671333313 0.04895833507180214 0.09907407313585281
1 0.33385416865348816 0.7300925850868225 0.014583333395421505 0.026851851493120193
1 0.6031249761581421 0.5874999761581421 0.015625 0.03055555559694767
0 0.4177083373069763 0.7509258985519409 0.04791666567325592 0.046296294778585434
1 0.3083333373069763 0.3523148000240326 0.01770833320915699 0.01944444514811039
1 0.6664062738418579 0.7439814805984497 0.01614583283662796 0.03055555559694767
1 0.43307292461395264 0.7583333253860474 0.013020833022892475 0.025925925001502037
1 0.40026041865348816 0.7250000238418579 0.01718750037252903 0.02222222276031971
1 0.44583332538604736 0.6606481671333313 0.014583333395421505 0.03055555559694767
1 0.4984374940395355 0.7384259104728699 0.01770833320915699 0.026851851493120193
1 0.616406261920929 0.5504629611968994 0.01822916604578495 0.026851851493120193
0 0.32604166865348816 0.7236111164093018 0.03229166567325592 0.06388889253139496
0 0.4989583194255829 0.7583333253860474 0.02500000037252903 0.07962962985038757
1 0.4322916567325592 0.8606481552124023 0.01666666753590107 0.023148147389292717
0 0.6195312738418579 0.5717592835426331 0.02656250074505806 0.09166666865348816
0 0.39661458134651184 0.7041666507720947 0.03177083283662796 0.06759259104728699
1 0.600781261920929 0.2708333432674408 0.01927083358168602 0.034259259700775146
0 0.31067708134651184 0.33287036418914795 0.02864583395421505 0.0694444477558136
0 0.40807291865348816 0.8041666746139526 0.02968749962747097 0.06574074178934097
0 0.4645833373069763 0.7939814925193787 0.0416666679084301 0.049074072390794754
0 0.43828123807907104 0.8782407641410828 0.03177083283662796 0.06759259104728699
0 0.5893229246139526 0.5967592597007751 0.04010416567325592 0.06574074178934097
0 0.675000011920929 0.729629635810852 0.03854166716337204 0.07962962985038757
0 0.4322916567325592 0.654629647731781 0.04583333432674408 0.06851851940155029
0 0.614062488079071 0.2611111104488373 0.04791666567325592 0.06481481343507767