1 0.5033854246139526 0.3004629611968994 0.01822916604578495 0.03055555559694767
1 0.49427083134651184 0.792129635810852 0.015625 0.028703704476356506
0 0.518750011920929 0.7925925850868225 0.02083333395421505 0.03888889029622078
1 0.4481770694255829 0.1726851910352707 0.01822916604578495 0.028703704476356506
1 0.47265625 0.5550925731658936 0.01614583283662796 0.034259259700775146
1 0.4260416626930237 0.18518517911434174 0.01354166679084301 0.025925925001502037
1 0.5354166626930237 0.1865740716457367 0.01770833320915699 0.02500000037252903
1 0.6255208253860474 0.7347221970558167 0.015625 0.023148147389292717
1 0.5979166626930237 0.789814829826355 0.015625 0.02777777798473835
1 0.3890624940395355 0.8027777671813965 0.014583333395421505 0.025925925001502037
0 0.5257812738418579 0.8032407164573669 0.03489583358168602 0.0694444477558136
0 0.4479166567325592 0.16203702986240387 0.02395833283662796 0.04814814776182175
1 0.6122395992279053 0.4680555462837219 0.01822916604578495 0.03055555559694767
0 0.5096353888511658 0.720370352268219 0.03177083283662796 0.05740740895271301
0 0.6315104365348816 0.7138888835906982 0.02968749962747097 0.06851851940155029
0 0.49791666865348816 0.32083332538604736 0.0364583320915699 0.08425925672054291
0 0.606249988079071 0.7814815044403076 0.03229166567325592 0.0555555559694767
0 0.49036458134651184 0.8074073791503906 0.02760416641831398 0.06481481343507767
0 0.4830729067325592 0.5629629492759705 0.04739583283662796 0.07037036865949631
0 0.3802083432674408 0.7893518805503845 0.03958333283662796 0.07685185223817825
0 0.4130208194255829 0.19166666269302368 0.04062499850988388 0.05370370298624039
0 0.6197916865348816 0.4819444417953491 0.04270833358168602 0.07685185223817825
0 0.5315104126930237 0.16990740597248077 0.02968749962747097 0.06574074178934097