0 0.43411457538604736 0.8314814567565918 0.02760416641831398 0.04444444552063942
1 0.671093761920929 0.4037036895751953 0.01718750037252903 0.02777777798473835
1 0.522656261920929 0.37962964177131653 0.01718750037252903 0.024074073880910873
1 0.6791666746139526 0.4967592656612396 0.015625 0.021296296268701553
1 0.40416666865348816 0.8527777791023254 0.01770833320915699 0.031481482088565826
0 0.41458332538604736 0.8578703999519348 0.04062499850988388 0.043518517166376114
1 0.45390623807907104 0.1578703671693802 0.01614583283662796 0.03055555559694767
1 0.46171873807907104 0.7819444537162781 0.01614583283662796 0.02500000037252903
0 0.5268229246139526 0.8606481552124023 0.03072916716337204 0.04537037014961243
0 0.6786458492279053 0.5171296000480652 0.02916666679084301 0.06759259104728699
1 0.3153645694255829 0.7143518328666687 0.015104166232049465 0.02500000037252903
1 0.41588541865348816 0.17222222685813904 0.01406249962747097 0.02777777798473835
1 0.36276042461395264 0.22546295821666718 0.01718750037252903 0.028703704476356506
0 0.6768229007720947 0.5893518328666687 0.02552083320915699 0.07314814627170563
0 0.42109376192092896 0.8425925970077515 0.05052083358168602 0.06666667014360428
0 0.42630207538604736 0.16388888657093048 0.03489583358168602 0.04259259253740311
0 0.675000011920929 0.4194444417953491 0.02708333358168602 0.07777778059244156
0 0.46796876192092896 0.15138888359069824 0.04010416567325592 0.043518517166376114
0 0.3205729126930237 0.7300925850868225 0.03281249850988388 0.07314814627170563
0 0.5249999761581421 0.35740742087364197 0.02916666679084301 0.08518518507480621
0 0.49166667461395264 0.45694443583488464 0.02916666679084301 0.09166666865348816
0 0.46796876192092896 0.760185182094574 0.03593749925494194 0.07777778059244156
0 0.3726562559604645 0.2143518477678299 0.03802083432674408 0.05648148059844971