3 0.4833333194255829 0.7749999761581421 0.03229166567325592 0.08518518507480621
1 0.4208333194255829 0.8263888955116272 0.01666666753590107 0.032407406717538834
1 0.5083333253860474 0.7745370268821716 0.01354166679084301 0.03055555559694767
1 0.6622396111488342 0.5375000238418579 0.01822916604578495 0.02500000037252903
1 0.6065104007720947 0.6240741014480591 0.01406249962747097 0.025925925001502037
1 0.5026041865348816 0.6097221970558167 0.015625 0.028703704476356506
1 0.5536458492279053 0.6837962865829468 0.015625 0.026851851493120193
0 0.48385417461395264 0.8143518567085266 0.03437500074505806 0.034259259700775146
0 0.5174478888511658 0.7990740537643433 0.03697916492819786 0.07407407462596893
0 0.6390625238418579 0.6574074029922485 0.02604166604578495 0.07037036865949631
0 0.4283854067325592 0.8305555582046509 0.03177083283662796 0.03333333507180214
1 0.6614583134651184 0.47268518805503845 0.01875000074505806 0.026851851493120193
1 0.5033854246139526 0.16388888657093048 0.015104166232049465 0.031481482088565826
1 0.4859375059604645 0.7004629373550415 0.014583333395421505 0.028703704476356506
0 0.6195312738418579 0.612500011920929 0.04010416567325592 0.05462963134050369
0 0.4846354126930237 0.760185182094574 0.02239583246409893 0.06296296417713165
0 0.664843738079071 0.5180555582046509 0.03072916716337204 0.07314814627170563
0 0.5572916865348816 0.6634259223937988 0.03125 0.06759259104728699
0 0.49661457538604736 0.5898148417472839 0.03281249850988388 0.07592592388391495
0 0.6559895873069763 0.44583332538604736 0.03489583358168602 0.07129629701375961
0 0.4989583194255829 0.7018518447875977 0.04062499850988388 0.04814814776182175
0 0.49270832538604736 0.15416666865348816 0.04270833358168602 0.06388889253139496