1 0.6591145992279053 0.44999998807907104 0.01614583283662796 0.024074073880910873
0 0.6390625238418579 0.6060185432434082 0.03229166567325592 0.06203703582286835
1 0.6526041626930237 0.41342592239379883 0.014583333395421505 0.023148147389292717
3 0.604687511920929 0.6638888716697693 0.05624999850988388 0.06111111119389534
0 0.5317708253860474 0.789814829826355 0.04062499850988388 0.06851851940155029
0 0.5921875238418579 0.6796296238899231 0.03437500074505806 0.04259259253740311
1 0.5713541507720947 0.6796296238899231 0.01354166679084301 0.024074073880910873
1 0.2906250059604645 0.5444444417953491 0.01666666753590107 0.02777777798473835
1 0.3033854067325592 0.4694444537162781 0.01718750037252903 0.02222222276031971
1 0.3304687440395355 0.7240740656852722 0.015104166232049465 0.025925925001502037
1 0.5408853888511658 0.7717592716217041 0.01718750037252903 0.03055555559694767
0 0.660937488079071 0.4703703820705414 0.02604166604578495 0.06851851940155029
0 0.2864583432674408 0.5249999761581421 0.02812499925494194 0.08148147910833359
3 0.5729166865348816 0.657870352268219 0.06145833432674408 0.07314814627170563
3 0.6330729126930237 0.6157407164573669 0.05572916567325592 0.08703703433275223
0 0.5403645634651184 0.7773148417472839 0.02239583246409893 0.05462963134050369
0 0.6591145992279053 0.5407407283782959 0.02552083320915699 0.06666667014360428
0 0.559374988079071 0.6555555462837219 0.03437500074505806 0.06111111119389534
0 0.30546873807907104 0.44305557012557983 0.03072916716337204 0.07685185223817825
0 0.32421875 0.7092592716217041 0.03593749925494194 0.07037036865949631
0 0.6388021111488342 0.39953702688217163 0.04218750074505806 0.06203703582286835