3 0.30260416865348816 0.47685185074806213 0.02812499925494194 0.09259258955717087
1 0.34427082538604736 0.3810185194015503 0.015625 0.023148147389292717
1 0.6385416388511658 0.2537037134170532 0.015625 0.025925925001502037
0 0.3031249940395355 0.4555555582046509 0.03020833246409893 0.09444444626569748
1 0.3151041567325592 0.3777777850627899 0.015625 0.024074073880910873
1 0.43697917461395264 0.4800925850868225 0.01875000074505806 0.028703704476356506
1 0.4088541567325592 0.47361111640930176 0.01979166641831398 0.02500000037252903
0 0.30390626192092896 0.42407408356666565 0.03072916716337204 0.051851850003004074
0 0.3018229305744171 0.48148149251937866 0.02447916753590107 0.07777778059244156
1 0.6619791388511658 0.2935185134410858 0.01666666753590107 0.025925925001502037
1 0.4013020694255829 0.5537037253379822 0.01822916604578495 0.02777777798473835
1 0.38880208134651184 0.21944443881511688 0.015104166232049465 0.03333333507180214
1 0.649218738079071 0.7361111044883728 0.01718750037252903 0.02777777798473835
1 0.5658854246139526 0.3560185134410858 0.01718750037252903 0.028703704476356506
0 0.43958333134651184 0.5041666626930237 0.02916666679084301 0.08796296268701553
0 0.40572917461395264 0.49444442987442017 0.03020833246409893 0.07962962985038757
0 0.34947916865348816 0.39907407760620117 0.03229166567325592 0.08518518507480621
0 0.3151041567325592 0.35370370745658875 0.02812499925494194 0.06481481343507767
0 0.6283854246139526 0.2361111044883728 0.04010416567325592 0.06666667014360428
0 0.41015625 0.5768518447875977 0.04114583507180214 0.06666667014360428
0 0.6697916388511658 0.3134259283542633 0.03437500074505806 0.07500000298023224
0 0.5718749761581421 0.37731480598449707 0.03333333507180214 0.09166666865348816
0 0.6421874761581421 0.7476851940155029 0.03541666641831398 0.05833333358168602
0 0.40286457538604736 0.22685185074806213 0.04531250149011612 0.06666667014360428