1 0.4932291805744171 0.3523148000240326 0.015625 0.026851851493120193
0 0.31432291865348816 0.3273148238658905 0.02447916753590107 0.06574074178934097
1 0.36640626192092896 0.25648146867752075 0.01614583283662796 0.025925925001502037
1 0.6778646111488342 0.4810185134410858 0.01718750037252903 0.02500000037252903
0 0.4296875 0.8175926208496094 0.02812499925494194 0.04814814776182175
1 0.40442708134651184 0.23055554926395416 0.01718750037252903 0.029629629105329514
0 0.3148437440395355 0.3787037134170532 0.02760416641831398 0.07037036865949631
1 0.5205729007720947 0.18009258806705475 0.01406249962747097 0.02500000037252903
1 0.31822916865348816 0.6856481432914734 0.01875000074505806 0.026851851493120193
3 0.3153645694255829 0.3523148000240326 0.0338541679084301 0.12870369851589203
1 0.5028645992279053 0.7583333253860474 0.01614583283662796 0.029629629105329514
1 0.3151041567325592 0.39953702688217163 0.01979166641831398 0.026851851493120193
1 0.514843761920929 0.2430555522441864 0.015104166232049465 0.026851851493120193
0 0.5252603888511658 0.23148147761821747 0.03593749925494194 0.05370370298624039
0 0.5513020753860474 0.3212963044643402 0.02760416641831398 0.09444444626569748
0 0.37552082538604736 0.24120371043682098 0.03541666641831398 0.05648148059844971
0 0.4195312559604645 0.21759259700775146 0.03802083432674408 0.04444444552063942
0 0.5083333253860474 0.17916665971279144 0.03750000149011612 0.03981481492519379
0 0.6776041388511658 0.5050926208496094 0.02604166604578495 0.08425925672054291
0 0.3213541805744171 0.7032407522201538 0.03125 0.0694444477558136
0 0.4833333194255829 0.33981481194496155 0.04479166492819786 0.06296296417713165
0 0.4906249940395355 0.7462962865829468 0.046875 0.07222222536802292