1 0.5825520753860474 0.8541666865348816 0.015104166232049465 0.026851851493120193
1 0.5536458492279053 0.3291666805744171 0.01979166641831398 0.03611111268401146
1 0.5528646111488342 0.8518518805503845 0.01614583283662796 0.02777777798473835
1 0.6278645992279053 0.3324074149131775 0.01406249962747097 0.024074073880910873
1 0.6104166507720947 0.2944444417953491 0.015625 0.025925925001502037
1 0.589062511920929 0.3046296238899231 0.01354166679084301 0.024074073880910873
1 0.3372395932674408 0.32870370149612427 0.01614583283662796 0.029629629105329514
1 0.5526041388511658 0.8634259104728699 0.01770833320915699 0.03611111268401146
1 0.5122395753860474 0.3560185134410858 0.01718750037252903 0.026851851493120193
1 0.6307291388511658 0.28009259700775146 0.015625 0.023148147389292717
1 0.569531261920929 0.2518518567085266 0.01718750037252903 0.031481482088565826
0 0.6031249761581421 0.2736110985279083 0.03125 0.0694444477558136
1 0.5614583492279053 0.5407407283782959 0.01770833320915699 0.03333333507180214
1 0.5122395753860474 0.5060185194015503 0.015104166232049465 0.03055555559694767
3 0.5885416865348816 0.28333333134651184 0.06041666492819786 0.07962962985038757
0 0.6395833492279053 0.2976851761341095 0.02708333358168602 0.06574074178934097
1 0.7020833492279053 0.35092592239379883 0.01770833320915699 0.029629629105329514
0 0.5427083373069763 0.33981481194496155 0.03541666641831398 0.051851850003004074
0 0.617968738079071 0.35092592239379883 0.03489583358168602 0.05740740895271301
0 0.5760416388511658 0.3083333373069763 0.0364583320915699 0.04444444552063942
0 0.3304687440395355 0.34351852536201477 0.03281249850988388 0.07407407462596893
0 0.5559895634651184 0.24259258806705475 0.04218750074505806 0.051851850003004074
0 0.7098958492279053 0.369907408952713 0.03229166567325592 0.07685185223817825
0 0.5677083134651184 0.8634259104728699 0.04583333432674408 0.06203703582286835
0 0.5723958611488342 0.5277777910232544 0.0416666679084301 0.07037036865949631
0 0.524218738079071 0.5097222328186035 0.04843749850988388 0.06018518656492233
0 0.5005208253860474 0.37638887763023376 0.04062499850988388 0.06388889253139496