3 0.32760417461395264 0.49259260296821594 0.04062499850988388 0.046296294778585434
3 0.35989582538604736 0.494907408952713 0.03125 0.049074072390794754
3 0.39895832538604736 0.5208333134651184 0.0572916679084301 0.07129629701375961
3 0.4377604126930237 0.4851851761341095 0.03281249850988388 0.07037036865949631
0 0.39114582538604736 0.494907408952713 0.03750000149011612 0.034259259700775146
1 0.41484373807907104 0.42129629850387573 0.013020833022892475 0.018518518656492233
0 0.4403645694255829 0.5166666507720947 0.02968749962747097 0.040740739554166794
1 0.3138020932674408 0.4962962865829468 0.01406249962747097 0.029629629105329514
0 0.421875 0.5509259104728699 0.02812499925494194 0.03703703731298447
0 0.4036458432674408 0.45972222089767456 0.02604166604578495 0.04722222313284874
0 0.36015623807907104 0.4958333373069763 0.02552083320915699 0.04722222313284874
3 0.40963542461395264 0.539814829826355 0.0494791679084301 0.06296296417713165
0 0.4346354305744171 0.47777777910232544 0.02135416679084301 0.05000000074505806
1 0.6539062261581421 0.5870370268821716 0.015104166232049465 0.02222222276031971
1 0.598437488079071 0.7199074029922485 0.014583333395421505 0.028703704476356506
0 0.3257812559604645 0.494907408952713 0.03697916492819786 0.04537037014961243
1 0.37161457538604736 0.6796296238899231 0.01406249962747097 0.029629629105329514
0 0.4244791567325592 0.43009260296821594 0.03437500074505806 0.043518517166376114
0 0.38359373807907104 0.6800925731658936 0.0390625 0.05277777835726738
0 0.6471354365348816 0.6032407283782959 0.03593749925494194 0.06388889253139496
0 0.6070312261581421 0.7106481194496155 0.03489583358168602 0.06018518656492233