1 0.5158854126930237 0.36574074625968933 0.015104166232049465 0.024074073880910873
0 0.47734373807907104 0.8162037134170532 0.01822916604578495 0.02500000037252903
0 0.4528645873069763 0.8083333373069763 0.02135416679084301 0.029629629105329514
1 0.4585937559604645 0.605555534362793 0.010937499813735485 0.018518518656492233
1 0.421875 0.772685170173645 0.015625 0.02500000037252903
1 0.6364583373069763 0.6652777791023254 0.010416666977107525 0.021296296268701553
0 0.40026041865348816 0.7384259104728699 0.02552083320915699 0.04722222313284874
1 0.5028645992279053 0.7449073791503906 0.010937499813735485 0.021296296268701553
0 0.512499988079071 0.7972221970558167 0.02291666716337204 0.03703703731298447
0 0.4205729067325592 0.7564814686775208 0.01718750037252903 0.0555555559694767
0 0.49401041865348816 0.7537037134170532 0.03177083283662796 0.04444444552063942
0 0.45104166865348816 0.7875000238418579 0.02083333395421505 0.05833333358168602
0 0.45390623807907104 0.6175925731658936 0.02864583395421505 0.05370370298624039
0 0.6244791746139526 0.6685185432434082 0.03541666641831398 0.051851850003004074
0 0.4867187440395355 0.5129629373550415 0.0338541679084301 0.0555555559694767
0 0.6031249761581421 0.7518518567085266 0.02500000037252903 0.04444444552063942
0 0.5166666507720947 0.38333332538604736 0.02395833283662796 0.07037036865949631