0 0.40703123807907104 0.2958333194255829 0.01718750037252903 0.05092592537403107
1 0.38098958134651184 0.7518518567085266 0.015104166232049465 0.029629629105329514
1 0.4645833373069763 0.8083333373069763 0.01770833320915699 0.025925925001502037
0 0.6505208611488342 0.24722221493721008 0.02812499925494194 0.051851850003004074
1 0.6427083611488342 0.27407407760620117 0.01354166679084301 0.024074073880910873
3 0.655468761920929 0.26620370149612427 0.04218750074505806 0.10277777910232544
3 0.38333332538604736 0.7675926089286804 0.0677083358168602 0.08148147910833359
1 0.5427083373069763 0.33101850748062134 0.01770833320915699 0.032407406717538834
0 0.39661458134651184 0.789814829826355 0.03489583358168602 0.05000000074505806
1 0.6020833253860474 0.44999998807907104 0.01875000074505806 0.02777777798473835
1 0.6177083253860474 0.21944443881511688 0.01770833320915699 0.035185184329748154
0 0.6557291746139526 0.28240740299224854 0.03958333283662796 0.05740740895271301
1 0.30781251192092896 0.41342592239379883 0.014583333395421505 0.026851851493120193
1 0.3645833432674408 0.46296295523643494 0.014583333395421505 0.031481482088565826
0 0.36901041865348816 0.7490741014480591 0.03802083432674408 0.046296294778585434
0 0.5986979007720947 0.47361111640930176 0.03177083283662796 0.09166666865348816
0 0.3151041567325592 0.4000000059604645 0.03958333283662796 0.07222222536802292
0 0.359375 0.24166665971279144 0.03020833246409893 0.06296296417713165
0 0.5526041388511658 0.3490740656852722 0.04270833358168602 0.08888889104127884
0 0.3799479305744171 0.4583333432674408 0.05781250074505806 0.08148147910833359
0 0.6031249761581421 0.21064814925193787 0.04895833507180214 0.05648148059844971