0 0.5635416507720947 0.8685185313224792 0.02812499925494194 0.04814814776182175
0 0.4216145873069763 0.7962962985038757 0.02447916753590107 0.0833333358168602
0 0.41015625 0.831944465637207 0.03072916716337204 0.06018518656492233
1 0.5638020634651184 0.8638888597488403 0.01822916604578495 0.029629629105329514
1 0.40156251192092896 0.22638888657093048 0.01145833358168602 0.02500000037252903
1 0.38880208134651184 0.3490740656852722 0.01822916604578495 0.02777777798473835
1 0.5596354007720947 0.5472221970558167 0.01822916604578495 0.03333333507180214
1 0.5861979126930237 0.2768518626689911 0.01822916604578495 0.031481482088565826
1 0.4229166805744171 0.7722222208976746 0.01875000074505806 0.02777777798473835
1 0.4416666626930237 0.1865740716457367 0.015625 0.03055555559694767
1 0.512499988079071 0.5064814686775208 0.01666666753590107 0.03333333507180214
3 0.41458332538604736 0.8101851940155029 0.03750000149011612 0.10925926268100739
3 0.40416666865348816 0.21944443881511688 0.07500000298023224 0.08703703433275223
1 0.543749988079071 0.8402777910232544 0.01666666753590107 0.028703704476356506
1 0.7135416865348816 0.39722222089767456 0.01770833320915699 0.02777777798473835
1 0.3763020932674408 0.585185170173645 0.01718750037252903 0.02777777798473835
0 0.42890626192092896 0.192592591047287 0.04010416567325592 0.05370370298624039
0 0.3864583373069763 0.2351851910352707 0.03854166716337204 0.05370370298624039
3 0.39453125 0.8111110925674438 0.06093750149011612 0.10185185074806213
0 0.5330728888511658 0.8578703999519348 0.03177083283662796 0.06759259104728699
0 0.524218738079071 0.5115740895271301 0.04739583283662796 0.05833333358168602
0 0.5690104365348816 0.5300925970077515 0.03697916492819786 0.07314814627170563
0 0.5971354246139526 0.2611111104488373 0.04635416716337204 0.06666667014360428
0 0.38098958134651184 0.7893518805503845 0.0338541679084301 0.0416666679084301
0 0.71875 0.41898149251937866 0.03125 0.08611111342906952
0 0.3854166567325592 0.37361112236976624 0.03541666641831398 0.08796296268701553
0 0.3864583373069763 0.5976851582527161 0.04583333432674408 0.07314814627170563