1 0.04348958283662796 0.2967592477798462 0.01718750037252903 0.026851851493120193
0 0.5700520873069763 0.5009258985519409 0.04010416567325592 0.08518518507480621
1 0.5835937261581421 0.4800925850868225 0.02031249925494194 0.037962961941957474
1 0.32343751192092896 0.4930555522441864 0.01875000074505806 0.02500000037252903
1 0.5591145753860474 0.8125 0.015104166232049465 0.03055555559694767
1 0.01536458358168602 0.5259259343147278 0.01822916604578495 0.029629629105329514
1 0.0455729179084301 0.3837963044643402 0.01822916604578495 0.028703704476356506
0 0.014843749813735485 0.18981482088565826 0.02864583395421505 0.03703703731298447
0 0.4507812559604645 0.8898147940635681 0.0338541679084301 0.04259259253740311
1 0.4593749940395355 0.2013888955116272 0.01666666753590107 0.03055555559694767
1 0.6619791388511658 0.7962962985038757 0.01666666753590107 0.02777777798473835
1 0.03541666641831398 0.23055554926395416 0.012500000186264515 0.02222222276031971
0 0.04505208507180214 0.3722222149372101 0.02656250074505806 0.07592592388391495
0 0.5846354365348816 0.5 0.02447916753590107 0.08888889104127884
1 0.4505208432674408 0.2907407283782959 0.01666666753590107 0.029629629105329514
0 0.5197916626930237 0.9111111164093018 0.03125 0.046296294778585434
1 0.4390625059604645 0.8189814686775208 0.01770833320915699 0.03055555559694767
0 0.46536457538604736 0.28333333134651184 0.04010416567325592 0.05740740895271301
0 0.01406249962747097 0.5078703761100769 0.02708333358168602 0.07870370149612427
0 0.5455729365348816 0.8138889074325562 0.04322916641831398 0.05000000074505806
0 0.0416666679084301 0.3134259283542633 0.02395833283662796 0.06759259104728699
0 0.671875 0.8083333373069763 0.03541666641831398 0.06296296417713165
0 0.45260417461395264 0.8300926089286804 0.046875 0.05833333358168602
0 0.03072916716337204 0.24351851642131805 0.02916666679084301 0.0555555559694767
0 0.3244791626930237 0.4703703820705414 0.02604166604578495 0.08148147910833359
0 0.4455729126930237 0.20416666567325592 0.0442708320915699 0.06203703582286835