1 0.34062498807907104 0.7569444179534912 0.02395833283662796 0.032407406717538834
1 0.5335937738418579 0.8745370507240295 0.01718750037252903 0.026851851493120193
1 0.4000000059604645 0.831944465637207 0.01770833320915699 0.03055555559694767
1 0.6895833611488342 0.35277777910232544 0.01666666753590107 0.025925925001502037
0 0.37838542461395264 0.7662037014961243 0.03489583358168602 0.07129629701375961
1 0.5651041865348816 0.7805555462837219 0.015625 0.031481482088565826
1 0.4338541626930237 0.8592592477798462 0.01875000074505806 0.029629629105329514
1 0.3265624940395355 0.7282407283782959 0.01770833320915699 0.023148147389292717
0 0.34322917461395264 0.7666666507720947 0.03333333507180214 0.0555555559694767
0 0.37031251192092896 0.8013888597488403 0.02291666716337204 0.05462963134050369
1 0.5942708253860474 0.18703703582286835 0.01666666753590107 0.02777777798473835
0 0.4401041567325592 0.8805555701255798 0.02395833283662796 0.06666667014360428
1 0.5093749761581421 0.7611111402511597 0.015625 0.024074073880910873
1 0.3880208432674408 0.5287036895751953 0.01666666753590107 0.031481482088565826
1 0.6481770873069763 0.7537037134170532 0.01614583283662796 0.025925925001502037
1 0.4020833373069763 0.6615740656852722 0.01666666753590107 0.026851851493120193
0 0.40963542461395264 0.8439815044403076 0.03489583358168602 0.05092592537403107
3 0.37421876192092896 0.7800925970077515 0.04114583507180214 0.10277777910232544
0 0.3984375 0.5435185432434082 0.046875 0.08148147910833359
0 0.6919270753860474 0.3662036955356598 0.03177083283662796 0.08055555820465088
0 0.32213541865348816 0.7087963223457336 0.02864583395421505 0.06574074178934097
0 0.40026041865348816 0.6402778029441833 0.03697916492819786 0.09166666865348816
0 0.49687498807907104 0.7425925731658936 0.04270833358168602 0.06851851940155029
0 0.6424478888511658 0.7384259104728699 0.04010416567325592 0.08055555820465088
0 0.5877603888511658 0.16851851344108582 0.0390625 0.07592592388391495
0 0.5528646111488342 0.7754629850387573 0.04531250149011612 0.05833333358168602