1 0.6302083134651184 0.6449074149131775 0.01354166679084301 0.02500000037252903
0 0.6908854246139526 0.5064814686775208 0.04843749850988388 0.06481481343507767
1 0.3382812440395355 0.7023147940635681 0.01614583283662796 0.021296296268701553
1 0.5861979126930237 0.27546295523643494 0.01718750037252903 0.026851851493120193
1 0.5580729246139526 0.5342592597007751 0.01406249962747097 0.025925925001502037
1 0.5263020992279053 0.699999988079071 0.01614583283662796 0.029629629105329514
1 0.3226562440395355 0.6379629373550415 0.01614583283662796 0.024074073880910873
1 0.3083333373069763 0.48148149251937866 0.015625 0.02222222276031971
0 0.30781251192092896 0.5023148059844971 0.02500000037252903 0.06203703582286835
1 0.6963541507720947 0.5319444537162781 0.01979166641831398 0.021296296268701553
1 0.6880208253860474 0.5949074029922485 0.01666666753590107 0.026851851493120193
1 0.5036458373069763 0.5925925970077515 0.01666666753590107 0.02777777798473835
1 0.43567708134651184 0.677314817905426 0.01614583283662796 0.026851851493120193
1 0.6421874761581421 0.28842592239379883 0.01770833320915699 0.02500000037252903
0 0.30859375 0.5708333253860474 0.02552083320915699 0.0694444477558136
0 0.32369792461395264 0.6583333611488342 0.02552083320915699 0.07037036865949631
0 0.6953125 0.5773147940635681 0.03333333507180214 0.07500000298023224
0 0.3434895873069763 0.7277777791023254 0.02552083320915699 0.07222222536802292
0 0.639843761920929 0.6592592597007751 0.03697916492819786 0.06666667014360428
3 0.30807292461395264 0.5351851582527161 0.02864583395421505 0.1259259283542633
0 0.4997395873069763 0.6138888597488403 0.0338541679084301 0.07777778059244156
0 0.6447916626930237 0.2587963044643402 0.02708333358168602 0.07685185223817825
0 0.5687500238418579 0.5217592716217041 0.04270833358168602 0.0694444477558136
0 0.5955728888511658 0.2569444477558136 0.04114583507180214 0.06759259104728699
0 0.539843738079071 0.7106481194496155 0.04635416716337204 0.0694444477558136
0 0.4453125 0.6634259223937988 0.04062499850988388 0.06203703582286835