1 0.3020833432674408 0.3583333194255829 0.01770833320915699 0.024074073880910873
1 0.30000001192092896 0.385185182094574 0.01666666753590107 0.025925925001502037
1 0.5151041746139526 0.1518518477678299 0.015625 0.029629629105329514
1 0.3268229067325592 0.4486111104488373 0.01614583283662796 0.02500000037252903
0 0.5 0.14351852238178253 0.04270833358168602 0.04444444552063942
1 0.3908854126930237 0.4356481432914734 0.01718750037252903 0.03055555559694767
0 0.3984375 0.4124999940395355 0.03541666641831398 0.07870370149612427
1 0.44713541865348816 0.4268518388271332 0.01718750037252903 0.029629629105329514
1 0.6781250238418579 0.5717592835426331 0.01979166641831398 0.03055555559694767
1 0.42760416865348816 0.14861111342906952 0.015625 0.026851851493120193
1 0.3723958432674408 0.37268519401550293 0.01770833320915699 0.02500000037252903
1 0.36536458134651184 0.4921296238899231 0.01822916604578495 0.028703704476356506
1 0.2861979305744171 0.550000011920929 0.01927083358168602 0.029629629105329514
1 0.5302083492279053 0.16111111640930176 0.01666666753590107 0.031481482088565826
1 0.43046873807907104 0.24675926566123962 0.01822916604578495 0.032407406717538834
0 0.5445312261581421 0.15740740299224854 0.04114583507180214 0.046296294778585434
0 0.4481770694255829 0.4046296179294586 0.03281249850988388 0.0962962955236435
0 0.3734374940395355 0.35046297311782837 0.03020833246409893 0.08981481194496155
0 0.2940104305744171 0.4115740656852722 0.03072916716337204 0.07314814627170563
0 0.2825520932674408 0.5245370268821716 0.03072916716337204 0.08611111342906952
0 0.37057292461395264 0.5134259462356567 0.03697916492819786 0.07870370149612427
0 0.30546873807907104 0.3412036895751953 0.03177083283662796 0.05462963134050369
0 0.43671876192092896 0.14259259402751923 0.03593749925494194 0.05370370298624039
0 0.6731770634651184 0.6004629731178284 0.03593749925494194 0.09537036716938019
0 0.33125001192092896 0.4263888895511627 0.03229166567325592 0.07685185223817825
0 0.41744792461395264 0.2578703761100769 0.04635416716337204 0.05833333358168602