1 0.534375011920929 0.8800926208496094 0.01979166641831398 0.03611111268401146
1 0.5705729126930237 0.6231481432914734 0.01822916604578495 0.025925925001502037
0 0.5765625238418579 0.6745370626449585 0.03437500074505806 0.06018518656492233
1 0.4958333373069763 0.8861111402511597 0.01979166641831398 0.031481482088565826
1 0.04322916641831398 0.2967592477798462 0.01770833320915699 0.026851851493120193
0 0.5057291388511658 0.9018518328666687 0.03229166567325592 0.051851850003004074
1 0.01536458358168602 0.5263888835906982 0.01822916604578495 0.028703704476356506
1 0.6151041388511658 0.2134259194135666 0.015625 0.028703704476356506
1 0.6539062261581421 0.8282407522201538 0.015104166232049465 0.034259259700775146
1 0.0455729179084301 0.38425925374031067 0.01822916604578495 0.02777777798473835
0 0.014322916977107525 0.18796296417713165 0.02760416641831398 0.040740739554166794
1 0.7403646111488342 0.5189814567565918 0.01614583283662796 0.034259259700775146
1 0.03541666641831398 0.2300925999879837 0.012500000186264515 0.023148147389292717
1 0.629687488079071 0.7412037253379822 0.01770833320915699 0.028703704476356506
0 0.04479166492819786 0.3717592656612396 0.02604166604578495 0.07685185223817825
1 0.6796875 0.3898148238658905 0.01770833320915699 0.031481482088565826
0 0.5843750238418579 0.7379629611968994 0.02708333358168602 0.07407407462596893
3 0.5700520873069763 0.6175925731658936 0.0390625 0.11666666716337204
3 0.5799478888511658 0.7097222208976746 0.03697916492819786 0.12870369851589203
0 0.5682291388511658 0.5962963104248047 0.03333333507180214 0.07592592388391495
0 0.01406249962747097 0.5083333253860474 0.02708333358168602 0.08148147910833359
0 0.5473958253860474 0.8884259462356567 0.03958333283662796 0.05092592537403107
0 0.6356770992279053 0.762499988079071 0.03072916716337204 0.07870370149612427
0 0.725781261920929 0.5171296000480652 0.0494791679084301 0.0694444477558136
0 0.667187511920929 0.8245370388031006 0.04062499850988388 0.06203703582286835
0 0.04140625149011612 0.31388887763023376 0.02447916753590107 0.06851851940155029
0 0.03098958358168602 0.2439814805984497 0.03072916716337204 0.05648148059844971
0 0.6268228888511658 0.21574074029922485 0.04114583507180214 0.05925925821065903
0 0.6677083373069763 0.3787037134170532 0.046875 0.07777778059244156