1 0.46692708134651184 0.15601852536201477 0.01927083358168602 0.034259259700775146
1 0.5239583253860474 0.3768518567085266 0.01666666753590107 0.02777777798473835
1 0.4346354305744171 0.8569444417953491 0.01927083358168602 0.028703704476356506
0 0.5505208373069763 0.852314829826355 0.02812499925494194 0.04722222313284874
1 0.5502604246139526 0.5263888835906982 0.01614583283662796 0.03055555559694767
1 0.6802083253860474 0.5458333492279053 0.015625 0.023148147389292717
1 0.6401041746139526 0.7217592597007751 0.01666666753590107 0.023148147389292717
1 0.6653645634651184 0.6370370388031006 0.01614583283662796 0.024074073880910873
1 0.4921875 0.1736111044883728 0.015625 0.02500000037252903
1 0.4934895932674408 0.5245370268821716 0.01614583283662796 0.032407406717538834
1 0.4216145873069763 0.23981481790542603 0.01406249962747097 0.02777777798473835
1 0.39453125 0.8402777910232544 0.01614583283662796 0.028703704476356506
0 0.4684895873069763 0.15555556118488312 0.02968749962747097 0.04814814776182175
0 0.4505208432674408 0.8620370626449585 0.03958333283662796 0.040740739554166794
0 0.40546876192092896 0.8504629731178284 0.03802083432674408 0.04722222313284874
0 0.4338541626930237 0.7953703999519348 0.03020833246409893 0.0555555559694767
0 0.66015625 0.6537036895751953 0.0338541679084301 0.06666667014360428
0 0.6809895634651184 0.5597222447395325 0.02760416641831398 0.0694444477558136
0 0.539843738079071 0.5402777791023254 0.0390625 0.06388889253139496
0 0.5247395634651184 0.35648149251937866 0.02968749962747097 0.08888889104127884
0 0.6348958611488342 0.7393518686294556 0.03437500074505806 0.07129629701375961
0 0.43151041865348816 0.2439814805984497 0.03697916492819786 0.05277777835726738
0 0.5044270753860474 0.1805555522441864 0.03802083432674408 0.051851850003004074
0 0.48255208134651184 0.5138888955116272 0.04531250149011612 0.06666667014360428