1 0.4802083373069763 0.8777777552604675 0.01666666753590107 0.02777777798473835
1 0.4885416626930237 0.8800926208496094 0.03541666641831398 0.03981481492519379
1 0.4195312559604645 0.19583334028720856 0.01927083358168602 0.026851851493120193
1 0.55859375 0.5356481671333313 0.01718750037252903 0.03055555559694767
1 0.5713541507720947 0.6708333492279053 0.01770833320915699 0.03611111268401146
1 0.47838541865348816 0.14537036418914795 0.015104166232049465 0.029629629105329514
1 0.3296875059604645 0.36064815521240234 0.01770833320915699 0.026851851493120193
1 0.5213541388511658 0.8671296238899231 0.01770833320915699 0.028703704476356506
1 0.3854166567325592 0.2300925999879837 0.01770833320915699 0.026851851493120193
3 0.4424479305744171 0.17731481790542603 0.0703125 0.06574074178934097
1 0.3151041567325592 0.43194442987442017 0.01770833320915699 0.026851851493120193
1 0.5955728888511658 0.6606481671333313 0.01822916604578495 0.026851851493120193
0 0.4596354067325592 0.15740740299224854 0.03177083283662796 0.046296294778585434
0 0.4294270873069763 0.18194444477558136 0.03697916492819786 0.05462963134050369
1 0.6640625 0.27638888359069824 0.01770833320915699 0.032407406717538834
1 0.4442708194255829 0.8606481552124023 0.01666666753590107 0.03055555559694767
0 0.4533854126930237 0.8675925731658936 0.03697916492819786 0.05000000074505806
0 0.4880208373069763 0.8828703761100769 0.03333333507180214 0.037962961941957474
0 0.33385416865348816 0.3324074149131775 0.03020833246409893 0.07407407462596893
0 0.6015625 0.6361111402511597 0.03020833246409893 0.08703703433275223
0 0.39270833134651184 0.21944443881511688 0.03229166567325592 0.05370370298624039
0 0.5315104126930237 0.8476851582527161 0.03489583358168602 0.06388889253139496
0 0.4908854067325592 0.14166666567325592 0.0390625 0.040740739554166794
0 0.31588542461395264 0.4078703820705414 0.02968749962747097 0.07685185223817825
0 0.6494791507720947 0.2865740656852722 0.04895833507180214 0.0694444477558136
0 0.5677083134651184 0.5254629850387573 0.04374999925494194 0.07129629701375961
0 0.5575520992279053 0.6782407164573669 0.04635416716337204 0.06388889253139496