1 0.29505208134651184 0.40138888359069824 0.01822916604578495 0.028703704476356506
0 0.2914062440395355 0.427314817905426 0.03072916716337204 0.06018518656492233
1 0.5682291388511658 0.5537037253379822 0.01875000074505806 0.03333333507180214
1 0.5455729365348816 0.7541666626930237 0.01927083358168602 0.028703704476356506
1 0.5263020992279053 0.6092592477798462 0.01822916604578495 0.029629629105329514
0 0.2958333194255829 0.3777777850627899 0.02500000037252903 0.06666667014360428
1 0.2838541567325592 0.5231481194496155 0.01875000074505806 0.024074073880910873
1 0.6052083373069763 0.24768517911434174 0.01666666753590107 0.026851851493120193
1 0.6153646111488342 0.7699074149131775 0.01718750037252903 0.032407406717538834
1 0.3278645873069763 0.34953704476356506 0.01614583283662796 0.028703704476356506
1 0.46692708134651184 0.1726851910352707 0.015104166232049465 0.028703704476356506
1 0.5114583373069763 0.30324074625968933 0.01875000074505806 0.028703704476356506
1 0.569531261920929 0.38935184478759766 0.01718750037252903 0.034259259700775146
0 0.2822916805744171 0.550000011920929 0.02812499925494194 0.08148147910833359
1 0.5981770753860474 0.3583333194255829 0.02031249925494194 0.02777777798473835
0 0.518750011920929 0.6310185194015503 0.03854166716337204 0.07314814627170563
0 0.34322917461395264 0.34398147463798523 0.046875 0.05462963134050369
3 0.29088541865348816 0.4009259343147278 0.03593749925494194 0.12222222238779068
0 0.581250011920929 0.5694444179534912 0.046875 0.06666667014360428
0 0.5028645992279053 0.28842592239379883 0.03802083432674408 0.06759259104728699
0 0.5950520634651184 0.33379629254341125 0.03072916716337204 0.0824074074625969
0 0.5463541746139526 0.7291666865348816 0.03020833246409893 0.09166666865348816
0 0.47968751192092896 0.16296295821666718 0.04062499850988388 0.0555555559694767
0 0.6010416746139526 0.7592592835426331 0.04895833507180214 0.06296296417713165
0 0.6174479126930237 0.2509259283542633 0.04218750074505806 0.051851850003004074
0 0.55859375 0.37546294927597046 0.03802083432674408 0.06388889253139496