1 0.30911457538604736 0.3296296298503876 0.01406249962747097 0.02777777798473835
1 0.3499999940395355 0.22638888657093048 0.014583333395421505 0.02500000037252903
1 0.5726562738418579 0.770370364189148 0.01718750037252903 0.02777777798473835
3 0.6221354007720947 0.2726851999759674 0.06822916865348816 0.08796296268701553
3 0.3111979067325592 0.3231481611728668 0.04531250149011612 0.10925926268100739
1 0.6539062261581421 0.33564814925193787 0.01614583283662796 0.02500000037252903
1 0.555468738079071 0.5958333611488342 0.01406249962747097 0.026851851493120193
0 0.5677083134651184 0.7842592597007751 0.03333333507180214 0.06481481343507767
0 0.2770833373069763 0.4990740716457367 0.02812499925494194 0.08518518507480621
1 0.2945312559604645 0.6388888955116272 0.01718750037252903 0.024074073880910873
0 0.6091145873069763 0.24768517911434174 0.03489583358168602 0.03981481492519379
0 0.3453125059604645 0.23981481790542603 0.02187499962747097 0.0555555559694767
1 0.4507812559604645 0.17314815521240234 0.01614583283662796 0.031481482088565826
1 0.2786458432674408 0.47453704476356506 0.01875000074505806 0.026851851493120193
0 0.32421875 0.28703704476356506 0.02760416641831398 0.05740740895271301
0 0.3036458194255829 0.3412036895751953 0.03333333507180214 0.0694444477558136
0 0.578125 0.20277777314186096 0.03020833246409893 0.051851850003004074
0 0.6390625238418579 0.2925925850868225 0.03333333507180214 0.06111111119389534
3 0.3330729305744171 0.2648148238658905 0.04531250149011612 0.10370370000600815
0 0.6583333611488342 0.3532407283782959 0.03333333507180214 0.06388889253139496
0 0.296875 0.6611111164093018 0.03020833246409893 0.0833333358168602
0 0.41614583134651184 0.8138889074325562 0.03541666641831398 0.07592592388391495
0 0.5442708134651184 0.5861111283302307 0.04374999925494194 0.06666667014360428
0 0.4385416805744171 0.18611110746860504 0.04374999925494194 0.06666667014360428