0 0.3239583373069763 0.27824074029922485 0.02916666679084301 0.037962961941957474
0 0.5213541388511658 0.8722222447395325 0.01979166641831398 0.024074073880910873
1 0.5200520753860474 0.8717592358589172 0.01718750037252903 0.023148147389292717
1 0.41796875 0.8560185432434082 0.015104166232049465 0.034259259700775146
1 0.5424479246139526 0.8324074149131775 0.015104166232049465 0.031481482088565826
1 0.5010416507720947 0.8810185194015503 0.015625 0.026851851493120193
1 0.6148437261581421 0.39814814925193787 0.01718750037252903 0.02777777798473835
0 0.641406238079071 0.39027777314186096 0.06406249850988388 0.06018518656492233
1 0.46484375 0.862500011920929 0.01718750037252903 0.028703704476356506
1 0.3192708194255829 0.2847222089767456 0.01666666753590107 0.026851851493120193
1 0.3778645694255829 0.23796296119689941 0.01614583283662796 0.02777777798473835
0 0.6195312738418579 0.4009259343147278 0.03072916716337204 0.04444444552063942
0 0.5236979126930237 0.8356481194496155 0.02447916753590107 0.04537037014961243
0 0.3322916626930237 0.2532407343387604 0.04374999925494194 0.07500000298023224
3 0.3309895694255829 0.2569444477558136 0.0494791679084301 0.08055555820465088
0 0.6539062261581421 0.38657405972480774 0.03593749925494194 0.049074072390794754
1 0.4390625059604645 0.8560185432434082 0.01354166679084301 0.02500000037252903
3 0.6390625238418579 0.39259257912635803 0.0677083358168602 0.06296296417713165
1 0.6479166746139526 0.7143518328666687 0.01666666753590107 0.03055555559694767
3 0.6015625 0.3810185194015503 0.0885416641831398 0.09537036716938019
0 0.1380208283662796 0.22268518805503845 0.02604166604578495 0.0416666679084301
0 0.43020832538604736 0.8291666507720947 0.03125 0.07870370149612427
1 0.2994791567325592 0.34953704476356506 0.01770833320915699 0.023148147389292717
1 0.573437511920929 0.260185182094574 0.01875000074505806 0.02777777798473835
0 0.3708333373069763 0.2537037134170532 0.03333333507180214 0.07222222536802292
0 0.5786458253860474 0.3601851761341095 0.04374999925494194 0.06111111119389534
1 0.567187488079071 0.35092592239379883 0.01770833320915699 0.029629629105329514
0 0.6187499761581421 0.760185182094574 0.02187499962747097 0.0555555559694767
0 0.2994791567325592 0.3282407522201538 0.02708333358168602 0.0694444477558136
0 0.5674479007720947 0.23749999701976776 0.03177083283662796 0.07870370149612427
3 0.6299479007720947 0.7439814805984497 0.05156249925494194 0.09537036716938019
0 0.4611979126930237 0.8129629492759705 0.0234375 0.07222222536802292