3 0.41093748807907104 0.5532407164573669 0.08645833283662796 0.06203703582286835
0 0.49817708134651184 0.8986111283302307 0.02031249925494194 0.05462963134050369
1 0.49817708134651184 0.8861111402511597 0.01927083358168602 0.03333333507180214
1 0.725781261920929 0.582870364189148 0.02552083320915699 0.03611111268401146
1 0.01536458358168602 0.5277777910232544 0.01822916604578495 0.029629629105329514
1 0.4346354305744171 0.5606481432914734 0.01927083358168602 0.032407406717538834
1 0.5213541388511658 0.8527777791023254 0.02083333395421505 0.03333333507180214
1 0.3984375 0.7916666865348816 0.01770833320915699 0.03703703731298447
0 0.7283853888511658 0.5824074149131775 0.0338541679084301 0.046296294778585434
1 0.7164062261581421 0.7152777910232544 0.01927083358168602 0.026851851493120193
1 0.04505208507180214 0.3847222328186035 0.015104166232049465 0.02500000037252903
1 0.38854166865348816 0.5560185313224792 0.01666666753590107 0.032407406717538834
1 0.6317708492279053 0.7240740656852722 0.01979166641831398 0.02777777798473835
1 0.03489583358168602 0.2606481611728668 0.012500000186264515 0.026851851493120193
1 0.3877604305744171 0.6185185313224792 0.01718750037252903 0.031481482088565826
1 0.7286458611488342 0.6384259462356567 0.01875000074505806 0.03055555559694767
0 0.014583333395421505 0.1884259283542633 0.02916666679084301 0.04537037014961243
0 0.7307291626930237 0.6083333492279053 0.04270833358168602 0.10925926268100739
0 0.522656261920929 0.8740741014480591 0.02656250074505806 0.0833333358168602
0 0.4244791567325592 0.5550925731658936 0.04791666567325592 0.06018518656492233
0 0.37552082538604736 0.6291666626930237 0.04270833358168602 0.06574074178934097
0 0.014583333395421505 0.5106481313705444 0.02812499925494194 0.07685185223817825
0 0.714062511920929 0.730555534362793 0.03437500074505806 0.06851851940155029
0 0.02421874925494194 0.2537037134170532 0.0390625 0.05925925821065903
0 0.3726562559604645 0.5574073791503906 0.04218750074505806 0.051851850003004074
0 0.046875 0.3731481432914734 0.03020833246409893 0.07037036865949631
0 0.02604166604578495 0.4416666626930237 0.0416666679084301 0.07037036865949631
0 0.4104166626930237 0.7875000238418579 0.05104166641831398 0.07314814627170563
0 0.6348958611488342 0.7509258985519409 0.03125 0.09074074029922485
0 0.48385417461395264 0.48055556416511536 0.0520833320915699 0.07407407462596893