1 0.46015626192092896 0.8685185313224792 0.01718750037252903 0.029629629105329514
0 0.45364582538604736 0.8564814925193787 0.03020833246409893 0.051851850003004074
1 0.49531251192092896 0.8745370507240295 0.01666666753590107 0.026851851493120193
1 0.5552083253860474 0.8745370507240295 0.01666666753590107 0.028703704476356506
3 0.4437499940395355 0.842129647731781 0.04791666567325592 0.07870370149612427
1 0.6627604365348816 0.5263888835906982 0.01614583283662796 0.028703704476356506
0 0.4856770932674408 0.875 0.03489583358168602 0.031481482088565826
1 0.4075520932674408 0.3430555462837219 0.01718750037252903 0.026851851493120193
3 0.4143229126930237 0.8074073791503906 0.08177082985639572 0.07037036865949631
1 0.4085937440395355 0.8087962865829468 0.013020833022892475 0.026851851493120193
1 0.6950520873069763 0.6990740895271301 0.01927083358168602 0.02777777798473835
1 0.3346354067325592 0.3638888895511627 0.01614583283662796 0.025925925001502037
1 0.5895833373069763 0.8472222089767456 0.014583333395421505 0.02777777798473835
1 0.4989583194255829 0.5606481432914734 0.01666666753590107 0.03055555559694767
0 0.43307292461395264 0.8106481432914734 0.0338541679084301 0.05277777835726738
1 0.5526041388511658 0.5212963223457336 0.01666666753590107 0.029629629105329514
1 0.5687500238418579 0.20370370149612427 0.01666666753590107 0.03333333507180214
0 0.604687511920929 0.8347222208976746 0.04062499850988388 0.06018518656492233
0 0.5557291507720947 0.8666666746139526 0.02083333395421505 0.051851850003004074
0 0.39531248807907104 0.7990740537643433 0.03958333283662796 0.051851850003004074
0 0.6979166865348816 0.6703703999519348 0.03333333507180214 0.08703703433275223
0 0.4127604067325592 0.322685182094574 0.03281249850988388 0.08425925672054291
0 0.6549479365348816 0.5064814686775208 0.03697916492819786 0.08148147910833359
0 0.5101562738418579 0.5740740895271301 0.04218750074505806 0.06851851940155029
0 0.34583333134651184 0.3490740656852722 0.04270833358168602 0.06296296417713165
0 0.5830729007720947 0.20185184478759766 0.04635416716337204 0.06296296417713165
0 0.5674479007720947 0.5310184955596924 0.04843749850988388 0.0694444477558136