1 0.4166666567325592 0.7162036895751953 0.014583333395421505 0.02500000037252903
1 0.5026041865348816 0.7388888597488403 0.01979166641831398 0.025925925001502037
1 0.6950520873069763 0.5731481313705444 0.01718750037252903 0.029629629105329514
1 0.33385416865348816 0.7300925850868225 0.014583333395421505 0.026851851493120193
1 0.48046875 0.7402777671813965 0.01406249962747097 0.02500000037252903
0 0.4450520873069763 0.8208333253860474 0.02968749962747097 0.07129629701375961
1 0.7093750238418579 0.519444465637207 0.01666666753590107 0.025925925001502037
1 0.4479166567325592 0.8435184955596924 0.01770833320915699 0.024074073880910873
1 0.4020833373069763 0.7268518805503845 0.01666666753590107 0.02777777798473835
1 0.6656249761581421 0.7370370626449585 0.014583333395421505 0.02777777798473835
1 0.7028645873069763 0.43981480598449707 0.01822916604578495 0.024074073880910873
0 0.4398437440395355 0.8449074029922485 0.03593749925494194 0.1120370402932167
1 0.3083333373069763 0.35185185074806213 0.01770833320915699 0.020370369777083397
0 0.3257812559604645 0.7231481671333313 0.03281249850988388 0.06481481343507767
0 0.7036458253860474 0.4138889014720917 0.03125 0.08148147910833359
1 0.5817708373069763 0.2925925850868225 0.01666666753590107 0.031481482088565826
0 0.5013020634651184 0.7578703761100769 0.02864583395421505 0.07685185223817825
0 0.31041666865348816 0.33287036418914795 0.02916666679084301 0.06759259104728699
0 0.6861979365348816 0.5564814805984497 0.04010416567325592 0.07777778059244156
0 0.7111979126930237 0.4972222149372101 0.03281249850988388 0.07592592388391495
0 0.3947916626930237 0.706944465637207 0.03020833246409893 0.07685185223817825
0 0.4713541567325592 0.727314829826355 0.03333333507180214 0.05833333358168602
0 0.6755208373069763 0.7259259223937988 0.03854166716337204 0.07037036865949631
0 0.42890626192092896 0.7013888955116272 0.03489583358168602 0.05462963134050369
0 0.592968761920929 0.28148147463798523 0.04843749850988388 0.07222222536802292