1 0.5286458134651184 0.8199074268341064 0.01875000074505806 0.034259259700775146
0 0.5239583253860474 0.8361111283302307 0.03437500074505806 0.04814814776182175
1 0.5054687261581421 0.5912036895751953 0.01718750037252903 0.032407406717538834
1 0.6169270873069763 0.47592592239379883 0.01406249962747097 0.02777777798473835
0 0.44999998807907104 0.8356481194496155 0.02812499925494194 0.03611111268401146
1 0.3958333432674408 0.7842592597007751 0.01875000074505806 0.031481482088565826
1 0.43307292461395264 0.33287036418914795 0.015104166232049465 0.026851851493120193
1 0.34583333134651184 0.7092592716217041 0.01770833320915699 0.025925925001502037
1 0.4893229305744171 0.572685182094574 0.01718750037252903 0.032407406717538834
1 0.4361979067325592 0.7240740656852722 0.01718750037252903 0.029629629105329514
1 0.53515625 0.48240742087364197 0.01718750037252903 0.02777777798473835
1 0.6148437261581421 0.5796296000480652 0.015104166232049465 0.029629629105329514
0 0.5062500238418579 0.824999988079071 0.04479166492819786 0.040740739554166794
1 0.4898437559604645 0.8180555701255798 0.01822916604578495 0.03055555559694767
0 0.6325520873069763 0.48148149251937866 0.0494791679084301 0.06481481343507767
0 0.4026041626930237 0.7962962985038757 0.03333333507180214 0.04814814776182175
0 0.4388020932674408 0.31203705072402954 0.03072916716337204 0.08518518507480621
0 0.49010416865348816 0.5967592597007751 0.05312500149011612 0.09351851791143417
0 0.4455729126930237 0.7365740537643433 0.03697916492819786 0.06388889253139496
0 0.628125011920929 0.5861111283302307 0.046875 0.06296296417713165
0 0.35104167461395264 0.7291666865348816 0.03437500074505806 0.07314814627170563
0 0.5328124761581421 0.5018518567085266 0.03333333507180214 0.0962962955236435