0 0.36851853132247925 0.3966194987297058 0.05000000074505806 0.05424528196454048
3 0.4416666626930237 0.3938679099082947 0.06851851940155029 0.0628930851817131
1 0.10000000149011612 0.43317610025405884 0.035185184329748154 0.025157231837511063
0 0.3856481611728668 0.286556601524353 0.05833333358168602 0.03694968670606613
3 0.2240740805864334 0.3895440399646759 0.09259258955717087 0.03380503132939339
1 0.4333333373069763 0.5864779949188232 0.08888889104127884 0.050314463675022125
3 0.3578703701496124 0.348270446062088 0.06574074178934097 0.05188679322600365
0 0.4435185194015503 0.39308175444602966 0.06851851940155029 0.06446541100740433
0 0.22453702986240387 0.3891509473323822 0.08425925672054291 0.03616352379322052
1 0.4027777910232544 0.44064465165138245 0.029629629105329514 0.02279874123632908
1 0.3643518388271332 0.3832547068595886 0.03055555559694767 0.019654087722301483
0 0.33379629254341125 0.26100629568099976 0.037962961941957474 0.025157231837511063
1 0.23287037014961243 0.4602987468242645 0.026851851493120193 0.027515722438693047
3 0.35462963581085205 0.2932389974594116 0.0962962955236435 0.04559748247265816
3 0.19907407462596893 0.4375 0.05740740895271301 0.062106918543577194
3 0.3560185134410858 0.27358490228652954 0.10277777910232544 0.05503144487738609
1 0.2527777850627899 0.3962264060974121 0.025925925001502037 0.022012578323483467
1 0.37453705072402954 0.3345125913619995 0.03055555559694767 0.021226415410637856
1 0.09212963283061981 0.46305030584335327 0.03055555559694767 0.022012578323483467
3 0.37037035822868347 0.3974056541919708 0.0555555559694767 0.057389937341213226
0 0.25555557012557983 0.465015709400177 0.07037036865949631 0.03537735715508461
1 0.4208333194255829 0.2566823959350586 0.028703704476356506 0.025943396613001823
1 0.427314817905426 0.4166666567325592 0.03055555559694767 0.020440252497792244
1 0.16990740597248077 0.5251572132110596 0.03055555559694767 0.02358490601181984
1 0.1856481432914734 0.41391509771347046 0.028703704476356506 0.019654087722301483
1 0.12222222238779068 0.3136792480945587 0.031481482088565826 0.02358490601181984
3 0.3351851999759674 0.2838050425052643 0.046296294778585434 0.06446541100740433
1 0.46388888359069824 0.5966981053352356 0.029629629105329514 0.028301887214183807
1 0.675000011920929 0.2920597493648529 0.031481482088565826 0.025943396613001823
1 0.33888888359069824 0.2586477994918823 0.029629629105329514 0.020440252497792244
0 0.42824074625968933 0.45361635088920593 0.08055555820465088 0.044025156646966934
1 0.5495370626449585 0.6084905862808228 0.034259259700775146 0.02987421303987503
0 0.21898147463798523 0.3266509473323822 0.037962961941957474 0.027515722438693047
0 0.19629628956317902 0.43396225571632385 0.05000000074505806 0.05345911905169487
0 0.4541666805744171 0.24842767417430878 0.08981481194496155 0.04559748247265816
0 0.6560184955596924 0.3125 0.07500000298023224 0.07154087722301483
0 0.1606481522321701 0.5019654035568237 0.04722222313284874 0.06525157392024994
0 0.5240740776062012 0.6124213933944702 0.0833333358168602 0.04716981202363968
0 0.43287035822868347 0.5864779949188232 0.08981481194496155 0.050314463675022125
0 0.0962962955236435 0.44889935851097107 0.05740740895271301 0.06603773683309555
0 0.13472221791744232 0.32429245114326477 0.07129629701375961 0.057389937341213226