1 0.4609375 0.831944465637207 0.014583333395421505 0.02500000037252903
1 0.3596354126930237 0.23287037014961243 0.01718750037252903 0.03055555559694767
3 0.31432291865348816 0.34675925970077515 0.02760416641831398 0.13240741193294525
1 0.5088541507720947 0.26157405972480774 0.015625 0.02500000037252903
1 0.4049479067325592 0.23101851344108582 0.01822916604578495 0.028703704476356506
1 0.6565104126930237 0.3453703820705414 0.01614583283662796 0.025925925001502037
1 0.3140625059604645 0.4037036895751953 0.01979166641831398 0.02777777798473835
0 0.4450520873069763 0.8212962746620178 0.03802083432674408 0.046296294778585434
1 0.31822916865348816 0.6856481432914734 0.01875000074505806 0.026851851493120193
1 0.522656261920929 0.1745370328426361 0.015104166232049465 0.026851851493120193
1 0.503125011920929 0.7578703761100769 0.01666666753590107 0.028703704476356506
1 0.48255208134651184 0.3481481373310089 0.01406249962747097 0.02777777798473835
0 0.37031251192092896 0.23287037014961243 0.03854166716337204 0.043518517166376114
0 0.3148437440395355 0.31712964177131653 0.0234375 0.0694444477558136
0 0.5518229007720947 0.3212963044643402 0.02968749962747097 0.09259258955717087
0 0.31432291865348816 0.3819444477558136 0.02552083320915699 0.07685185223817825
0 0.5114583373069763 0.17870371043682098 0.03541666641831398 0.04814814776182175
0 0.42005208134651184 0.21666666865348816 0.04010416567325592 0.04814814776182175
0 0.6627604365348816 0.3638888895511627 0.03177083283662796 0.08148147910833359
0 0.5161458253860474 0.244907408952713 0.03333333507180214 0.06759259104728699
0 0.4937500059604645 0.35648149251937866 0.04062499850988388 0.06666667014360428
0 0.3213541805744171 0.7023147940635681 0.03333333507180214 0.07129629701375961
0 0.4906249940395355 0.7458333373069763 0.046875 0.0694444477558136