1 0.2787036895751953 0.3977987468242645 0.035185184329748154 0.025157231837511063
0 0.3592592477798462 0.3608490526676178 0.04814814776182175 0.050314463675022125
1 0.13564814627170563 0.30974844098091125 0.028703704476356506 0.025157231837511063
3 0.3583333194255829 0.28262579441070557 0.07592592388391495 0.0762578621506691
1 0.37546294927597046 0.30267295241355896 0.026851851493120193 0.022012578323483467
1 0.36666667461395264 0.33608490228652954 0.031481482088565826 0.01808176189661026
0 0.14351852238178253 0.3183962404727936 0.05000000074505806 0.039308175444602966
1 0.10231481492519379 0.46226415038108826 0.032407406717538834 0.022012578323483467
0 0.40509259700775146 0.26729559898376465 0.07500000298023224 0.03773584961891174
3 0.3361110985279083 0.3191823959350586 0.10000000149011612 0.05817610025405884
3 0.35740742087364197 0.3522012531757355 0.05925925821065903 0.07389937341213226
1 0.18518517911434174 0.33647799491882324 0.02777777798473835 0.020440252497792244
0 0.19074073433876038 0.3624213933944702 0.05370370298624039 0.0628930851817131
1 0.2759259343147278 0.4430031478404999 0.029629629105329514 0.02279874123632908
0 0.2606481611728668 0.374213844537735 0.06018518656492233 0.044025156646966934
1 0.2680555582046509 0.40605345368385315 0.026851851493120193 0.019654087722301483
1 0.1814814805984497 0.5224056839942932 0.03703703731298447 0.027515722438693047
1 0.35092592239379883 0.2578616440296173 0.031481482088565826 0.01886792480945587
1 0.4263888895511627 0.26768869161605835 0.03055555559694767 0.02437106892466545
1 0.5305555462837219 0.6037735939025879 0.03333333507180214 0.026729559525847435
3 0.18981482088565826 0.3600628972053528 0.05740740895271301 0.069182388484478
0 0.30000001192092896 0.4508647918701172 0.07592592388391495 0.04009433835744858
0 0.2439814805984497 0.4237421452999115 0.0824074074625969 0.04088050499558449
1 0.47268518805503845 0.26768869161605835 0.03611111268401146 0.02279874123632908
0 0.1736111044883728 0.50157231092453 0.04722222313284874 0.07232704758644104
1 0.6138888597488403 0.6025943160057068 0.031481482088565826 0.025943396613001823
1 0.6847222447395325 0.28852200508117676 0.03611111268401146 0.028301887214183807
0 0.3828703761100769 0.44025155901908875 0.07685185223817825 0.044025156646966934
0 0.48842594027519226 0.24488992989063263 0.07314814627170563 0.07154087722301483
0 0.49861112236976624 0.599056601524353 0.08796296268701553 0.04716981202363968
0 0.6657407283782959 0.30778300762176514 0.07592592388391495 0.06839622557163239
0 0.5884259343147278 0.6084905862808228 0.07870370149612427 0.04716981202363968
0 0.10879629850387573 0.4457547068595886 0.049074072390794754 0.06446541100740433