1 0.59765625 0.6560184955596924 0.010937499813735485 0.01944444514811039
1 0.5684896111488342 0.6166666746139526 0.010937499813735485 0.020370369777083397
1 0.6302083134651184 0.6175925731658936 0.01145833358168602 0.018518518656492233
1 0.46171873807907104 0.7055555582046509 0.00989583320915699 0.018518518656492233
1 0.4596354067325592 0.6013888716697693 0.01197916641831398 0.01944444514811039
1 0.4541666805744171 0.7393518686294556 0.00937500037252903 0.017592592164874077
1 0.3958333432674408 0.7430555820465088 0.010416666977107525 0.021296296268701553
1 0.4557291567325592 0.36157408356666565 0.015625 0.01944444514811039
0 0.4520833194255829 0.7041666507720947 0.03020833246409893 0.034259259700775146
0 0.46484375 0.7495370507240295 0.02864583395421505 0.03611111268401146
0 0.4984374940395355 0.7976852059364319 0.02291666716337204 0.034259259700775146
0 0.6059895753860474 0.6652777791023254 0.02760416641831398 0.043518517166376114
0 0.4033854305744171 0.7351852059364319 0.02864583395421505 0.046296294778585434
0 0.5843750238418579 0.5615741014480591 0.01979166641831398 0.05833333358168602
0 0.5760416388511658 0.6189814805984497 0.02708333358168602 0.03981481492519379
0 0.4554687440395355 0.6143518686294556 0.02760416641831398 0.05648148059844971
0 0.6213541626930237 0.604629635810852 0.03229166567325592 0.051851850003004074
0 0.5622395873069763 0.7888888716697693 0.0234375 0.0555555559694767
0 0.48645833134651184 0.5120370388031006 0.03020833246409893 0.0555555559694767
0 0.45520833134651184 0.3421296179294586 0.02187499962747097 0.06018518656492233