4 0.6962962746620178 0.3974056541919708 0.09074074029922485 0.07783018797636032
3 0.6842592358589172 0.4665880501270294 0.046296294778585434 0.06053459271788597
4 0.26435184478759766 0.4033018946647644 0.07314814627170563 0.04559748247265816
1 0.6819444298744202 0.4854559600353241 0.032407406717538834 0.021226415410637856
1 0.6740740537643433 0.4241352081298828 0.03703703731298447 0.02279874123632908
0 0.2671296298503876 0.401729553937912 0.07685185223817825 0.04716981202363968
0 0.33194443583488464 0.30188679695129395 0.0416666679084301 0.06603773683309555
3 0.6939814686775208 0.3977987468242645 0.08981481194496155 0.07547169923782349
0 0.6574074029922485 0.527515709400177 0.06481481343507767 0.06132075563073158
0 0.6837962865829468 0.46894654631614685 0.043518517166376114 0.05424528196454048
0 0.32407405972480774 0.25314465165138245 0.05000000074505806 0.05188679322600365
1 0.2481481432914734 0.4095911979675293 0.031481482088565826 0.025157231837511063
0 0.4097222089767456 0.2696540951728821 0.07870370149612427 0.034591194242239
1 0.6759259104728699 0.5082547068595886 0.025925925001502037 0.019654087722301483
1 0.0824074074625969 0.46108490228652954 0.035185184329748154 0.02437106892466545
1 0.3046296238899231 0.3333333432674408 0.024074073880910873 0.02358490601181984
1 0.322685182094574 0.23073899745941162 0.03611111268401146 0.02279874123632908
1 0.33287036418914795 0.3262578547000885 0.028703704476356506 0.022012578323483467
1 0.4662036895751953 0.2991352081298828 0.03055555559694767 0.019654087722301483
1 0.4375 0.2704402506351471 0.028703704476356506 0.02358490601181984
1 0.21944443881511688 0.3828616440296173 0.031481482088565826 0.028301887214183807
1 0.3768518567085266 0.5503144860267639 0.035185184329748154 0.02358490601181984
1 0.24722221493721008 0.4850628972053528 0.035185184329748154 0.026729559525847435
1 0.15694443881511688 0.5224056839942932 0.032407406717538834 0.02437106892466545
1 0.10833333432674408 0.3128930926322937 0.031481482088565826 0.02987421303987503
1 0.6069444417953491 0.3191823959350586 0.032407406717538834 0.020440252497792244
1 0.4712963104248047 0.23506289720535278 0.03333333507180214 0.025157231837511063
0 0.4958333373069763 0.250786155462265 0.0824074074625969 0.056603774428367615
0 0.23101851344108582 0.464229553937912 0.07129629701375961 0.06839622557163239
0 0.6152777671813965 0.3466981053352356 0.06018518656492233 0.07075471431016922
0 0.14629629254341125 0.5027515888214111 0.05740740895271301 0.06996855139732361
0 0.2898148000240326 0.3313679099082947 0.05925925821065903 0.04009433835744858
0 0.1875 0.38718554377555847 0.0824074074625969 0.044811319559812546
0 0.375 0.580974817276001 0.05370370298624039 0.07075471431016922
0 0.4712963104248047 0.32940250635147095 0.04814814776182175 0.07704402506351471
0 0.08564814925193787 0.4426100552082062 0.05277777835726738 0.06761006265878677
0 0.12175925821065903 0.321540892124176 0.0694444477558136 0.056603774428367615