1 0.51171875 0.6870370507240295 0.013020833022892475 0.020370369777083397
0 0.5041666626930237 0.6925926208496094 0.02708333358168602 0.035185184329748154
1 0.5052083134651184 0.7384259104728699 0.01145833358168602 0.01944444514811039
1 0.6403645873069763 0.529629647731781 0.015104166232049465 0.02222222276031971
1 0.42239582538604736 0.38842591643333435 0.014583333395421505 0.01944444514811039
1 0.44140625 0.8050925731658936 0.01197916641831398 0.017592592164874077
0 0.5166666507720947 0.7342592477798462 0.03020833246409893 0.031481482088565826
0 0.4359374940395355 0.7925925850868225 0.02083333395421505 0.03888889029622078
0 0.46484375 0.8162037134170532 0.02447916753590107 0.032407406717538834
0 0.4247395694255829 0.3708333373069763 0.02135416679084301 0.05833333358168602
0 0.4554687440395355 0.6800925731658936 0.02239583246409893 0.05833333358168602
0 0.4690104126930237 0.5574073791503906 0.02239583246409893 0.0555555559694767
0 0.6385416388511658 0.5472221970558167 0.02291666716337204 0.06666667014360428
0 0.4338541626930237 0.6208333373069763 0.02500000037252903 0.04722222313284874
0 0.4046874940395355 0.7277777791023254 0.02187499962747097 0.05925925821065903
0 0.6080729365348816 0.697685182094574 0.03177083283662796 0.04537037014961243