0 0.668749988079071 0.8046296238899231 0.02708333358168602 0.03703703731298447
1 0.5132812261581421 0.885185182094574 0.015104166232049465 0.029629629105329514
1 0.4544270932674408 0.8680555820465088 0.01406249962747097 0.028703704476356506
0 0.66015625 0.8263888955116272 0.0442708320915699 0.08981481194496155
0 0.0416666679084301 0.3421296179294586 0.02812499925494194 0.11388888955116272
0 0.5388020873069763 0.8814814686775208 0.02447916753590107 0.05000000074505806
1 0.6645833253860474 0.7986111044883728 0.01770833320915699 0.026851851493120193
0 0.3684895932674408 0.7564814686775208 0.0390625 0.08888889104127884
0 0.5052083134651184 0.8787037134170532 0.03437500074505806 0.040740739554166794
0 0.651562511920929 0.8439815044403076 0.02708333358168602 0.049074072390794754
1 0.04322916641831398 0.2967592477798462 0.01666666753590107 0.026851851493120193
1 0.015104166232049465 0.5259259343147278 0.01770833320915699 0.02777777798473835
3 0.37578123807907104 0.75 0.04843749850988388 0.0962962955236435
1 0.5447916388511658 0.8694444298744202 0.01770833320915699 0.029629629105329514
1 0.0455729179084301 0.385185182094574 0.01822916604578495 0.02777777798473835
0 0.04505208507180214 0.3722222149372101 0.02552083320915699 0.07592592388391495
0 0.014322916977107525 0.1893518567085266 0.02864583395421505 0.037962961941957474
1 0.03541666641831398 0.22962963581085205 0.012500000186264515 0.02222222276031971
0 0.4580729305744171 0.8495370149612427 0.02447916753590107 0.0694444477558136
1 0.573437511920929 0.6694444417953491 0.01770833320915699 0.03333333507180214
0 0.36640626192092896 0.7749999761581421 0.02760416641831398 0.05000000074505806
1 0.571093738079071 0.18796296417713165 0.01822916604578495 0.035185184329748154
0 0.3825520873069763 0.7277777791023254 0.03697916492819786 0.05370370298624039
3 0.6606770753860474 0.8259259462356567 0.04531250149011612 0.08888889104127884
0 0.01406249962747097 0.5078703761100769 0.02708333358168602 0.07870370149612427
0 0.04140625149011612 0.3134259283542633 0.0234375 0.06759259104728699
0 0.03098958358168602 0.24351851642131805 0.02864583395421505 0.0555555559694767
0 0.5635416507720947 0.6564815044403076 0.04479166492819786 0.06851851940155029
0 0.5591145753860474 0.1796296238899231 0.04843749850988388 0.06851851940155029