0 0.539843738079071 0.8060185313224792 0.02239583246409893 0.06018518656492233
1 0.6549479365348816 0.7870370149612427 0.015104166232049465 0.020370369777083397
1 0.5570312738418579 0.5347222089767456 0.015104166232049465 0.028703704476356506
1 0.5630208253860474 0.6615740656852722 0.01666666753590107 0.03055555559694767
0 0.60546875 0.831944465637207 0.03177083283662796 0.04722222313284874
1 0.7236979007720947 0.4625000059604645 0.01718750037252903 0.02500000037252903
1 0.6812499761581421 0.7240740656852722 0.01666666753590107 0.02777777798473835
1 0.5283854007720947 0.8819444179534912 0.01718750037252903 0.021296296268701553
1 0.7145833373069763 0.6106481552124023 0.01875000074505806 0.026851851493120193
1 0.5963541865348816 0.6611111164093018 0.01979166641831398 0.025925925001502037
1 0.5166666507720947 0.4124999940395355 0.01979166641831398 0.026851851493120193
0 0.6447916626930237 0.8060185313224792 0.03437500074505806 0.05833333358168602
1 0.5497395992279053 0.15740740299224854 0.01927083358168602 0.031481482088565826
0 0.553906261920929 0.6796296238899231 0.03489583358168602 0.06666667014360428
0 0.5997396111488342 0.6370370388031006 0.02968749962747097 0.0833333358168602
0 0.7124999761581421 0.637499988079071 0.02708333358168602 0.07314814627170563
3 0.5322916507720947 0.8361111283302307 0.03333333507180214 0.11851851642131805
0 0.7239583134651184 0.4819444417953491 0.02812499925494194 0.07685185223817825
0 0.6770833134651184 0.7412037253379822 0.03333333507180214 0.05833333358168602
0 0.5289062261581421 0.8615740537643433 0.02447916753590107 0.06388889253139496
0 0.5210937261581421 0.4356481432914734 0.03177083283662796 0.08981481194496155
0 0.557812511920929 0.17777778208255768 0.03541666641831398 0.07962962985038757
0 0.5687500238418579 0.5263888835906982 0.04270833358168602 0.06574074178934097