1 0.33255207538604736 0.25740739703178406 0.01406249962747097 0.02222222276031971
0 0.28984373807907104 0.3791666626930237 0.02447916753590107 0.0694444477558136
0 0.4039062559604645 0.842129647731781 0.05572916567325592 0.05648148059844971
1 0.30859375 0.3569444417953491 0.015104166232049465 0.02500000037252903
3 0.4085937440395355 0.8490740656852722 0.06302083283662796 0.06111111119389534
3 0.30807292461395264 0.35462963581085205 0.03281249850988388 0.1240740716457367
3 0.6526041626930237 0.3314814865589142 0.05520833283662796 0.12962962687015533
1 0.4505208432674408 0.16527777910232544 0.01666666753590107 0.026851851493120193
1 0.30416667461395264 0.33888888359069824 0.015625 0.020370369777083397
0 0.6427083611488342 0.30000001192092896 0.03541666641831398 0.06481481343507767
1 0.6333333253860474 0.2856481373310089 0.015625 0.03055555559694767
0 0.3932291567325592 0.8337963223457336 0.03229166567325592 0.03981481492519379
1 0.3851562440395355 0.8305555582046509 0.01406249962747097 0.024074073880910873
0 0.42109376192092896 0.8606481552124023 0.03072916716337204 0.03981481492519379
1 0.5257812738418579 0.3777777850627899 0.01822916604578495 0.02777777798473835
1 0.5002604126930237 0.16249999403953552 0.01614583283662796 0.026851851493120193
1 0.28723958134651184 0.39444443583488464 0.01718750037252903 0.025925925001502037
0 0.31067708134651184 0.3819444477558136 0.02135416679084301 0.07685185223817825
0 0.3098958432674408 0.3203703761100769 0.03125 0.07037036865949631
1 0.2786458432674408 0.5768518447875977 0.01875000074505806 0.031481482088565826
0 0.45234376192092896 0.8740741014480591 0.0338541679084301 0.03703703731298447
0 0.6645833253860474 0.369907408952713 0.03437500074505806 0.0694444477558136
0 0.2825520932674408 0.592129647731781 0.03281249850988388 0.07685185223817825
0 0.512499988079071 0.1597222238779068 0.0364583320915699 0.04537037014961243
0 0.3382812440395355 0.24768517911434174 0.02968749962747097 0.05648148059844971
0 0.526562511920929 0.3550925850868225 0.02916666679084301 0.09166666865348816
0 0.45755207538604736 0.1546296328306198 0.03593749925494194 0.05925925821065903