1 0.4515624940395355 0.8425925970077515 0.015625 0.025925925001502037
1 0.5044270753860474 0.14953704178333282 0.01822916604578495 0.032407406717538834
0 0.36536458134651184 0.28842592239379883 0.02760416641831398 0.06203703582286835
0 0.4468750059604645 0.7629629373550415 0.04062499850988388 0.05370370298624039
1 0.3895833194255829 0.2083333283662796 0.015625 0.029629629105329514
0 0.3411458432674408 0.2874999940395355 0.02291666716337204 0.06203703582286835
1 0.48385417461395264 0.16342592239379883 0.01875000074505806 0.03055555559694767
1 0.5591145753860474 0.15555556118488312 0.01614583283662796 0.029629629105329514
1 0.46015626192092896 0.16249999403953552 0.01614583283662796 0.032407406717538834
0 0.4856770932674408 0.1527777761220932 0.0234375 0.05000000074505806
0 0.5151041746139526 0.14814814925193787 0.03958333283662796 0.04259259253740311
1 0.3057291805744171 0.4912036955356598 0.01770833320915699 0.026851851493120193
1 0.5270833373069763 0.27037036418914795 0.01666666753590107 0.031481482088565826
3 0.35546875 0.2856481373310089 0.05781250074505806 0.08055555820465088
1 0.5591145753860474 0.3499999940395355 0.01822916604578495 0.02777777798473835
0 0.4429687559604645 0.8268518447875977 0.03281249850988388 0.051851850003004074
0 0.44609373807907104 0.1587962955236435 0.0442708320915699 0.05092592537403107
0 0.37890625 0.2171296328306198 0.0338541679084301 0.05277777835726738
0 0.5708333253860474 0.15555556118488312 0.04270833358168602 0.05000000074505806
0 0.30390626192092896 0.4652777910232544 0.02864583395421505 0.08796296268701553
0 0.5640624761581421 0.3731481432914734 0.0364583320915699 0.09444444626569748
0 0.5414062738418579 0.2657407522201538 0.05364583432674408 0.06296296417713165