1 0.5700520873069763 0.2101851850748062 0.01718750037252903 0.029629629105329514
1 0.5604166388511658 0.5379629731178284 0.015625 0.025925925001502037
0 0.559374988079071 0.1935185194015503 0.04062499850988388 0.06481481343507767
1 0.6067708134651184 0.6745370626449585 0.01770833320915699 0.026851851493120193
1 0.30520832538604736 0.3662036955356598 0.01666666753590107 0.028703704476356506
1 0.6135416626930237 0.6282407641410828 0.01770833320915699 0.028703704476356506
1 0.6596354246139526 0.668055534362793 0.01927083358168602 0.026851851493120193
1 0.3330729305744171 0.47777777910232544 0.02031249925494194 0.02777777798473835
1 0.4625000059604645 0.3236111104488373 0.015625 0.03055555559694767
1 0.6520833373069763 0.4157407283782959 0.01875000074505806 0.029629629105329514
1 0.37187498807907104 0.22962963581085205 0.01666666753590107 0.02777777798473835
1 0.4520833194255829 0.28611111640930176 0.01666666753590107 0.031481482088565826
1 0.6734374761581421 0.5185185074806213 0.01875000074505806 0.02777777798473835
1 0.3317708373069763 0.38240739703178406 0.01770833320915699 0.031481482088565826
0 0.38489583134651184 0.2134259194135666 0.04374999925494194 0.06018518656492233
0 0.29609376192092896 0.3837963044643402 0.0338541679084301 0.0694444477558136
0 0.43697917461395264 0.29722222685813904 0.0416666679084301 0.05740740895271301
0 0.4781250059604645 0.3393518626689911 0.04374999925494194 0.05833333358168602
0 0.6794270873069763 0.5393518805503845 0.03489583358168602 0.07870370149612427
0 0.6020833253860474 0.6990740895271301 0.03125 0.07777778059244156
0 0.33411458134651184 0.5037037134170532 0.03281249850988388 0.09259258955717087
0 0.567187488079071 0.5578703880310059 0.03229166567325592 0.0824074074625969
0 0.6408854126930237 0.43194442987442017 0.04010416567325592 0.07129629701375961
0 0.657031238079071 0.6930555701255798 0.03072916716337204 0.07500000298023224
0 0.34583333134651184 0.3717592656612396 0.046875 0.06018518656492233
0 0.6221354007720947 0.6111111044883728 0.03802083432674408 0.06666667014360428