4 0.5036458373069763 0.5606481432914734 0.04583333432674408 0.08796296268701553
1 0.5177083611488342 0.5648148059844971 0.02083333395421505 0.05370370298624039
1 0.49791666865348816 0.8865740895271301 0.01875000074505806 0.032407406717538834
0 0.49817708134651184 0.8967592716217041 0.01927083358168602 0.04722222313284874
0 0.5026041865348816 0.5587962865829468 0.04479166492819786 0.08796296268701553
1 0.72265625 0.6800925731658936 0.02031249925494194 0.023148147389292717
1 0.01536458358168602 0.5273148417472839 0.01822916604578495 0.028703704476356506
1 0.5205729007720947 0.8537036776542664 0.01927083358168602 0.029629629105329514
0 0.5518229007720947 0.5814814567565918 0.04010416567325592 0.05740740895271301
1 0.633593738079071 0.7287036776542664 0.01927083358168602 0.024074073880910873
1 0.03463541716337204 0.260185182094574 0.013020833022892475 0.02777777798473835
1 0.657031238079071 0.6907407641410828 0.01822916604578495 0.025925925001502037
1 0.0455729179084301 0.3856481611728668 0.015104166232049465 0.023148147389292717
1 0.3348958194255829 0.654629647731781 0.01875000074505806 0.025925925001502037
1 0.38854166865348816 0.6162037253379822 0.015625 0.032407406717538834
0 0.014583333395421505 0.18888889253139496 0.02916666679084301 0.04444444552063942
1 0.6226562261581421 0.2273148149251938 0.01614583283662796 0.03055555559694767
0 0.7281249761581421 0.6597222089767456 0.03020833246409893 0.0694444477558136
0 0.5218750238418579 0.8726851940155029 0.02395833283662796 0.07129629701375961
0 0.014322916977107525 0.510185182094574 0.02864583395421505 0.07592592388391495
0 0.7138020992279053 0.730555534362793 0.02760416641831398 0.06111111119389534
0 0.6341145634651184 0.7564814686775208 0.02760416641831398 0.07592592388391495
0 0.02421874925494194 0.2541666626930237 0.03802083432674408 0.05833333358168602
0 0.04583333432674408 0.37268519401550293 0.02812499925494194 0.0694444477558136
0 0.6333333253860474 0.2370370328426361 0.03854166716337204 0.06111111119389534
0 0.6502603888511658 0.6652777791023254 0.0338541679084301 0.07870370149612427
0 0.02630208246409893 0.44212964177131653 0.04114583507180214 0.0694444477558136
0 0.3343749940395355 0.6800925731658936 0.02708333358168602 0.0824074074625969
0 0.3765625059604645 0.6222222447395325 0.04791666567325592 0.06851851940155029