0 0.3434895873069763 0.3166666626930237 0.0442708320915699 0.09074074029922485
3 0.3817708194255829 0.23472222685813904 0.05104166641831398 0.08981481194496155
0 0.4130208194255829 0.8296296000480652 0.03541666641831398 0.046296294778585434
1 0.5588541626930237 0.5361111164093018 0.015625 0.02777777798473835
0 0.3981770873069763 0.8222222328186035 0.0494791679084301 0.06296296417713165
1 0.5802083611488342 0.6569444537162781 0.01666666753590107 0.032407406717538834
1 0.3330729305744171 0.34675925970077515 0.01927083358168602 0.03055555559694767
0 0.35624998807907104 0.2888889014720917 0.02812499925494194 0.05740740895271301
0 0.37890625 0.24444444477558136 0.02864583395421505 0.051851850003004074
0 0.3346354067325592 0.3351851999759674 0.02552083320915699 0.05740740895271301
1 0.5966145992279053 0.6592592597007751 0.01822916604578495 0.02777777798473835
1 0.6645833253860474 0.25740739703178406 0.01770833320915699 0.031481482088565826
3 0.3695312440395355 0.7648147940635681 0.06406249850988388 0.07962962985038757
1 0.5083333253860474 0.8490740656852722 0.01875000074505806 0.03333333507180214
3 0.39401042461395264 0.21666666865348816 0.05781250074505806 0.0833333358168602
0 0.4065104126930237 0.20509259402751923 0.0338541679084301 0.05833333358168602
3 0.40052083134651184 0.8111110925674438 0.06041666492819786 0.07592592388391495
0 0.6020833253860474 0.6365740895271301 0.02812499925494194 0.08611111342906952
0 0.35624998807907104 0.7495370507240295 0.03229166567325592 0.05462963134050369
0 0.5221354365348816 0.8462963104248047 0.04739583283662796 0.05370370298624039
0 0.5651041865348816 0.664814829826355 0.04062499850988388 0.06111111119389534
3 0.34765625 0.31203705072402954 0.05260416492819786 0.10370370000600815
0 0.6546875238418579 0.27314814925193787 0.03854166716337204 0.07407407462596893
0 0.5687500238418579 0.5245370268821716 0.04479166492819786 0.07314814627170563