1 0.5236979126930237 0.4671296179294586 0.01718750037252903 0.028703704476356506
0 0.44479167461395264 0.8449074029922485 0.05833333358168602 0.0694444477558136
0 0.4049479067325592 0.7902777791023254 0.02968749962747097 0.049074072390794754
0 0.43020832538604736 0.8291666507720947 0.03020833246409893 0.04537037014961243
0 0.5325520634651184 0.4703703820705414 0.03697916492819786 0.04814814776182175
0 0.5403645634651184 0.41898149251937866 0.03697916492819786 0.04537037014961243
3 0.5518229007720947 0.4532407522201538 0.06614582985639572 0.07129629701375961
0 0.41588541865348816 0.7907407283782959 0.04843749850988388 0.06481481343507767
3 0.5419270992279053 0.37962964177131653 0.04218750074505806 0.1111111119389534
1 0.5286458134651184 0.8597221970558167 0.015625 0.028703704476356506
0 0.5453125238418579 0.37268519401550293 0.03541666641831398 0.06388889253139496
1 0.7213541865348816 0.5680555701255798 0.01666666753590107 0.02500000037252903
0 0.5651041865348816 0.45185184478759766 0.04062499850988388 0.04814814776182175
3 0.4151041805744171 0.7958333492279053 0.0572916679084301 0.0694444477558136
3 0.4429687559604645 0.8458333611488342 0.06302083283662796 0.07129629701375961
1 0.5023437738418579 0.5087962746620178 0.01927083358168602 0.026851851493120193
0 0.45755207538604736 0.854629635810852 0.03281249850988388 0.05740740895271301
3 0.5325520634651184 0.3513889014720917 0.05260416492819786 0.10833333432674408
0 0.5013020634651184 0.4870370328426361 0.0234375 0.07592592388391495
0 0.5205729007720947 0.3212963044643402 0.03489583358168602 0.05925925821065903
0 0.3447916805744171 0.2953703701496124 0.03125 0.06666667014360428
0 0.7247396111488342 0.5509259104728699 0.02968749962747097 0.08703703433275223
0 0.6552083492279053 0.20972222089767456 0.03333333507180214 0.06203703582286835