3 0.5614583492279053 0.44212964177131653 0.04479166492819786 0.06018518656492233
0 0.5921875238418579 0.8513888716697693 0.04270833358168602 0.06203703582286835
3 0.5354166626930237 0.42222222685813904 0.0625 0.06666667014360428
1 0.49609375 0.8444444537162781 0.013020833022892475 0.029629629105329514
1 0.5283854007720947 0.8583333492279053 0.015104166232049465 0.029629629105329514
1 0.4958333373069763 0.855555534362793 0.01354166679084301 0.031481482088565826
0 0.5208333134651184 0.41111111640930176 0.03437500074505806 0.05000000074505806
0 0.4919270873069763 0.3837963044643402 0.02656250074505806 0.05092592537403107
1 0.5697916746139526 0.4703703820705414 0.01770833320915699 0.024074073880910873
0 0.5158854126930237 0.3412036895751953 0.03593749925494194 0.0416666679084301
1 0.42760416865348816 0.8273147940635681 0.012500000186264515 0.026851851493120193
0 0.3111979067325592 0.5222222208976746 0.02864583395421505 0.0555555559694767
1 0.6473958492279053 0.21759259700775146 0.01666666753590107 0.02222222276031971
1 0.5622395873069763 0.3689814805984497 0.015104166232049465 0.02500000037252903
1 0.4546875059604645 0.8500000238418579 0.015625 0.02777777798473835
3 0.5661458373069763 0.47870370745658875 0.03541666641831398 0.11851851642131805
3 0.4919270873069763 0.41620370745658875 0.02968749962747097 0.13055555522441864
1 0.6979166865348816 0.3125 0.01875000074505806 0.02500000037252903
0 0.31718748807907104 0.5824074149131775 0.03333333507180214 0.06296296417713165
0 0.4958333373069763 0.44305557012557983 0.02395833283662796 0.0694444477558136
0 0.5692708492279053 0.4981481432914734 0.02500000037252903 0.07222222536802292
0 0.5546875 0.3550925850868225 0.03541666641831398 0.05648148059844971
3 0.31562501192092896 0.5569444298744202 0.03333333507180214 0.11388888955116272
0 0.6450520753860474 0.2013888955116272 0.03177083283662796 0.06203703582286835
0 0.6950520873069763 0.29398149251937866 0.03177083283662796 0.06388889253139496
0 0.4671874940395355 0.8569444417953491 0.04374999925494194 0.06388889253139496
0 0.41848957538604736 0.8263888955116272 0.03593749925494194 0.05462963134050369