0 0.4281249940395355 0.39259257912635803 0.0677083358168602 0.07962962985038757
1 0.574999988079071 0.7875000238418579 0.01666666753590107 0.02500000037252903
3 0.39140623807907104 0.3620370328426361 0.06614582985639572 0.06111111119389534
1 0.5401041507720947 0.7212963104248047 0.01666666753590107 0.025925925001502037
0 0.5874999761581421 0.7490741014480591 0.046875 0.10185185074806213
1 0.3388020694255829 0.33287036418914795 0.02135416679084301 0.032407406717538834
1 0.563281238079071 0.6611111164093018 0.015104166232049465 0.025925925001502037
1 0.5703125 0.8157407641410828 0.015625 0.024074073880910873
0 0.592968761920929 0.7310185432434082 0.03281249850988388 0.043518517166376114
0 0.3760416805744171 0.35370370745658875 0.03229166567325592 0.046296294778585434
1 0.5317708253860474 0.8782407641410828 0.01666666753590107 0.026851851493120193
0 0.4075520932674408 0.369907408952713 0.03489583358168602 0.043518517166376114
0 0.5536458492279053 0.6782407164573669 0.03750000149011612 0.0694444477558136
1 0.5395833253860474 0.5611110925674438 0.015625 0.029629629105329514
1 0.6658853888511658 0.4967592656612396 0.015104166232049465 0.03055555559694767
0 0.5390625 0.75 0.02708333358168602 0.07962962985038757
1 0.550000011920929 0.15925925970077515 0.02187499962747097 0.03333333507180214
3 0.5854166746139526 0.7509258985519409 0.046875 0.10185185074806213
3 0.3622395694255829 0.33888888359069824 0.07135416567325592 0.07777778059244156
0 0.5700520873069763 0.8439815044403076 0.02760416641831398 0.07685185223817825
3 0.42760416865348816 0.3888888955116272 0.06979166716337204 0.08148147910833359
0 0.5299479365348816 0.8615740537643433 0.02864583395421505 0.06203703582286835
0 0.4429687559604645 0.40416666865348816 0.03802083432674408 0.05462963134050369
0 0.6794270873069763 0.4902777671813965 0.05052083358168602 0.07129629701375961
0 0.5570312738418579 0.18009258806705475 0.03489583358168602 0.08425925672054291
0 0.34166666865348816 0.3254629671573639 0.03125 0.05462963134050369
0 0.5518229007720947 0.5569444298744202 0.04739583283662796 0.07129629701375961