0 0.581944465637207 0.28773584961891174 0.037962961941957474 0.028301887214183807
1 0.6263889074325562 0.3958333432674408 0.03055555559694767 0.016509434208273888
1 0.3375000059604645 0.2790880501270294 0.03055555559694767 0.020440252497792244
0 0.5958333611488342 0.29520440101623535 0.0694444477558136 0.05267295613884926
0 0.6268518567085266 0.43514150381088257 0.040740739554166794 0.03694968670606613
3 0.5976851582527161 0.29559749364852905 0.0694444477558136 0.05188679322600365
1 0.6175925731658936 0.3113207519054413 0.029629629105329514 0.025157231837511063
0 0.5393518805503845 0.28773584961891174 0.037962961941957474 0.02987421303987503
1 0.5462962985038757 0.2897012531757355 0.025925925001502037 0.02437106892466545
1 0.48148149251937866 0.3820754587650299 0.03888889029622078 0.026729559525847435
1 0.6513888835906982 0.3046383559703827 0.026851851493120193 0.02279874123632908
0 0.625 0.40055030584335327 0.04259259253740311 0.02908805012702942
1 0.3898148238658905 0.33647799491882324 0.029629629105329514 0.020440252497792244
1 0.10277777910232544 0.49528300762176514 0.03703703731298447 0.025157231837511063
0 0.33888888359069824 0.3050314486026764 0.040740739554166794 0.07075471431016922
3 0.33888888359069824 0.3046383559703827 0.04259259253740311 0.06996855139732361
0 0.41203704476356506 0.5511006116867065 0.05000000074505806 0.07861635088920593
1 0.33287036418914795 0.25393080711364746 0.02500000037252903 0.020440252497792244
1 0.42407408356666565 0.4803459048271179 0.025925925001502037 0.020440252497792244
1 0.6703703999519348 0.5373427867889404 0.02777777798473835 0.019654087722301483
0 0.5 0.3970125913619995 0.07037036865949631 0.05974842607975006
0 0.5041666626930237 0.285770446062088 0.06388889253139496 0.027515722438693047
1 0.19583334028720856 0.4375 0.034259259700775146 0.021226415410637856
0 0.36342594027519226 0.25235849618911743 0.0824074074625969 0.03616352379322052
1 0.42314815521240234 0.5766509175300598 0.031481482088565826 0.021226415410637856
1 0.16712963581085205 0.551886796951294 0.037962961941957474 0.025157231837511063
1 0.1268518567085266 0.35180819034576416 0.029629629105329514 0.02437106892466545
1 0.2587963044643402 0.5176886916160583 0.028703704476356506 0.021226415410637856
1 0.7152777910232544 0.33805030584335327 0.032407406717538834 0.022012578323483467
0 0.4495370388031006 0.474056601524353 0.08796296268701553 0.04088050499558449
0 0.6726852059364319 0.311713844537735 0.06759259104728699 0.03694968670606613
3 0.6259258985519409 0.42099055647850037 0.05000000074505806 0.06996855139732361
0 0.654629647731781 0.5589622855186462 0.06111111119389534 0.06132075563073158
0 0.38749998807907104 0.32193395495414734 0.04722222313284874 0.06839622557163239
0 0.24351851642131805 0.4984276592731476 0.07037036865949631 0.06603773683309555
0 0.7287036776542664 0.35652515292167664 0.06111111119389534 0.057389937341213226
0 0.19814814627170563 0.4186320900917053 0.04814814776182175 0.062106918543577194
0 0.16203702986240387 0.5334119200706482 0.05000000074505806 0.06682389974594116
0 0.10648148506879807 0.4787735939025879 0.05000000074505806 0.0628930851817131
0 0.14027777314186096 0.3608490526676178 0.06388889253139496 0.05188679322600365