1 0.35208332538604736 0.2291666716337204 0.01875000074505806 0.026851851493120193
1 0.30807292461395264 0.707870364189148 0.01614583283662796 0.023148147389292717
0 0.35338541865348816 0.2291666716337204 0.02239583246409893 0.032407406717538834
3 0.3656249940395355 0.21203704178333282 0.05000000074505806 0.06851851940155029
1 0.4781250059604645 0.7462962865829468 0.01354166679084301 0.020370369777083397
1 0.3557291626930237 0.7879629731178284 0.012500000186264515 0.020370369777083397
1 0.3356770873069763 0.7592592835426331 0.01406249962747097 0.02222222276031971
1 0.34557291865348816 0.35462963581085205 0.01718750037252903 0.025925925001502037
1 0.3177083432674408 0.2995370328426361 0.01666666753590107 0.026851851493120193
1 0.40234375 0.43611112236976624 0.01822916604578495 0.025925925001502037
1 0.4528645873069763 0.3523148000240326 0.01614583283662796 0.03055555559694767
1 0.6526041626930237 0.6754629611968994 0.014583333395421505 0.026851851493120193
1 0.4205729067325592 0.8018518686294556 0.01822916604578495 0.02777777798473835
0 0.3578124940395355 0.21574074029922485 0.03229166567325592 0.05925925821065903
1 0.5257812738418579 0.3777777850627899 0.01822916604578495 0.025925925001502037
0 0.38203126192092896 0.20462962985038757 0.02135416679084301 0.051851850003004074
0 0.3278645873069763 0.7472222447395325 0.02864583395421505 0.04814814776182175
0 0.3018229305744171 0.6898148059844971 0.02656250074505806 0.05925925821065903
0 0.4020833373069763 0.45694443583488464 0.03020833246409893 0.08055555820465088
0 0.3645833432674408 0.802314817905426 0.02916666679084301 0.05092592537403107
0 0.528124988079071 0.35462963581085205 0.03020833246409893 0.07962962985038757
0 0.4403645694255829 0.3680555522441864 0.04114583507180214 0.06388889253139496
0 0.32421875 0.2847222089767456 0.03177083283662796 0.06203703582286835
0 0.6468750238418579 0.6625000238418579 0.03333333507180214 0.0694444477558136
0 0.4820312559604645 0.729629635810852 0.03072916716337204 0.06481481343507767
0 0.33984375 0.3722222149372101 0.0338541679084301 0.06851851940155029
0 0.4117187559604645 0.8180555701255798 0.03593749925494194 0.06018518656492233