1 0.67578125 0.6967592835426331 0.01614583283662796 0.03055555559694767
1 0.44218748807907104 0.8560185432434082 0.01979166641831398 0.028703704476356506
3 0.4234375059604645 0.8657407164573669 0.05624999850988388 0.09074074029922485
0 0.41848957538604736 0.8564814925193787 0.04322916641831398 0.07777778059244156
1 0.5330728888511658 0.8745370507240295 0.01718750037252903 0.026851851493120193
1 0.3192708194255829 0.39814814925193787 0.015625 0.024074073880910873
1 0.43411457538604736 0.8583333492279053 0.015104166232049465 0.031481482088565826
1 0.6911458373069763 0.6481481194496155 0.015625 0.020370369777083397
0 0.4117187559604645 0.8458333611488342 0.03281249850988388 0.049074072390794754
3 0.6541666388511658 0.7569444179534912 0.0520833320915699 0.1101851835846901
1 0.29869791865348816 0.6259258985519409 0.01822916604578495 0.02777777798473835
1 0.3760416805744171 0.3787037134170532 0.014583333395421505 0.029629629105329514
0 0.4401041567325592 0.8787037134170532 0.02812499925494194 0.06666667014360428
1 0.4046874940395355 0.8370370268821716 0.01666666753590107 0.02777777798473835
1 0.6072916388511658 0.5648148059844971 0.01770833320915699 0.02777777798473835
1 0.3023437559604645 0.4652777910232544 0.01822916604578495 0.026851851493120193
1 0.3984375 0.6416666507720947 0.01666666753590107 0.025925925001502037
0 0.6466146111488342 0.7805555462837219 0.03593749925494194 0.06851851940155029
1 0.6455729007720947 0.4851851761341095 0.01822916604578495 0.025925925001502037
1 0.4348958432674408 0.5287036895751953 0.015625 0.02777777798473835
3 0.682812511920929 0.6972222328186035 0.046875 0.11296296119689941
0 0.6713541746139526 0.7236111164093018 0.02395833283662796 0.05648148059844971
0 0.6924479007720947 0.6675925850868225 0.02656250074505806 0.06111111119389534
0 0.4247395694255829 0.5439814925193787 0.04218750074505806 0.07129629701375961
0 0.3658854067325592 0.3787037134170532 0.04010416567325592 0.051851850003004074
0 0.32760417461395264 0.3787037134170532 0.03125 0.05925925821065903
0 0.2971354126930237 0.6078703999519348 0.03177083283662796 0.08981481194496155
0 0.3010416626930237 0.442592591047287 0.02916666679084301 0.08148147910833359
0 0.6028645634651184 0.5402777791023254 0.03072916716337204 0.08425925672054291
0 0.6450520753860474 0.510185182094574 0.02864583395421505 0.08518518507480621
0 0.39453125 0.6203703880310059 0.03489583358168602 0.0833333358168602