0 0.37268519401550293 0.2688679099082947 0.043518517166376114 0.04088050499558449
3 0.4124999940395355 0.2987421452999115 0.08055555820465088 0.04716981202363968
0 0.1856481432914734 0.3966194987297058 0.026851851493120193 0.025943396613001823
0 0.34259259700775146 0.32822325825691223 0.06666667014360428 0.03380503132939339
0 0.4157407283782959 0.2987421452999115 0.07407407462596893 0.04245283082127571
3 0.2638888955116272 0.4791666567325592 0.06296296417713165 0.05896226316690445
0 0.4194444417953491 0.25471699237823486 0.0555555559694767 0.025157231837511063
3 0.3421296179294586 0.3329402506351471 0.0694444477558136 0.04323899373412132
1 0.3662036955356598 0.32232704758644104 0.023148147389292717 0.020440252497792244
3 0.28703704476356506 0.46305030584335327 0.09074074029922485 0.06132075563073158
3 0.42916667461395264 0.3671383559703827 0.0694444477558136 0.05974842607975006
1 0.1328703761100769 0.4386792480945587 0.026851851493120193 0.022012578323483467
1 0.37453705072402954 0.24646227061748505 0.028703704476356506 0.021226415410637856
1 0.41342592239379883 0.3879716992378235 0.032407406717538834 0.021226415410637856
1 0.4356481432914734 0.2551100552082062 0.023148147389292717 0.019654087722301483
1 0.31990739703178406 0.30856919288635254 0.026851851493120193 0.01808176189661026
1 0.3671296238899231 0.499213844537735 0.03611111268401146 0.025157231837511063
1 0.16620370745658875 0.28852200508117676 0.03055555559694767 0.022012578323483467
3 0.3939814865589142 0.2649371027946472 0.08425925672054291 0.050314463675022125
0 0.3083333373069763 0.4461477994918823 0.04814814776182175 0.032232705503702164
1 0.6467592716217041 0.49528300762176514 0.032407406717538834 0.022012578323483467
1 0.2768518626689911 0.46108490228652954 0.02777777798473835 0.019654087722301483
1 0.7060185074806213 0.27319180965423584 0.028703704476356506 0.021226415410637856
0 0.14444445073604584 0.4237421452999115 0.0555555559694767 0.05974842607975006
1 0.2944444417953491 0.569968581199646 0.031481482088565826 0.025157231837511063
1 0.7773148417472839 0.5113993883132935 0.03611111268401146 0.025943396613001823
1 0.26620370149612427 0.15762577950954437 0.03055555559694767 0.02437106892466545
0 0.29305556416511536 0.29441824555397034 0.05648148059844971 0.0416666679084301
0 0.6583333611488342 0.5224056839942932 0.0555555559694767 0.06996855139732361
0 0.24444444477558136 0.17610062658786774 0.07222222536802292 0.06761006265878677
0 0.260185182094574 0.4811320900917053 0.051851850003004074 0.050314463675022125
0 0.7574074268341064 0.5302672982215881 0.07592592388391495 0.06525157392024994
0 0.6870370507240295 0.29599055647850037 0.06851851940155029 0.06839622557163239
0 0.3643518388271332 0.48349055647850037 0.04722222313284874 0.056603774428367615
0 0.4296296238899231 0.3698899447917938 0.06851851940155029 0.057389937341213226
0 0.27453702688217163 0.553459107875824 0.07314814627170563 0.05974842607975006
0 0.17499999701976776 0.30267295241355896 0.06481481343507767 0.056603774428367615