1 0.5028645992279053 0.14953704178333282 0.015104166232049465 0.02500000037252903
1 0.3166666626930237 0.6157407164573669 0.01875000074505806 0.024074073880910873
1 0.47968751192092896 0.1518518477678299 0.014583333395421505 0.024074073880910873
1 0.3726562559604645 0.6379629373550415 0.01406249962747097 0.02777777798473835
1 0.42395833134651184 0.7041666507720947 0.014583333395421505 0.026851851493120193
0 0.547656238079071 0.14166666567325592 0.02760416641831398 0.04259259253740311
0 0.46171873807907104 0.14861111342906952 0.03697916492819786 0.03981481492519379
0 0.5223958492279053 0.1467592567205429 0.02395833283662796 0.032407406717538834
0 0.4947916567325592 0.16203702986240387 0.02812499925494194 0.05000000074505806
1 0.5588541626930237 0.3513889014720917 0.01666666753590107 0.03055555559694767
1 0.6072916388511658 0.20370370149612427 0.01875000074505806 0.02777777798473835
1 0.48619791865348816 0.3055555522441864 0.01718750037252903 0.031481482088565826
0 0.33020833134651184 0.6611111164093018 0.02812499925494194 0.04444444552063942
0 0.598437488079071 0.1893518567085266 0.03750000149011612 0.06018518656492233
0 0.3140625059604645 0.6000000238418579 0.03020833246409893 0.06666667014360428
0 0.36328125 0.6314814686775208 0.04114583507180214 0.05925925821065903
0 0.35494792461395264 0.25555557012557983 0.02656250074505806 0.0555555559694767
0 0.4312500059604645 0.7222222089767456 0.03541666641831398 0.07592592388391495
0 0.5645833611488342 0.3717592656612396 0.03541666641831398 0.08796296268701553
0 0.500781238079071 0.2986111044883728 0.05260416492819786 0.06574074178934097