1 0.5690104365348816 0.47175925970077515 0.015104166232049465 0.02500000037252903
3 0.5354166626930237 0.3611111044883728 0.05833333358168602 0.09259258955717087
1 0.4716145694255829 0.3986110985279083 0.01614583283662796 0.023148147389292717
0 0.5924479365348816 0.8518518805503845 0.04114583507180214 0.06296296417713165
1 0.4802083373069763 0.34583333134651184 0.01979166641831398 0.032407406717538834
3 0.4674479067325592 0.39629629254341125 0.03802083432674408 0.12222222238779068
3 0.5807291865348816 0.48657408356666565 0.05312500149011612 0.06018518656492233
3 0.5406249761581421 0.45879629254341125 0.06875000149011612 0.05277777835726738
3 0.49531251192092896 0.38333332538604736 0.03854166716337204 0.10555555671453476
1 0.5286458134651184 0.8592592477798462 0.015625 0.029629629105329514
0 0.4716145694255829 0.35648149251937866 0.03072916716337204 0.05370370298624039
1 0.516406238079071 0.4481481611728668 0.015104166232049465 0.02777777798473835
0 0.528124988079071 0.45694443583488464 0.0416666679084301 0.05092592537403107
0 0.571093738079071 0.4236111044883728 0.02239583246409893 0.06203703582286835
0 0.46666666865348816 0.41712963581085205 0.03750000149011612 0.07500000298023224
1 0.6575520634651184 0.21759259700775146 0.015104166232049465 0.029629629105329514
3 0.51171875 0.35740742087364197 0.04322916641831398 0.11296296119689941
0 0.5510416626930237 0.37453705072402954 0.02812499925494194 0.06203703582286835
1 0.45755207538604736 0.8513888716697693 0.01718750037252903 0.032407406717538834
3 0.5604166388511658 0.39814814925193787 0.03958333283662796 0.10740740597248077
0 0.5015624761581421 0.3837963044643402 0.03020833246409893 0.06759259104728699
0 0.5854166746139526 0.48564815521240234 0.03958333283662796 0.06203703582286835
0 0.46927082538604736 0.8611111044883728 0.04583333432674408 0.06666667014360428
0 0.7252604365348816 0.5643518567085266 0.03177083283662796 0.0824074074625969
0 0.6463541388511658 0.2083333283662796 0.04062499850988388 0.05740740895271301