1 0.10092592239379883 0.43553459644317627 0.029629629105329514 0.02358490601181984
3 0.26435184478759766 0.39150944352149963 0.06018518656492233 0.044025156646966934
1 0.22175925970077515 0.38679245114326477 0.02500000037252903 0.022012578323483467
3 0.3629629611968994 0.3746069073677063 0.05740740895271301 0.062106918543577194
3 0.3569444417953491 0.3270440399646759 0.07129629701375961 0.06132075563073158
3 0.3939814865589142 0.2841981053352356 0.07314814627170563 0.038522012531757355
1 0.41898149251937866 0.286556601524353 0.02500000037252903 0.019654087722301483
1 0.2759259343147278 0.40526729822158813 0.025925925001502037 0.016509434208273888
1 0.21805556118488312 0.4162735939025879 0.03055555559694767 0.019654087722301483
0 0.19166666269302368 0.3824685513973236 0.08518518507480621 0.03694968670606613
1 0.38148146867752075 0.3187893033027649 0.025925925001502037 0.019654087722301483
1 0.3643518388271332 0.3604559600353241 0.026851851493120193 0.016509434208273888
3 0.30787035822868347 0.4426100552082062 0.06759259104728699 0.056603774428367615
1 0.5291666388511658 0.606918215751648 0.032407406717538834 0.026729559525847435
1 0.36157408356666565 0.4363207519054413 0.03055555559694767 0.026729559525847435
0 0.2629629671573639 0.39190250635147095 0.04814814776182175 0.04009433835744858
1 0.09907407313585281 0.4661949574947357 0.03333333507180214 0.022012578323483467
1 0.125 0.31603774428367615 0.029629629105329514 0.025157231837511063
1 0.4412037134170532 0.2645440399646759 0.03055555559694767 0.021226415410637856
1 0.6069444417953491 0.6088836193084717 0.034259259700775146 0.025943396613001823
0 0.3638888895511627 0.37971699237823486 0.04814814776182175 0.05345911905169487
1 0.2935185134410858 0.42138364911079407 0.029629629105329514 0.01886792480945587
0 0.22175925970077515 0.3270440399646759 0.034259259700775146 0.02987421303987503
1 0.6777777671813965 0.29402515292167664 0.03333333507180214 0.025157231837511063
1 0.17407406866550446 0.527515709400177 0.035185184329748154 0.02358490601181984
3 0.3412036895751953 0.2783018946647644 0.05092592537403107 0.069182388484478
0 0.3930555582046509 0.43553459644317627 0.0824074074625969 0.039308175444602966
0 0.6597222089767456 0.31446540355682373 0.07314814627170563 0.06761006265878677
0 0.4962962865829468 0.6037735939025879 0.0833333358168602 0.044025156646966934
0 0.46990740299224854 0.2551100552082062 0.08425925672054291 0.044811319559812546
0 0.3097222149372101 0.44182389974594116 0.06388889253139496 0.05345911905169487
0 0.585185170173645 0.6120283007621765 0.07592592388391495 0.04009433835744858
0 0.16898147761821747 0.5039308071136475 0.05277777835726738 0.07232704758644104
0 0.22361111640930176 0.4437893033027649 0.04537037014961243 0.06525157392024994
0 0.10324074327945709 0.44968554377555847 0.05462963134050369 0.06603773683309555
0 0.13842593133449554 0.3254716992378235 0.07129629701375961 0.05503144487738609