3 0.3763020932674408 0.22499999403953552 0.03281249850988388 0.07222222536802292
0 0.6302083134651184 0.7638888955116272 0.03854166716337204 0.05740740895271301
1 0.46562498807907104 0.8083333373069763 0.01770833320915699 0.029629629105329514
3 0.5963541865348816 0.18425926566123962 0.08541666716337204 0.07777778059244156
1 0.4572916626930237 0.8074073791503906 0.015625 0.031481482088565826
1 0.3109374940395355 0.5898148417472839 0.01666666753590107 0.025925925001502037
1 0.6174479126930237 0.7712963223457336 0.01406249962747097 0.025925925001502037
1 0.47864583134651184 0.3453703820705414 0.015625 0.029629629105329514
0 0.44921875 0.8236111402511597 0.04635416716337204 0.07129629701375961
0 0.3539062440395355 0.2587963044643402 0.02239583246409893 0.03981481492519379
1 0.5567708611488342 0.34259259700775146 0.01770833320915699 0.029629629105329514
1 0.5859375 0.17870371043682098 0.015625 0.02777777798473835
0 0.3776041567325592 0.2240740805864334 0.02604166604578495 0.06481481343507767
1 0.6255208253860474 0.21481481194496155 0.01875000074505806 0.02777777798473835
1 0.6981770992279053 0.41805556416511536 0.01614583283662796 0.023148147389292717
1 0.39635416865348816 0.4166666567325592 0.01770833320915699 0.025925925001502037
0 0.5625 0.37037035822868347 0.03125 0.08888889104127884
0 0.6981770992279053 0.39814814925193787 0.02864583395421505 0.07962962985038757
0 0.6169270873069763 0.20277777314186096 0.03697916492819786 0.05370370298624039
0 0.57421875 0.1657407432794571 0.04114583507180214 0.05370370298624039
0 0.3135416805744171 0.6152777671813965 0.03020833246409893 0.08611111342906952
0 0.39531248807907104 0.442592591047287 0.03125 0.09074074029922485
0 0.49166667461395264 0.3342592716217041 0.04895833507180214 0.06481481343507767