0 0.6395833492279053 0.31018519401550293 0.02500000037252903 0.06111111119389534
3 0.6338541507720947 0.2935185134410858 0.04062499850988388 0.09074074029922485
1 0.5546875 0.5560185313224792 0.01770833320915699 0.028703704476356506
0 0.4554687440395355 0.8662037253379822 0.03281249850988388 0.04722222313284874
1 0.4091145694255829 0.42314815521240234 0.01718750037252903 0.02777777798473835
1 0.4242187440395355 0.18194444477558136 0.01822916604578495 0.03055555559694767
1 0.5718749761581421 0.3712962865829468 0.01666666753590107 0.031481482088565826
1 0.5403645634651184 0.7314814925193787 0.01718750037252903 0.029629629105329514
1 0.5908854007720947 0.5111111402511597 0.01718750037252903 0.02777777798473835
1 0.43151041865348816 0.5375000238418579 0.02031249925494194 0.026851851493120193
1 0.4976562559604645 0.6601851582527161 0.02031249925494194 0.031481482088565826
1 0.67578125 0.6226851940155029 0.01718750037252903 0.03055555559694767
1 0.4778645932674408 0.30509260296821594 0.01718750037252903 0.028703704476356506
0 0.6341145634651184 0.2953703701496124 0.0390625 0.08888889104127884
0 0.547656238079071 0.5342592597007751 0.03489583358168602 0.07592592388391495
0 0.4895833432674408 0.6787037253379822 0.03854166716337204 0.07222222536802292
0 0.555468738079071 0.36944442987442017 0.05052083358168602 0.05370370298624039
0 0.5494791865348816 0.7495370507240295 0.0364583320915699 0.07129629701375961
0 0.6627604365348816 0.6388888955116272 0.04218750074505806 0.05925925821065903
0 0.5861979126930237 0.4879629611968994 0.03593749925494194 0.08518518507480621
0 0.4164062440395355 0.18333333730697632 0.0338541679084301 0.04814814776182175
0 0.4052083194255829 0.44583332538604736 0.03125 0.08425925672054291
0 0.43958333134651184 0.5138888955116272 0.03437500074505806 0.08148147910833359
0 0.48880207538604736 0.28842592239379883 0.04010416567325592 0.06574074178934097