0 0.43958333134651184 0.8773148059844971 0.02812499925494194 0.05462963134050369
1 0.36250001192092896 0.7513889074325562 0.01770833320915699 0.03055555559694767
0 0.6807291507720947 0.6972222328186035 0.03437500074505806 0.07222222536802292
3 0.39270833134651184 0.7810184955596924 0.04062499850988388 0.09351851791143417
1 0.33020833134651184 0.7310185432434082 0.014583333395421505 0.02500000037252903
0 0.36276042461395264 0.8009259104728699 0.02968749962747097 0.05000000074505806
1 0.4950520694255829 0.8407407402992249 0.01614583283662796 0.02777777798473835
1 0.4013020694255829 0.8379629850387573 0.01927083358168602 0.02777777798473835
1 0.43411457538604736 0.8606481552124023 0.01718750037252903 0.03055555559694767
3 0.6742187738418579 0.7037037014961243 0.0494791679084301 0.08703703433275223
1 0.6635416746139526 0.7407407164573669 0.01875000074505806 0.02777777798473835
0 0.3934895694255829 0.7819444537162781 0.03489583358168602 0.08055555820465088
1 0.39895832538604736 0.802314817905426 0.01875000074505806 0.03055555559694767
1 0.686718761920929 0.3430555462837219 0.02031249925494194 0.028703704476356506
1 0.6875 0.6754629611968994 0.015625 0.02500000037252903
1 0.6208333373069763 0.8120370507240295 0.015625 0.035185184329748154
1 0.30651041865348816 0.4601851999759674 0.01614583283662796 0.025925925001502037
3 0.3609375059604645 0.779629647731781 0.03854166716337204 0.0962962955236435
0 0.6604166626930237 0.7597222328186035 0.02812499925494194 0.06574074178934097
1 0.40625 0.6537036895751953 0.015625 0.02777777798473835
1 0.6859375238418579 0.4000000059604645 0.01770833320915699 0.02777777798473835
0 0.6291666626930237 0.8027777671813965 0.03125 0.05925925821065903
0 0.359375 0.7810184955596924 0.03541666641831398 0.09166666865348816
0 0.40833333134651184 0.8495370149612427 0.03437500074505806 0.049074072390794754
0 0.68359375 0.36759260296821594 0.04218750074505806 0.0962962955236435
0 0.39921873807907104 0.6361111402511597 0.03802083432674408 0.07962962985038757
0 0.30390626192092896 0.43518519401550293 0.03177083283662796 0.09444444626569748
0 0.3231770694255829 0.7194444537162781 0.03177083283662796 0.05740740895271301