1 0.6986979246139526 0.44490739703178406 0.01822916604578495 0.028703704476356506
1 0.5377604365348816 0.3212963044643402 0.01927083358168602 0.03333333507180214
1 0.3075520694255829 0.41620370745658875 0.015104166232049465 0.023148147389292717
1 0.31067708134651184 0.5745370388031006 0.01822916604578495 0.026851851493120193
1 0.33125001192092896 0.5249999761581421 0.01770833320915699 0.031481482088565826
1 0.43307292461395264 0.5925925970077515 0.01822916604578495 0.02777777798473835
1 0.5622395873069763 0.8069444298744202 0.01406249962747097 0.026851851493120193
1 0.3841145932674408 0.730555534362793 0.01822916604578495 0.02777777798473835
1 0.6372395753860474 0.3513889014720917 0.01822916604578495 0.026851851493120193
1 0.4703125059604645 0.15324074029922485 0.01770833320915699 0.034259259700775146
1 0.6781250238418579 0.6638888716697693 0.015625 0.02777777798473835
0 0.7033854126930237 0.4574074149131775 0.03489583358168602 0.07592592388391495
0 0.6833333373069763 0.6462963223457336 0.03229166567325592 0.08703703433275223
0 0.36015623807907104 0.24166665971279144 0.02864583395421505 0.05925925821065903
0 0.3111979067325592 0.5962963104248047 0.03072916716337204 0.07962962985038757
0 0.4846354126930237 0.14861111342906952 0.04531250149011612 0.05092592537403107
0 0.31302082538604736 0.40046295523643494 0.0364583320915699 0.07314814627170563
0 0.4351562559604645 0.6185185313224792 0.03802083432674408 0.0962962955236435
0 0.5486978888511658 0.34074074029922485 0.0442708320915699 0.08703703433275223
0 0.6341145634651184 0.3236111104488373 0.03593749925494194 0.0972222238779068
0 0.38489583134651184 0.7527777552604675 0.03750000149011612 0.08518518507480621
0 0.34296876192092896 0.5078703761100769 0.05052083358168602 0.08796296268701553
0 0.5562499761581421 0.8240740895271301 0.03020833246409893 0.06296296417713165