1 0.8598958253860474 0.46481481194496155 0.010416666977107525 0.02222222276031971
1 0.645312488079071 0.6837962865829468 0.01875000074505806 0.03055555559694767
1 0.7749999761581421 0.25 0.02187499962747097 0.035185184329748154
1 0.16770833730697632 0.6490740776062012 0.02604166604578495 0.03888889029622078
1 0.5622395873069763 0.8027777671813965 0.02239583246409893 0.031481482088565826
1 0.7729166746139526 0.3402777910232544 0.02187499962747097 0.03055555559694767
0 0.17578125 0.6287037134170532 0.04531250149011612 0.07592592388391495
0 0.6552083492279053 0.6722221970558167 0.04270833358168602 0.07222222536802292
1 0.3799479305744171 0.36851853132247925 0.02031249925494194 0.03333333507180214
0 0.7838541865348816 0.23425926268100739 0.03958333283662796 0.06296296417713165
0 0.7710937261581421 0.364814817905426 0.03593749925494194 0.07962962985038757
0 0.20260415971279144 0.8027777671813965 0.04791666567325592 0.05740740895271301
0 0.4085937440395355 0.3324074149131775 0.03802083432674408 0.07777778059244156
0 0.36380207538604736 0.3930555582046509 0.0494791679084301 0.08055555820465088
0 0.563281238079071 0.7768518328666687 0.04114583507180214 0.08888889104127884