1 0.859375 0.46481481194496155 0.010416666977107525 0.02222222276031971
1 0.7744791507720947 0.25 0.02083333395421505 0.035185184329748154
1 0.16718749701976776 0.6486111283302307 0.02500000037252903 0.03611111268401146
1 0.6020833253860474 0.7013888955116272 0.02291666716337204 0.034259259700775146
1 0.21015624701976776 0.8185185194015503 0.02239583246409893 0.035185184329748154
1 0.36119791865348816 0.2958333194255829 0.01822916604578495 0.03055555559694767
1 0.7736979126930237 0.34074074029922485 0.02135416679084301 0.029629629105329514
0 0.17578125 0.6287037134170532 0.04531250149011612 0.07777778059244156
0 0.5997396111488342 0.7240740656852722 0.03697916492819786 0.08518518507480621
1 0.6236979365348816 0.8703703880310059 0.02031249925494194 0.035185184329748154
0 0.2018229216337204 0.8032407164573669 0.04114583507180214 0.08055555820465088
0 0.3919270932674408 0.34074074029922485 0.04739583283662796 0.06481481343507767
0 0.7838541865348816 0.23379629850387573 0.03958333283662796 0.06203703582286835
0 0.7713541388511658 0.36574074625968933 0.03437500074505806 0.08518518507480621
0 0.60546875 0.8828703761100769 0.05572916567325592 0.06388889253139496
0 0.3450520932674408 0.27407407760620117 0.05156249925494194 0.08703703433275223