0 0.3700520694255829 0.29120370745658875 0.03072916716337204 0.07314814627170563
1 0.539843738079071 0.9009259343147278 0.01406249962747097 0.02777777798473835
1 0.5302083492279053 0.15000000596046448 0.02083333395421505 0.031481482088565826
1 0.30026042461395264 0.3837963044643402 0.01718750037252903 0.02500000037252903
0 0.296875 0.38148146867752075 0.03125 0.08518518507480621
0 0.37109375 0.3569444417953491 0.02552083320915699 0.07129629701375961
1 0.44713541865348816 0.4263888895511627 0.01718750037252903 0.028703704476356506
1 0.37708333134651184 0.2768518626689911 0.01979166641831398 0.031481482088565826
1 0.3708333373069763 0.37361112236976624 0.01770833320915699 0.026851851493120193
1 0.5200520753860474 0.14722222089767456 0.01718750037252903 0.029629629105329514
1 0.3895833194255829 0.43796294927597046 0.01666666753590107 0.02777777798473835
1 0.6776041388511658 0.5736111402511597 0.02083333395421505 0.034259259700775146
1 0.32604166865348816 0.44999998807907104 0.01979166641831398 0.02777777798473835
1 0.2864583432674408 0.550000011920929 0.01770833320915699 0.02777777798473835
1 0.4312500059604645 0.24675926566123962 0.01770833320915699 0.032407406717538834
1 0.41614583134651184 0.17314815521240234 0.01875000074505806 0.029629629105329514
0 0.39635416865348816 0.4148148000240326 0.03541666641831398 0.07592592388391495
0 0.3697916567325592 0.3231481611728668 0.03541666641831398 0.1240740716457367
0 0.2942708432674408 0.4106481373310089 0.03125 0.07129629701375961
0 0.504687488079071 0.13703703880310059 0.04270833358168602 0.046296294778585434
0 0.4489583373069763 0.4009259343147278 0.03229166567325592 0.09259258955717087
0 0.3033854067325592 0.3453703820705414 0.02968749962747097 0.0555555559694767
0 0.2822916805744171 0.5236111283302307 0.03229166567325592 0.08796296268701553
0 0.5471354126930237 0.15509259700775146 0.03802083432674408 0.05092592537403107
0 0.6723958253860474 0.5990740656852722 0.03750000149011612 0.09444444626569748
0 0.33151042461395264 0.4236111044883728 0.03177083283662796 0.07870370149612427
0 0.41848957538604736 0.25648146867752075 0.04531250149011612 0.06111111119389534
0 0.4244791567325592 0.1597222238779068 0.03750000149011612 0.06203703582286835