0 0.3473958373069763 0.707870364189148 0.03541666641831398 0.0972222238779068
0 0.6028645634651184 0.19861111044883728 0.03072916716337204 0.03981481492519379
0 0.5815104246139526 0.20324073731899261 0.02656250074505806 0.05277777835726738
1 0.49947917461395264 0.8921296000480652 0.02187499962747097 0.034259259700775146
1 0.04296875 0.2967592477798462 0.01718750037252903 0.026851851493120193
0 0.5 0.9018518328666687 0.02500000037252903 0.051851850003004074
1 0.015104166232049465 0.5263888835906982 0.01770833320915699 0.028703704476356506
1 0.5726562738418579 0.18518517911434174 0.01614583283662796 0.02777777798473835
1 0.3708333373069763 0.769444465637207 0.01666666753590107 0.024074073880910873
0 0.5921875238418579 0.20092593133449554 0.05416666716337204 0.06481481343507767
0 0.3505208194255829 0.727314829826355 0.02708333358168602 0.05648148059844971
3 0.37447917461395264 0.7879629731178284 0.03541666641831398 0.10370370000600815
1 0.0455729179084301 0.3847222328186035 0.01822916604578495 0.026851851493120193
0 0.014322916977107525 0.18888889253139496 0.02760416641831398 0.03888889029622078
1 0.6979166865348816 0.3671296238899231 0.01875000074505806 0.028703704476356506
1 0.5372396111488342 0.17777778208255768 0.01614583283662796 0.035185184329748154
3 0.3479166626930237 0.7083333134651184 0.0364583320915699 0.10000000149011612
1 0.6627604365348816 0.5824074149131775 0.01718750037252903 0.035185184329748154
1 0.6619791388511658 0.7972221970558167 0.01666666753590107 0.02777777798473835
0 0.34192708134651184 0.6814814805984497 0.02864583395421505 0.04444444552063942
1 0.03515625 0.22962963581085205 0.01197916641831398 0.02222222276031971
0 0.37578123807907104 0.7939814925193787 0.02864583395421505 0.08055555820465088
0 0.04479166492819786 0.3722222149372101 0.02604166604578495 0.07407407462596893
1 0.4664062559604645 0.8513888716697693 0.01927083358168602 0.032407406717538834
3 0.5916666388511658 0.2023148089647293 0.05416666716337204 0.07129629701375961
0 0.5447916388511658 0.17546296119689941 0.03437500074505806 0.04537037014961243
0 0.01406249962747097 0.5083333253860474 0.02708333358168602 0.07777778059244156
0 0.6716145873069763 0.8083333373069763 0.03697916492819786 0.06666667014360428
0 0.0403645820915699 0.31481480598449707 0.02552083320915699 0.06851851940155029
0 0.03125 0.2430555522441864 0.02916666679084301 0.05648148059844971
0 0.48124998807907104 0.8384259343147278 0.05624999850988388 0.06574074178934097
0 0.6752604246139526 0.581944465637207 0.05572916567325592 0.0694444477558136
0 0.7002604007720947 0.3921296298503876 0.03072916716337204 0.09537036716938019