1 0.524218738079071 0.17407406866550446 0.02135416679084301 0.029629629105329514
1 0.635937511920929 0.657870352268219 0.015625 0.028703704476356506
1 0.6070312261581421 0.7800925970077515 0.01718750037252903 0.026851851493120193
1 0.3213541805744171 0.7087963223457336 0.01770833320915699 0.02500000037252903
1 0.6494791507720947 0.6851851940155029 0.01979166641831398 0.031481482088565826
1 0.6664062738418579 0.4106481373310089 0.02031249925494194 0.028703704476356506
1 0.6309896111488342 0.2717592716217041 0.01822916604578495 0.026851851493120193
1 0.3882812559604645 0.31018519401550293 0.01718750037252903 0.035185184329748154
1 0.6151041388511658 0.3263888955116272 0.01770833320915699 0.03055555559694767
1 0.42786458134651184 0.38333332538604736 0.01718750037252903 0.031481482088565826
1 0.5864583253860474 0.5356481671333313 0.01666666753590107 0.032407406717538834
1 0.40286457538604736 0.8314814567565918 0.013020833022892475 0.025925925001502037
0 0.5075520873069763 0.16249999403953552 0.02968749962747097 0.0416666679084301
0 0.5994791388511658 0.7990740537643433 0.02812499925494194 0.06666667014360428
0 0.6450520753860474 0.6486111283302307 0.0390625 0.09907407313585281
0 0.6677083373069763 0.43287035822868347 0.03020833246409893 0.08611111342906952
0 0.6229166388511658 0.25231480598449707 0.03541666641831398 0.06759259104728699
0 0.5388020873069763 0.18333333730697632 0.0338541679084301 0.04444444552063942
0 0.4143229126930237 0.3916666805744171 0.04635416716337204 0.0555555559694767
0 0.5731770992279053 0.5458333492279053 0.04635416716337204 0.0694444477558136
0 0.6200520992279053 0.34953704476356506 0.02968749962747097 0.08425925672054291
0 0.3747395873069763 0.31481480598449707 0.04635416716337204 0.06296296417713165
0 0.3291666805744171 0.7324073910713196 0.03750000149011612 0.07777778059244156
0 0.38984376192092896 0.8259259462356567 0.0390625 0.06111111119389534