1 0.5947916507720947 0.7495370507240295 0.01666666753590107 0.023148147389292717
0 0.6499999761581421 0.7370370626449585 0.03437500074505806 0.08518518507480621
1 0.6572916507720947 0.6240741014480591 0.01770833320915699 0.02777777798473835
0 0.6088541746139526 0.7208333611488342 0.02812499925494194 0.06574074178934097
1 0.5674479007720947 0.510185182094574 0.01614583283662796 0.02777777798473835
0 0.6369791626930237 0.7148148417472839 0.02187499962747097 0.07222222536802292
1 0.6158854365348816 0.697685182094574 0.01614583283662796 0.02500000037252903
1 0.6369791626930237 0.6912037134170532 0.015625 0.02500000037252903
1 0.7213541865348816 0.5361111164093018 0.01770833320915699 0.025925925001502037
1 0.6541666388511658 0.7259259223937988 0.014583333395421505 0.025925925001502037
1 0.565625011920929 0.8638888597488403 0.01666666753590107 0.025925925001502037
1 0.563281238079071 0.7240740656852722 0.015104166232049465 0.025925925001502037
1 0.3109374940395355 0.5407407283782959 0.01875000074505806 0.025925925001502037
1 0.5252603888511658 0.5189814567565918 0.01718750037252903 0.026851851493120193
0 0.571093738079071 0.8541666865348816 0.02760416641831398 0.04722222313284874
1 0.5690104365348816 0.20324073731899261 0.01718750037252903 0.034259259700775146
0 0.60546875 0.8287037014961243 0.04114583507180214 0.051851850003004074
0 0.7182291746139526 0.5537037253379822 0.02916666679084301 0.07037036865949631
0 0.660937488079071 0.7481481432914734 0.02916666679084301 0.07037036865949631
0 0.530468761920929 0.542129635810852 0.02968749962747097 0.07500000298023224
0 0.5752604007720947 0.532870352268219 0.0338541679084301 0.07685185223817825
0 0.582812488079071 0.7666666507720947 0.03333333507180214 0.046296294778585434
0 0.647656261920929 0.6393518447875977 0.03489583358168602 0.06018518656492233
0 0.3096354305744171 0.5134259462356567 0.02864583395421505 0.08981481194496155
0 0.5833333134651184 0.20092593133449554 0.04583333432674408 0.06481481343507767
0 0.5505208373069763 0.7347221970558167 0.04062499850988388 0.05462963134050369