1 0.39765626192092896 0.3115740716457367 0.01927083358168602 0.03611111268401146
1 0.39791667461395264 0.3305555582046509 0.01770833320915699 0.029629629105329514
1 0.6018229126930237 0.7027778029441833 0.02239583246409893 0.03333333507180214
1 0.16718749701976776 0.6486111283302307 0.02500000037252903 0.037962961941957474
1 0.7752603888511658 0.25 0.02135416679084301 0.035185184329748154
1 0.3968749940395355 0.28611111640930176 0.02083333395421505 0.035185184329748154
1 0.53125 0.8162037134170532 0.01979166641831398 0.03055555559694767
1 0.7729166746139526 0.34074074029922485 0.02083333395421505 0.029629629105329514
0 0.3984375 0.2611111104488373 0.05416666716337204 0.07222222536802292
0 0.17552083730697632 0.6287037134170532 0.04374999925494194 0.07777778059244156
0 0.5994791388511658 0.7254629731178284 0.0364583320915699 0.08425925672054291
0 0.7838541865348816 0.23425926268100739 0.03958333283662796 0.06296296417713165
0 0.3869791626930237 0.34259259700775146 0.04374999925494194 0.05740740895271301
0 0.20520833134651184 0.8087962865829468 0.046875 0.06759259104728699
0 0.7710937261581421 0.3652777671813965 0.0338541679084301 0.08611111342906952
0 0.526562511920929 0.7884259223937988 0.0364583320915699 0.10462962836027145