0 0.6208333373069763 0.7550926208496094 0.05520833283662796 0.08796296268701553
1 0.6731770634651184 0.32685184478759766 0.01614583283662796 0.024074073880910873
1 0.4671874940395355 0.8662037253379822 0.012500000186264515 0.026851851493120193
1 0.6369791626930237 0.2282407432794571 0.01979166641831398 0.03055555559694767
0 0.4385416805744171 0.8384259343147278 0.05416666716337204 0.06018518656492233
0 0.6354166865348816 0.737500011920929 0.02604166604578495 0.043518517166376114
0 0.4273437559604645 0.8254629373550415 0.02864583395421505 0.034259259700775146
1 0.43958333134651184 0.855555534362793 0.01354166679084301 0.02222222276031971
0 0.4598958194255829 0.831944465637207 0.03125 0.037962961941957474
1 0.5010416507720947 0.8828703761100769 0.014583333395421505 0.02500000037252903
1 0.5924479365348816 0.39814814925193787 0.01718750037252903 0.031481482088565826
1 0.6395833492279053 0.7291666865348816 0.015625 0.026851851493120193
0 0.1380208283662796 0.22453702986240387 0.02500000037252903 0.037962961941957474
1 0.62890625 0.38749998807907104 0.015104166232049465 0.026851851493120193
1 0.35598957538604736 0.25648146867752075 0.01614583283662796 0.031481482088565826
1 0.3114583194255829 0.30000001192092896 0.01666666753590107 0.029629629105329514
3 0.6221354007720947 0.38333332538604736 0.07760416716337204 0.07962962985038757
3 0.6502603888511658 0.34259259700775146 0.06197916716337204 0.11296296119689941
0 0.6036458611488342 0.39629629254341125 0.0364583320915699 0.051851850003004074
0 0.6341145634651184 0.24351851642131805 0.03593749925494194 0.07407407462596893
0 0.6401041746139526 0.37453705072402954 0.03333333507180214 0.049074072390794754
3 0.6213541626930237 0.7527777552604675 0.0572916679084301 0.08703703433275223
0 0.608593761920929 0.7736111283302307 0.03072916716337204 0.049074072390794754
0 0.3200520873069763 0.2856481373310089 0.03593749925494194 0.06203703582286835
0 0.6661458611488342 0.3157407343387604 0.03437500074505806 0.06296296417713165
0 0.37109375 0.25 0.0442708320915699 0.0555555559694767