1 0.6072916388511658 0.7791666388511658 0.01875000074505806 0.023148147389292717
3 0.5427083373069763 0.17546296119689941 0.05833333358168602 0.0694444477558136
1 0.5414062738418579 0.19120369851589203 0.01406249962747097 0.026851851493120193
0 0.5619791746139526 0.19027778506278992 0.02395833283662796 0.04537037014961243
0 0.5033854246139526 0.8680555820465088 0.03489583358168602 0.03981481492519379
1 0.3687500059604645 0.489814817905426 0.02083333395421505 0.029629629105329514
1 0.3218750059604645 0.6847222447395325 0.01770833320915699 0.023148147389292717
1 0.4645833373069763 0.4472222328186035 0.01770833320915699 0.031481482088565826
1 0.6541666388511658 0.34675925970077515 0.01979166641831398 0.03055555559694767
1 0.5835937261581421 0.5476852059364319 0.01718750037252903 0.034259259700775146
1 0.36380207538604736 0.6712962985038757 0.01718750037252903 0.029629629105329514
1 0.5054687261581421 0.4245370328426361 0.01822916604578495 0.032407406717538834
1 0.6572916507720947 0.6467592716217041 0.01666666753590107 0.03055555559694767
0 0.6013020873069763 0.7981481552124023 0.03072916716337204 0.06851851940155029
1 0.6031249761581421 0.4486111104488373 0.01666666753590107 0.028703704476356506
0 0.5286458134651184 0.1726851910352707 0.03333333507180214 0.049074072390794754
0 0.6486979126930237 0.31990739703178406 0.0338541679084301 0.07685185223817825
0 0.31979167461395264 0.7055555582046509 0.02500000037252903 0.07037036865949631
0 0.3713541626930237 0.6504629850387573 0.03854166716337204 0.0824074074625969
0 0.6440104246139526 0.6625000238418579 0.04635416716337204 0.0694444477558136
0 0.3708333373069763 0.4634259343147278 0.03229166567325592 0.09166666865348816
0 0.5192708373069763 0.4106481373310089 0.04479166492819786 0.0694444477558136
0 0.4541666805744171 0.43287035822868347 0.04374999925494194 0.06574074178934097
0 0.6166666746139526 0.43518519401550293 0.046875 0.07037036865949631
0 0.5697916746139526 0.5402777791023254 0.04895833507180214 0.06759259104728699