3 0.3687500059604645 0.7541666626930237 0.04895833507180214 0.07685185223817825
1 0.3882812559604645 0.6662036776542664 0.01927083358168602 0.03055555559694767
0 0.36901041865348816 0.7583333253860474 0.04531250149011612 0.07407407462596893
1 0.3908854126930237 0.33379629254341125 0.01406249962747097 0.03055555559694767
1 0.3296875059604645 0.3856481611728668 0.01770833320915699 0.026851851493120193
0 0.36250001192092896 0.7365740537643433 0.03437500074505806 0.037962961941957474
1 0.3864583373069763 0.5245370268821716 0.01666666753590107 0.03055555559694767
0 0.5541666746139526 0.8277778029441833 0.03125 0.031481482088565826
1 0.31562501192092896 0.45787036418914795 0.01875000074505806 0.026851851493120193
0 0.3763020932674408 0.7712963223457336 0.03177083283662796 0.04444444552063942
1 0.4104166626930237 0.7550926208496094 0.01770833320915699 0.026851851493120193
0 0.40833333134651184 0.7361111044883728 0.02500000037252903 0.06666667014360428
0 0.38854166865348816 0.6870370507240295 0.02291666716337204 0.07592592388391495
1 0.6361979246139526 0.3550925850868225 0.01822916604578495 0.02500000037252903
3 0.3984375 0.7092592716217041 0.0416666679084301 0.12222222238779068
0 0.33385416865348816 0.36851853132247925 0.03125 0.07222222536802292
0 0.31979167461395264 0.4347222149372101 0.03437500074505806 0.07685185223817825
0 0.3802083432674408 0.3203703761100769 0.04374999925494194 0.06851851940155029
0 0.3606770932674408 0.24583333730697632 0.02760416641831398 0.05462963134050369
0 0.3968749940395355 0.5412036776542664 0.04479166492819786 0.08425925672054291
0 0.6627604365348816 0.27129629254341125 0.02968749962747097 0.05740740895271301
0 0.6315104365348816 0.3254629671573639 0.03072916716337204 0.08796296268701553