1 0.3151041567325592 0.38055557012557983 0.01979166641831398 0.031481482088565826
3 0.6747395992279053 0.3212963044643402 0.04218750074505806 0.10925926268100739
1 0.5317708253860474 0.15000000596046448 0.014583333395421505 0.02777777798473835
1 0.6872395873069763 0.37638887763023376 0.01614583283662796 0.026851851493120193
1 0.5489583611488342 0.47870370745658875 0.014583333395421505 0.029629629105329514
1 0.35859376192092896 0.2597222328186035 0.01614583283662796 0.026851851493120193
1 0.3127604126930237 0.5898148417472839 0.01614583283662796 0.02777777798473835
0 0.6825520992279053 0.3569444417953491 0.03177083283662796 0.07129629701375961
1 0.4143229126930237 0.20000000298023224 0.01614583283662796 0.025925925001502037
1 0.5703125 0.36944442987442017 0.01666666753590107 0.029629629105329514
0 0.6684895753860474 0.3013888895511627 0.02552083320915699 0.06574074178934097
1 0.3270833194255829 0.3314814865589142 0.015625 0.02777777798473835
1 0.36250001192092896 0.5166666507720947 0.01666666753590107 0.02777777798473835
0 0.36380207538604736 0.24120371043682098 0.03072916716337204 0.06574074178934097
0 0.31171876192092896 0.39629629254341125 0.03177083283662796 0.07592592388391495
0 0.7007812261581421 0.42314815521240234 0.02864583395421505 0.0555555559694767
0 0.4216145873069763 0.1814814805984497 0.03072916716337204 0.06666667014360428
0 0.3179687559604645 0.5712962746620178 0.03489583358168602 0.08888889104127884
0 0.3304687440395355 0.31388887763023376 0.03281249850988388 0.07407407462596893
0 0.5651041865348816 0.47592592239379883 0.05000000074505806 0.06111111119389534
0 0.3721354305744171 0.5305555462837219 0.04218750074505806 0.07407407462596893
0 0.5757812261581421 0.3888888955116272 0.03489583358168602 0.08888889104127884
0 0.5223958492279053 0.1527777761220932 0.03333333507180214 0.051851850003004074