1 0.47213542461395264 0.8601852059364319 0.013020833022892475 0.024074073880910873
1 0.4934895932674408 0.8472222089767456 0.015104166232049465 0.025925925001502037
1 0.35598957538604736 0.5986111164093018 0.01822916604578495 0.026851851493120193
1 0.34557291865348816 0.25138887763023376 0.01406249962747097 0.028703704476356506
1 0.4307291805744171 0.7300925850868225 0.01354166679084301 0.02500000037252903
0 0.44062501192092896 0.7115740776062012 0.0364583320915699 0.04537037014961243
1 0.6273437738418579 0.3611111044883728 0.015104166232049465 0.025925925001502037
1 0.5901041626930237 0.34074074029922485 0.01666666753590107 0.025925925001502037
1 0.5231770873069763 0.8578703999519348 0.01718750037252903 0.034259259700775146
1 0.6510416865348816 0.43888887763023376 0.015625 0.024074073880910873
1 0.3968749940395355 0.1944444477558136 0.014583333395421505 0.029629629105329514
0 0.4817708432674408 0.8652777671813965 0.03437500074505806 0.04722222313284874
0 0.48255208134651184 0.8263888955116272 0.03281249850988388 0.03981481492519379
1 0.29244792461395264 0.6407407522201538 0.01718750037252903 0.024074073880910873
1 0.45755207538604736 0.5861111283302307 0.015104166232049465 0.031481482088565826
0 0.532031238079071 0.855555534362793 0.03281249850988388 0.04259259253740311
0 0.6195312738418579 0.3462963104248047 0.03489583358168602 0.05925925821065903
0 0.44348958134651184 0.7439814805984497 0.04322916641831398 0.05092592537403107
0 0.33385416865348816 0.26249998807907104 0.03750000149011612 0.06388889253139496
0 0.38489583134651184 0.19722221791744232 0.03541666641831398 0.05370370298624039
0 0.29609376192092896 0.6620370149612427 0.02864583395421505 0.07592592388391495
0 0.5825520753860474 0.35972222685813904 0.03072916716337204 0.06574074178934097
0 0.6424478888511658 0.4236111044883728 0.0390625 0.0694444477558136
0 0.35755208134651184 0.6217592358589172 0.03177083283662796 0.08611111342906952
0 0.46953123807907104 0.5930555462837219 0.04739583283662796 0.06759259104728699