1 0.4580729305744171 0.6064814925193787 0.01197916641831398 0.018518518656492233
0 0.5132812261581421 0.7925925850868225 0.02031249925494194 0.03703703731298447
0 0.4807291626930237 0.7861111164093018 0.03020833246409893 0.02777777798473835
1 0.48828125 0.789814829826355 0.00989583320915699 0.018518518656492233
1 0.6213541626930237 0.6625000238418579 0.010416666977107525 0.021296296268701553
0 0.47604167461395264 0.8148148059844971 0.02083333395421505 0.02777777798473835
0 0.44843751192092896 0.8101851940155029 0.02604166604578495 0.035185184329748154
1 0.4950520694255829 0.5055555701255798 0.010937499813735485 0.020370369777083397
1 0.5091145634651184 0.45879629254341125 0.013020833022892475 0.01944444514811039
1 0.39453125 0.7486110925674438 0.010937499813735485 0.023148147389292717
0 0.4481770694255829 0.789814829826355 0.02552083320915699 0.07037036865949631
0 0.608593761920929 0.7402777671813965 0.02031249925494194 0.03981481492519379
0 0.4533854126930237 0.6175925731658936 0.02760416641831398 0.051851850003004074
0 0.512499988079071 0.47268518805503845 0.02187499962747097 0.06018518656492233
0 0.4036458432674408 0.730555534362793 0.03229166567325592 0.06296296417713165
0 0.484375 0.5162037014961243 0.02812499925494194 0.04722222313284874
0 0.610156238079071 0.6625000238418579 0.0338541679084301 0.04722222313284874