1 0.6072916388511658 0.7504629492759705 0.012500000186264515 0.021296296268701553
1 0.4945312440395355 0.5041666626930237 0.010937499813735485 0.023148147389292717
1 0.516406238079071 0.49537035822868347 0.015104166232049465 0.02222222276031971
0 0.47604167461395264 0.8143518567085266 0.02187499962747097 0.026851851493120193
1 0.39375001192092896 0.7504629492759705 0.010416666977107525 0.01944444514811039
0 0.484375 0.792129635810852 0.02604166604578495 0.037962961941957474
1 0.3721354305744171 0.6606481671333313 0.01406249962747097 0.021296296268701553
0 0.5122395753860474 0.7958333492279053 0.0234375 0.034259259700775146
0 0.3723958432674408 0.6435185074806213 0.02500000037252903 0.06851851940155029
0 0.5807291865348816 0.6662036776542664 0.0364583320915699 0.04537037014961243
0 0.5989583134651184 0.7416666746139526 0.02916666679084301 0.05000000074505806
0 0.45364582538604736 0.6171296238899231 0.03020833246409893 0.05648148059844971
0 0.4854166805744171 0.512499988079071 0.02812499925494194 0.05277777835726738
0 0.4466145932674408 0.7870370149612427 0.02864583395421505 0.06481481343507767
0 0.5171874761581421 0.512499988079071 0.02083333395421505 0.06018518656492233
0 0.40286457538604736 0.737500011920929 0.03281249850988388 0.05462963134050369