1 0.4338541626930237 0.8611111044883728 0.01979166641831398 0.03333333507180214
1 0.40546876192092896 0.7356481552124023 0.01614583283662796 0.028703704476356506
1 0.4802083373069763 0.7490741014480591 0.01354166679084301 0.024074073880910873
1 0.6929687261581421 0.5763888955116272 0.02135416679084301 0.03055555559694767
1 0.3916666805744171 0.6888889074325562 0.01875000074505806 0.025925925001502037
0 0.4388020932674408 0.8675925731658936 0.0338541679084301 0.07407407462596893
1 0.6859375238418579 0.5731481313705444 0.01770833320915699 0.025925925001502037
1 0.5018228888511658 0.7370370626449585 0.01822916604578495 0.02777777798473835
1 0.4481770694255829 0.8439815044403076 0.01822916604578495 0.02500000037252903
1 0.33411458134651184 0.7310185432434082 0.015104166232049465 0.028703704476356506
1 0.6658853888511658 0.7365740537643433 0.015104166232049465 0.026851851493120193
1 0.30807292461395264 0.35277777910232544 0.01718750037252903 0.020370369777083397
0 0.40156251192092896 0.7212963104248047 0.03125 0.06481481343507767
0 0.44192707538604736 0.8263888955116272 0.03697916492819786 0.08611111342906952
1 0.7065104246139526 0.4555555582046509 0.01718750037252903 0.025925925001502037
0 0.39270833134651184 0.6699073910713196 0.03958333283662796 0.09907407313585281
0 0.3255208432674408 0.7250000238418579 0.03333333507180214 0.06296296417713165
1 0.5796874761581421 0.2944444417953491 0.01666666753590107 0.031481482088565826
0 0.4703125059604645 0.729629635810852 0.03541666641831398 0.06111111119389534
0 0.7080729007720947 0.5625 0.03281249850988388 0.08055555820465088
0 0.7088541388511658 0.43703705072402954 0.03020833246409893 0.07592592388391495
0 0.31067708134651184 0.3333333432674408 0.02864583395421505 0.06851851940155029
0 0.6786458492279053 0.552314817905426 0.03229166567325592 0.08796296268701553
0 0.5010416507720947 0.7569444179534912 0.02812499925494194 0.07870370149612427
0 0.67578125 0.7263888716697693 0.03802083432674408 0.07129629701375961
0 0.5914062261581421 0.2837963104248047 0.0494791679084301 0.07129629701375961