0 0.5277777910232544 0.27555030584335327 0.07962962985038757 0.05267295613884926
3 0.6268518567085266 0.33805030584335327 0.07407407462596893 0.07547169923782349
0 0.3472222089767456 0.285770446062088 0.08888889104127884 0.05267295613884926
0 0.32685184478759766 0.2578616440296173 0.05925925821065903 0.056603774428367615
0 0.3462963104248047 0.3522012531757355 0.07037036865949631 0.0487421378493309
1 0.3722222149372101 0.29559749364852905 0.025925925001502037 0.020440252497792244
1 0.5467592477798462 0.2916666567325592 0.032407406717538834 0.020440252497792244
3 0.5263888835906982 0.27437105774879456 0.08425925672054291 0.05345911905169487
0 0.550000011920929 0.28891509771347046 0.040740739554166794 0.02908805012702942
1 0.20277777314186096 0.3121069073677063 0.025925925001502037 0.020440252497792244
4 0.3453703820705414 0.3545597493648529 0.07407407462596893 0.05503144487738609
0 0.5458333492279053 0.35180819034576416 0.037962961941957474 0.032232705503702164
0 0.48055556416511536 0.2220911979675293 0.08888889104127884 0.04795597493648529
1 0.3245370388031006 0.2437106966972351 0.03611111268401146 0.022012578323483467
1 0.08657407760620117 0.4229559600353241 0.034259259700775146 0.025157231837511063
1 0.4462963044643402 0.21344339847564697 0.02777777798473835 0.021226415410637856
1 0.5449073910713196 0.3557389974594116 0.032407406717538834 0.021226415410637856
1 0.36574074625968933 0.3455188572406769 0.02777777798473835 0.019654087722301483
1 0.6986111402511597 0.43553459644317627 0.026851851493120193 0.022012578323483467
0 0.20972222089767456 0.31485849618911743 0.049074072390794754 0.03380503132939339
1 0.6412037014961243 0.3125 0.03055555559694767 0.021226415410637856
3 0.34490740299224854 0.2838050425052643 0.08981481194496155 0.056603774428367615
0 0.39537036418914795 0.5723270177841187 0.08703703433275223 0.04245283082127571
1 0.0754629597067833 0.45400944352149963 0.032407406717538834 0.02437106892466545
0 0.657870352268219 0.3808962404727936 0.0694444477558136 0.06053459271788597
1 0.19768518209457397 0.3608490526676178 0.03611111268401146 0.026729559525847435
3 0.5504629611968994 0.32861635088920593 0.05092592537403107 0.08176100999116898
1 0.7574074268341064 0.48152515292167664 0.03333333507180214 0.025943396613001823
1 0.4208333194255829 0.5703616142272949 0.03611111268401146 0.03380503132939339
0 0.3444444537162781 0.5192610025405884 0.06296296417713165 0.06682389974594116
1 0.36064815521240234 0.5412735939025879 0.034259259700775146 0.02437106892466545
1 0.15509259700775146 0.5149371027946472 0.034259259700775146 0.026729559525847435
1 0.1050925925374031 0.30227985978126526 0.032407406717538834 0.02437106892466545
0 0.5481481552124023 0.3333333432674408 0.051851850003004074 0.07075471431016922
1 0.6439814567565918 0.36556604504585266 0.032407406717538834 0.02358490601181984
0 0.6245370507240295 0.33687105774879456 0.06574074178934097 0.07154087722301483
0 0.21388888359069824 0.3883647918701172 0.06296296417713165 0.07075471431016922
0 0.14444445073604584 0.4944968521595001 0.05370370298624039 0.06761006265878677
0 0.7143518328666687 0.4437893033027649 0.06388889253139496 0.04795597493648529
0 0.7777777910232544 0.4941037595272064 0.07777778059244156 0.055817611515522
0 0.08148147910833359 0.438286155462265 0.05925925821065903 0.062106918543577194
0 0.11620370298624039 0.3128930926322937 0.0694444477558136 0.056603774428367615