3 0.6156250238418579 0.7847222089767456 0.0885416641831398 0.05648148059844971
3 0.5833333134651184 0.7773148417472839 0.06979166716337204 0.05833333358168602
1 0.6674479246139526 0.27222222089767456 0.01406249962747097 0.020370369777083397
1 0.4872395694255829 0.27546295523643494 0.01718750037252903 0.028703704476356506
1 0.6078125238418579 0.789814829826355 0.015625 0.031481482088565826
3 0.5809895992279053 0.8217592835426331 0.06302083283662796 0.07314814627170563
0 0.5979166626930237 0.8449074029922485 0.03333333507180214 0.037962961941957474
3 0.4921875 0.34351852536201477 0.03854166716337204 0.10925926268100739
1 0.5346354246139526 0.739814817905426 0.01927083358168602 0.031481482088565826
0 0.5874999761581421 0.8370370268821716 0.04791666567325592 0.05740740895271301
0 0.5940104126930237 0.7837963104248047 0.04114583507180214 0.049074072390794754
3 0.5497395992279053 0.7685185074806213 0.05156249925494194 0.0962962955236435
1 0.6505208611488342 0.23148147761821747 0.01875000074505806 0.025925925001502037
0 0.49817708134651184 0.25231480598449707 0.03697916492819786 0.0694444477558136
3 0.49609375 0.2699074149131775 0.04218750074505806 0.10092592239379883
1 0.3864583373069763 0.4175925850868225 0.01770833320915699 0.03333333507180214
1 0.3958333432674408 0.19629628956317902 0.015625 0.02777777798473835
1 0.6268228888511658 0.5606481432914734 0.01927083358168602 0.032407406717538834
0 0.6723958253860474 0.2578703761100769 0.02291666716337204 0.05462963134050369
0 0.6424478888511658 0.2083333283662796 0.0338541679084301 0.06481481343507767
0 0.49166667461395264 0.364814817905426 0.03020833246409893 0.06666667014360428
0 0.6356770992279053 0.7907407283782959 0.04010416567325592 0.0555555559694767
0 0.3760416805744171 0.4347222149372101 0.04479166492819786 0.07870370149612427
0 0.6361979246139526 0.5810185074806213 0.03802083432674408 0.07314814627170563
0 0.3838541805744171 0.2083333283662796 0.03750000149011612 0.06111111119389534