3 0.49768519401550293 0.3954402506351471 0.07129629701375961 0.06132075563073158
0 0.5939815044403076 0.29402515292167664 0.06759259104728699 0.05188679322600365
0 0.539814829826355 0.285770446062088 0.03888889029622078 0.02908805012702942
1 0.3324074149131775 0.25196540355682373 0.025925925001502037 0.021226415410637856
0 0.625 0.42138364911079407 0.05000000074505806 0.069182388484478
3 0.7212963104248047 0.35141509771347046 0.06666667014360428 0.0628930851817131
3 0.3375000059604645 0.30267295241355896 0.0416666679084301 0.069182388484478
1 0.6166666746139526 0.31053459644317627 0.025925925001502037 0.020440252497792244
0 0.582870364189148 0.28694969415664673 0.0416666679084301 0.03144654259085655
1 0.6458333134651184 0.3062106966972351 0.026851851493120193 0.025943396613001823
1 0.5467592477798462 0.2904874086380005 0.02500000037252903 0.02279874123632908
1 0.38842591643333435 0.3352987468242645 0.028703704476356506 0.019654087722301483
0 0.4981481432914734 0.3950471580028534 0.07037036865949631 0.06053459271788597
0 0.48055556416511536 0.3808962404727936 0.03888889029622078 0.02908805012702942
1 0.10185185074806213 0.4944968521595001 0.035185184329748154 0.02358490601181984
0 0.41111111640930176 0.5503144860267639 0.051851850003004074 0.07547169923782349
0 0.6236110925674438 0.39937105774879456 0.0416666679084301 0.02987421303987503
1 0.42222222685813904 0.5762578845024109 0.031481482088565826 0.020440252497792244
1 0.19398148357868195 0.43553459644317627 0.034259259700775146 0.022012578323483467
0 0.5074074268341064 0.284984290599823 0.07222222536802292 0.03066037781536579
0 0.3689814805984497 0.24764150381088257 0.07870370149612427 0.033018868416547775
1 0.4791666567325592 0.37775155901908875 0.03055555559694767 0.02279874123632908
1 0.125 0.35062894225120544 0.02777777798473835 0.02358490601181984
1 0.6694444417953491 0.5369496941566467 0.029629629105329514 0.020440252497792244
1 0.4148148000240326 0.48152515292167664 0.029629629105329514 0.02279874123632908
0 0.3861111104488373 0.3187893033027649 0.04814814776182175 0.06996855139732361
1 0.16944444179534912 0.5526729822158813 0.031481482088565826 0.02358490601181984
3 0.6245370507240295 0.4221698045730591 0.05092592537403107 0.07075471431016922
0 0.3375000059604645 0.30267295241355896 0.03981481492519379 0.069182388484478
1 0.25648146867752075 0.5157232880592346 0.03333333507180214 0.026729559525847435
0 0.7236111164093018 0.35062894225120544 0.06018518656492233 0.05188679322600365
3 0.5962963104248047 0.29520440101623535 0.06666667014360428 0.051100630313158035
0 0.6643518805503845 0.31014150381088257 0.06574074178934097 0.03537735715508461
1 0.7074074149131775 0.3349056541919708 0.029629629105329514 0.022012578323483467
0 0.6541666388511658 0.5589622855186462 0.06203703582286835 0.0628930851817131
0 0.4435185194015503 0.474056601524353 0.08703703433275223 0.044025156646966934
0 0.24259258806705475 0.49764150381088257 0.07222222536802292 0.06761006265878677
0 0.1944444477558136 0.4178459048271179 0.051851850003004074 0.06367924809455872
0 0.1597222238779068 0.5322327017784119 0.05092592537403107 0.06761006265878677
0 0.10370370000600815 0.4783805012702942 0.04814814776182175 0.06367924809455872
0 0.13842593133449554 0.35927674174308777 0.06388889253139496 0.05188679322600365