1 0.53125 0.14814814925193787 0.02187499962747097 0.031481482088565826
0 0.41874998807907104 0.875 0.03437500074505806 0.051851850003004074
1 0.539843738079071 0.9009259343147278 0.015104166232049465 0.029629629105329514
0 0.5932291746139526 0.8481481671333313 0.02395833283662796 0.05370370298624039
1 0.3010416626930237 0.3768518567085266 0.01875000074505806 0.025925925001502037
1 0.5877603888511658 0.8273147940635681 0.01614583283662796 0.02500000037252903
1 0.44713541865348816 0.4268518388271332 0.01614583283662796 0.031481482088565826
0 0.29739582538604736 0.3689814805984497 0.03229166567325592 0.08611111342906952
1 0.6783854365348816 0.5708333253860474 0.02031249925494194 0.034259259700775146
1 0.5197916626930237 0.1458333283662796 0.01875000074505806 0.032407406717538834
1 0.3278645873069763 0.44999998807907104 0.01614583283662796 0.024074073880910873
1 0.38854166865348816 0.4384259283542633 0.01666666753590107 0.028703704476356506
1 0.3708333373069763 0.3712962865829468 0.01770833320915699 0.025925925001502037
1 0.28723958134651184 0.5490740537643433 0.01718750037252903 0.029629629105329514
1 0.49817708134651184 0.22175925970077515 0.01927083358168602 0.032407406717538834
1 0.39140623807907104 0.17916665971279144 0.01614583283662796 0.03055555559694767
1 0.4312500059604645 0.24675926566123962 0.01770833320915699 0.032407406717538834
0 0.3984375 0.4157407283782959 0.03750000149011612 0.08518518507480621
0 0.29244792461395264 0.4106481373310089 0.03281249850988388 0.07685185223817825
0 0.48385417461395264 0.22685185074806213 0.04895833507180214 0.04814814776182175
0 0.3726562559604645 0.3481481373310089 0.02968749962747097 0.0962962955236435
0 0.30390626192092896 0.34583333134651184 0.03072916716337204 0.05833333358168602
0 0.5049479007720947 0.13148148357868195 0.04531250149011612 0.0555555559694767
0 0.2825520932674408 0.5259259343147278 0.03281249850988388 0.09074074029922485
0 0.4494791626930237 0.40046295523643494 0.03333333507180214 0.10092592239379883
0 0.33151042461395264 0.42592594027519226 0.03177083283662796 0.08518518507480621
0 0.6721354126930237 0.5967592597007751 0.03802083432674408 0.0972222238779068
0 0.4033854305744171 0.16805554926395416 0.04010416567325592 0.06018518656492233
0 0.5471354126930237 0.15925925970077515 0.0338541679084301 0.05740740895271301
0 0.41614583134651184 0.2578703761100769 0.046875 0.06388889253139496