0 0.5369791388511658 0.9129629731178284 0.02916666679084301 0.040740739554166794
3 0.4846354126930237 0.31296294927597046 0.07239583134651184 0.08888889104127884
1 0.03359375149011612 0.23194444179534912 0.01197916641831398 0.023148147389292717
1 0.4520833194255829 0.27222222089767456 0.01770833320915699 0.02222222276031971
1 0.04348958283662796 0.2967592477798462 0.01614583283662796 0.02500000037252903
1 0.015104166232049465 0.5263888835906982 0.01770833320915699 0.028703704476356506
1 0.6343749761581421 0.7324073910713196 0.01979166641831398 0.031481482088565826
0 0.01406249962747097 0.19027778506278992 0.02812499925494194 0.037962961941957474
0 0.5026041865348816 0.9023148417472839 0.03229166567325592 0.05092592537403107
1 0.0455729179084301 0.3847222328186035 0.01822916604578495 0.028703704476356506
0 0.45651042461395264 0.21203704178333282 0.03177083283662796 0.07962962985038757
1 0.717968761920929 0.7162036895751953 0.01927083358168602 0.032407406717538834
3 0.45911458134651184 0.2527777850627899 0.03489583358168602 0.14444445073604584
0 0.04479166492819786 0.3717592656612396 0.02708333358168602 0.07685185223817825
1 0.4872395694255829 0.3333333432674408 0.01927083358168602 0.03333333507180214
1 0.5908854007720947 0.8587962985038757 0.01822916604578495 0.03055555559694767
0 0.4580729305744171 0.29398149251937866 0.03072916716337204 0.06388889253139496
0 0.5005208253860474 0.3412036895751953 0.04479166492819786 0.05648148059844971
0 0.01406249962747097 0.5078703761100769 0.02708333358168602 0.08055555820465088
0 0.04088541492819786 0.3143518567085266 0.02447916753590107 0.06759259104728699
0 0.35624998807907104 0.7587962746620178 0.03333333507180214 0.0694444477558136
0 0.02916666679084301 0.2439814805984497 0.02916666679084301 0.05648148059844971
0 0.635937511920929 0.7550926208496094 0.02812499925494194 0.08611111342906952
0 0.5815104246139526 0.8703703880310059 0.04114583507180214 0.0555555559694767
0 0.7098958492279053 0.7361111044883728 0.04374999925494194 0.07962962985038757