0 0.04192708432674408 0.3430555462837219 0.02864583395421505 0.11388888955116272
1 0.4880208373069763 0.8708333373069763 0.02187499962747097 0.03981481492519379
1 0.04322916641831398 0.2967592477798462 0.01666666753590107 0.026851851493120193
3 0.44843751192092896 0.4185185134410858 0.04270833358168602 0.08888889104127884
0 0.49609375 0.8879629373550415 0.04843749850988388 0.08703703433275223
0 0.5096353888511658 0.9050925970077515 0.03281249850988388 0.06203703582286835
1 0.015104166232049465 0.5259259343147278 0.01770833320915699 0.02777777798473835
1 0.6572916507720947 0.8263888955116272 0.01666666753590107 0.03611111268401146
1 0.0455729179084301 0.38425925374031067 0.01822916604578495 0.02777777798473835
0 0.014322916977107525 0.19027778506278992 0.02864583395421505 0.037962961941957474
1 0.6234375238418579 0.8736110925674438 0.01875000074505806 0.03055555559694767
0 0.4479166567325592 0.4027777910232544 0.03958333283662796 0.051851850003004074
0 0.04479166492819786 0.37268519401550293 0.02604166604578495 0.07685185223817825
1 0.03541666641831398 0.2300925999879837 0.012500000186264515 0.021296296268701553
1 0.5838541388511658 0.5402777791023254 0.01979166641831398 0.026851851493120193
1 0.5411458611488342 0.5805555582046509 0.01875000074505806 0.02777777798473835
1 0.3578124940395355 0.6101852059364319 0.01770833320915699 0.035185184329748154
0 0.4893229305744171 0.4046296179294586 0.04010416567325592 0.05000000074505806
0 0.6122395992279053 0.8833333253860474 0.0390625 0.05740740895271301
0 0.01380208320915699 0.5078703761100769 0.02656250074505806 0.07870370149612427
0 0.3291666805744171 0.6013888716697693 0.03229166567325592 0.07129629701375961
0 0.3708333373069763 0.6138888597488403 0.04374999925494194 0.06666667014360428
0 0.03072916716337204 0.2430555522441864 0.02916666679084301 0.05462963134050369
0 0.04114583507180214 0.3134259283542633 0.02395833283662796 0.06759259104728699
0 0.6692708134651184 0.8245370388031006 0.04270833358168602 0.07129629701375961
0 0.585156261920929 0.5148147940635681 0.02968749962747097 0.08518518507480621
0 0.542187511920929 0.6060185432434082 0.03229166567325592 0.09351851791143417