0 0.4895833432674408 0.30000001192092896 0.02187499962747097 0.046296294778585434
3 0.5171874761581421 0.7620370388031006 0.03854166716337204 0.06296296417713165
1 0.5036458373069763 0.7263888716697693 0.01666666753590107 0.021296296268701553
0 0.5026041865348816 0.7092592716217041 0.02291666716337204 0.05000000074505806
3 0.4776041805744171 0.3222222328186035 0.04270833358168602 0.08518518507480621
1 0.4156250059604645 0.7671296000480652 0.01354166679084301 0.02500000037252903
0 0.5026041865348816 0.6592592597007751 0.02291666716337204 0.046296294778585434
0 0.5166666507720947 0.762499988079071 0.04062499850988388 0.06203703582286835
1 0.4671874940395355 0.5805555582046509 0.014583333395421505 0.02222222276031971
3 0.503125011920929 0.6856481432914734 0.02916666679084301 0.09907407313585281
1 0.5880208611488342 0.7277777791023254 0.014583333395421505 0.02777777798473835
1 0.36666667461395264 0.6402778029441833 0.014583333395421505 0.026851851493120193
0 0.4736979305744171 0.6259258985519409 0.0338541679084301 0.04814814776182175
0 0.4752604067325592 0.5634258985519409 0.03281249850988388 0.05648148059844971
0 0.5778645873069763 0.7277777791023254 0.0338541679084301 0.04814814776182175
3 0.48645833134651184 0.6416666507720947 0.05520833283662796 0.08148147910833359
0 0.3591145873069763 0.6259258985519409 0.03489583358168602 0.06666667014360428
0 0.4052083194255829 0.7527777552604675 0.03125 0.05925925821065903
0 0.31432291865348816 0.5115740895271301 0.02864583395421505 0.06759259104728699