1 0.44583332538604736 0.17499999701976776 0.01770833320915699 0.025925925001502037
0 0.36380207538604736 0.24351851642131805 0.03802083432674408 0.029629629105329514
1 0.5492187738418579 0.7606481313705444 0.01718750037252903 0.028703704476356506
0 0.3661458194255829 0.21805556118488312 0.03854166716337204 0.06388889253139496
1 0.37942707538604736 0.8050925731658936 0.015104166232049465 0.023148147389292717
1 0.45755207538604736 0.2819444537162781 0.01718750037252903 0.02500000037252903
1 0.3841145932674408 0.6333333253860474 0.01614583283662796 0.02777777798473835
1 0.37578123807907104 0.24166665971279144 0.01614583283662796 0.025925925001502037
1 0.4307291805744171 0.21990740299224854 0.014583333395421505 0.021296296268701553
1 0.2854166626930237 0.6060185432434082 0.01770833320915699 0.02500000037252903
1 0.39505207538604736 0.36342594027519226 0.01718750037252903 0.026851851493120193
1 0.31067708134651184 0.4115740656852722 0.01718750037252903 0.026851851493120193
1 0.2893229126930237 0.532870352268219 0.01406249962747097 0.02500000037252903
1 0.38463541865348816 0.7425925731658936 0.01197916641831398 0.02222222276031971
0 0.28697916865348816 0.6287037134170532 0.02604166604578495 0.07777778059244156
0 0.5510416626930237 0.7773148417472839 0.02916666679084301 0.07500000298023224
0 0.39453125 0.7504629492759705 0.04010416567325592 0.05092592537403107
0 0.38984376192092896 0.34351852536201477 0.03593749925494194 0.07037036865949631
0 0.4559895694255829 0.16851851344108582 0.03802083432674408 0.051851850003004074
0 0.4229166805744171 0.20092593133449554 0.03020833246409893 0.05740740895271301
0 0.45651042461395264 0.26527777314186096 0.02760416641831398 0.07685185223817825
0 0.3856770694255829 0.8175926208496094 0.03072916716337204 0.05925925821065903
0 0.2981770932674408 0.542129635810852 0.0390625 0.06203703582286835
0 0.3192708194255829 0.43287035822868347 0.03958333283662796 0.08425925672054291
0 0.37552082538604736 0.6509259343147278 0.04374999925494194 0.07777778059244156