1 0.33796295523643494 0.28262579441070557 0.029629629105329514 0.021226415410637856
0 0.5388888716697693 0.2900943458080292 0.03333333507180214 0.02987421303987503
3 0.3671296238899231 0.25432389974594116 0.09166666865348816 0.038522012531757355
3 0.7018518447875977 0.31643080711364746 0.08888889104127884 0.04323899373412132
0 0.4819444417953491 0.38443395495414734 0.037962961941957474 0.025157231837511063
1 0.3342592716217041 0.2574685513973236 0.024074073880910873 0.021226415410637856
0 0.3393518626689911 0.3073899447917938 0.03981481492519379 0.07075471431016922
0 0.6282407641410828 0.4371069073677063 0.0416666679084301 0.03616352379322052
3 0.7421296238899231 0.3679245412349701 0.05833333358168602 0.06446541100740433
1 0.4828703701496124 0.384040892124176 0.03055555559694767 0.021226415410637856
1 0.5236111283302307 0.284984290599823 0.023148147389292717 0.019654087722301483
1 0.6189814805984497 0.3113207519054413 0.03055555559694767 0.028301887214183807
0 0.6231481432914734 0.402515709400177 0.040740739554166794 0.03144654259085655
1 0.4407407343387604 0.4795597493648529 0.02777777798473835 0.022012578323483467
1 0.1050925925374031 0.49685534834861755 0.034259259700775146 0.02358490601181984
1 0.6699073910713196 0.5389150977134705 0.026851851493120193 0.019654087722301483
0 0.5 0.39897799491882324 0.06851851940155029 0.06053459271788597
1 0.13148148357868195 0.3557389974594116 0.03333333507180214 0.027515722438693047
0 0.49953705072402954 0.28812894225120544 0.05833333358168602 0.03066037781536579
1 0.19629628956317902 0.4386792480945587 0.03333333507180214 0.022012578323483467
0 0.5962963104248047 0.2995283007621765 0.07407407462596893 0.050314463675022125
1 0.38842591643333435 0.33805030584335327 0.028703704476356506 0.020440252497792244
3 0.3393518626689911 0.3066037595272064 0.0416666679084301 0.069182388484478
0 0.36851853132247925 0.25314465165138245 0.08703703433275223 0.034591194242239
0 0.7425925731658936 0.3687106966972351 0.05925925821065903 0.0628930851817131
1 0.2597222328186035 0.5208333134651184 0.028703704476356506 0.02279874123632908
0 0.4652777910232544 0.47680819034576416 0.07500000298023224 0.038522012531757355
1 0.1726851910352707 0.5554245114326477 0.032407406717538834 0.02437106892466545
1 0.4236111044883728 0.5786163806915283 0.032407406717538834 0.022012578323483467
0 0.4124999940395355 0.5522798895835876 0.05092592537403107 0.08254717290401459
3 0.625 0.42099055647850037 0.05000000074505806 0.07154087722301483
0 0.654629647731781 0.5613207817077637 0.06481481343507767 0.06761006265878677
1 0.677314817905426 0.30856919288635254 0.03055555559694767 0.02279874123632908
1 0.7319444417953491 0.3486635088920593 0.034259259700775146 0.019654087722301483
0 0.6990740895271301 0.31564465165138245 0.07222222536802292 0.038522012531757355
0 0.38657405972480774 0.32232704758644104 0.04537037014961243 0.06446541100740433
0 0.2439814805984497 0.5011792182922363 0.07129629701375961 0.06682389974594116
0 0.14212962985038757 0.36281445622444153 0.06203703582286835 0.05267295613884926
0 0.16249999403953552 0.5361635088920593 0.05092592537403107 0.06761006265878677
0 0.20000000298023224 0.42020440101623535 0.04814814776182175 0.062106918543577194
0 0.10740740597248077 0.48152515292167664 0.05000000074505806 0.062106918543577194