1 0.5567708611488342 0.34398147463798523 0.01666666753590107 0.026851851493120193
1 0.5864583253860474 0.17824074625968933 0.015625 0.028703704476356506
1 0.3369791805744171 0.6875 0.01875000074505806 0.028703704476356506
1 0.3786458373069763 0.23657406866550446 0.01666666753590107 0.021296296268701553
1 0.6677083373069763 0.6875 0.015625 0.026851851493120193
1 0.38359373807907104 0.7106481194496155 0.015104166232049465 0.026851851493120193
3 0.592968761920929 0.18611110746860504 0.07760416716337204 0.07962962985038757
1 0.624218761920929 0.2143518477678299 0.01822916604578495 0.026851851493120193
1 0.37890625 0.6268518567085266 0.015104166232049465 0.02777777798473835
1 0.6841145753860474 0.3453703820705414 0.01927083358168602 0.02777777798473835
0 0.4153645932674408 0.8101851940155029 0.0338541679084301 0.04444444552063942
1 0.4893229305744171 0.3157407343387604 0.01718750037252903 0.031481482088565826
0 0.35364583134651184 0.260185182094574 0.02291666716337204 0.04259259253740311
0 0.6161458492279053 0.2023148089647293 0.0364583320915699 0.05277777835726738
0 0.33984375 0.7037037014961243 0.03072916716337204 0.06296296417713165
0 0.5729166865348816 0.1648148149251938 0.0416666679084301 0.05370370298624039
0 0.5625 0.36666667461395264 0.03333333507180214 0.08148147910833359
0 0.3825520873069763 0.21666666865348816 0.02864583395421505 0.06111111119389534
0 0.6763020753860474 0.6717592477798462 0.03281249850988388 0.07314814627170563
0 0.3778645694255829 0.6893518567085266 0.03072916716337204 0.07500000298023224
0 0.6799479126930237 0.31990739703178406 0.03281249850988388 0.07500000298023224
0 0.3921875059604645 0.6101852059364319 0.046875 0.06851851940155029
0 0.5028645992279053 0.30324074625968933 0.0494791679084301 0.06203703582286835