0 0.5776041746139526 0.7865740656852722 0.0416666679084301 0.05648148059844971
1 0.2848958373069763 0.5486111044883728 0.01666666753590107 0.023148147389292717
1 0.3981770873069763 0.7949073910713196 0.01406249962747097 0.028703704476356506
1 0.5471354126930237 0.18101851642131805 0.01822916604578495 0.028703704476356506
1 0.5197916626930237 0.33009257912635803 0.015625 0.037962961941957474
1 0.4416666626930237 0.5578703880310059 0.01666666753590107 0.03055555559694767
1 0.46145832538604736 0.8291666507720947 0.014583333395421505 0.028703704476356506
1 0.6411458253860474 0.6962962746620178 0.01666666753590107 0.029629629105329514
1 0.58984375 0.4069444537162781 0.01822916604578495 0.032407406717538834
0 0.44739583134651184 0.8203703761100769 0.04270833358168602 0.05000000074505806
1 0.3486979305744171 0.2935185134410858 0.01718750037252903 0.029629629105329514
1 0.563281238079071 0.5814814567565918 0.01927083358168602 0.035185184329748154
1 0.5041666626930237 0.4185185134410858 0.01666666753590107 0.031481482088565826
0 0.49010416865348816 0.7837963104248047 0.03020833246409893 0.0694444477558136
0 0.28437501192092896 0.572685182094574 0.02812499925494194 0.08611111342906952
0 0.5570312738418579 0.2004629671573639 0.03593749925494194 0.07129629701375961
0 0.653124988079071 0.6916666626930237 0.0364583320915699 0.05370370298624039
0 0.49010416865348816 0.42916667461395264 0.04895833507180214 0.07129629701375961
0 0.36145833134651184 0.2805555462837219 0.04270833358168602 0.06111111119389534
0 0.6015625 0.39537036418914795 0.04479166492819786 0.06851851940155029
0 0.504687488079071 0.32175925374031067 0.046875 0.06574074178934097
0 0.3830729126930237 0.8018518686294556 0.0442708320915699 0.06296296417713165
0 0.5770833492279053 0.5745370388031006 0.05104166641831398 0.07129629701375961
0 0.4557291567325592 0.5439814925193787 0.0520833320915699 0.07685185223817825