1 0.7171875238418579 0.699999988079071 0.01979166641831398 0.03888889029622078
1 0.55859375 0.8476851582527161 0.01927083358168602 0.032407406717538834
1 0.01536458358168602 0.5277777910232544 0.01822916604578495 0.029629629105329514
1 0.0455729179084301 0.38425925374031067 0.015104166232049465 0.024074073880910873
1 0.3713541626930237 0.6819444298744202 0.015625 0.02500000037252903
0 0.578125 0.5162037014961243 0.04270833358168602 0.07500000298023224
1 0.524218738079071 0.8495370149612427 0.02031249925494194 0.03055555559694767
1 0.03437500074505806 0.2606481611728668 0.012500000186264515 0.026851851493120193
1 0.3929687440395355 0.6189814805984497 0.013020833022892475 0.028703704476356506
1 0.49609375 0.43009260296821594 0.02135416679084301 0.03055555559694767
0 0.014583333395421505 0.18888889253139496 0.02916666679084301 0.046296294778585434
3 0.582812488079071 0.4842592477798462 0.0572916679084301 0.14629629254341125
0 0.518750011920929 0.8708333373069763 0.02812499925494194 0.0694444477558136
0 0.5757812261581421 0.8435184955596924 0.03593749925494194 0.03703703731298447
0 0.014843749813735485 0.510185182094574 0.02864583395421505 0.07777778059244156
0 0.3791666626930237 0.6222222447395325 0.04583333432674408 0.06296296417713165
0 0.6013020873069763 0.44398146867752075 0.02552083320915699 0.07685185223817825
0 0.714062511920929 0.7162036895751953 0.0364583320915699 0.09166666865348816
0 0.02421874925494194 0.25462964177131653 0.03802083432674408 0.05925925821065903
0 0.3669270873069763 0.7041666507720947 0.0338541679084301 0.07870370149612427
0 0.04661458358168602 0.37361112236976624 0.03072916716337204 0.0694444477558136
0 0.49921876192092896 0.4018518626689911 0.02968749962747097 0.08148147910833359
0 0.02656250074505806 0.44212964177131653 0.0416666679084301 0.0694444477558136
0 0.6341145634651184 0.7555555701255798 0.02760416641831398 0.08703703433275223