1 0.4752604067325592 0.8462963104248047 0.01927083358168602 0.029629629105329514
1 0.5393229126930237 0.9013888835906982 0.01614583283662796 0.03055555559694767
1 0.3531250059604645 0.25138887763023376 0.01875000074505806 0.028703704476356506
1 0.37317708134651184 0.3652777671813965 0.01614583283662796 0.021296296268701553
3 0.3674479126930237 0.2222222238779068 0.04843749850988388 0.09259258955717087
1 0.3044270873069763 0.44675925374031067 0.01718750037252903 0.028703704476356506
1 0.3244791626930237 0.4435185194015503 0.01875000074505806 0.025925925001502037
1 0.4085937440395355 0.25648146867752075 0.01822916604578495 0.02222222276031971
1 0.39140623807907104 0.43287035822868347 0.01718750037252903 0.028703704476356506
1 0.6924479007720947 0.6259258985519409 0.01822916604578495 0.029629629105329514
1 0.4234375059604645 0.1615740805864334 0.015625 0.03055555559694767
1 0.632031261920929 0.7236111164093018 0.01718750037252903 0.028703704476356506
0 0.39921873807907104 0.4087963104248047 0.03281249850988388 0.07685185223817825
1 0.30520832538604736 0.6740740537643433 0.01979166641831398 0.02777777798473835
1 0.44999998807907104 0.42500001192092896 0.01875000074505806 0.025925925001502037
0 0.37447917461395264 0.20416666567325592 0.03437500074505806 0.05833333358168602
1 0.6265624761581421 0.7856481671333313 0.01666666753590107 0.028703704476356506
0 0.4085937440395355 0.2837963104248047 0.02552083320915699 0.0824074074625969
0 0.41093748807907104 0.1666666716337204 0.03854166716337204 0.046296294778585434
0 0.33281248807907104 0.41898149251937866 0.02916666679084301 0.0694444477558136
0 0.3101562559604645 0.6967592835426331 0.03177083283662796 0.08055555820465088
0 0.6187499761581421 0.737500011920929 0.04583333432674408 0.0694444477558136
0 0.37317708134651184 0.33796295523643494 0.02656250074505806 0.0833333358168602
0 0.696093738079071 0.605555534362793 0.03177083283662796 0.09259258955717087
0 0.4507812559604645 0.3967592716217041 0.02760416641831398 0.0824074074625969
0 0.2994791567325592 0.47361111640930176 0.02916666679084301 0.07870370149612427
0 0.637499988079071 0.7777777910232544 0.0364583320915699 0.06111111119389534