1 0.5786458253860474 0.3722222149372101 0.01145833358168602 0.020370369777083397
1 0.4765625 0.29722222685813904 0.015625 0.024074073880910873
0 0.5325520634651184 0.7717592716217041 0.02552083320915699 0.043518517166376114
1 0.5546875 0.3490740656852722 0.012500000186264515 0.02222222276031971
1 0.5028645992279053 0.7115740776062012 0.01614583283662796 0.026851851493120193
1 0.37890625 0.6587963104248047 0.01406249962747097 0.023148147389292717
0 0.5606771111488342 0.35462963581085205 0.02552083320915699 0.03888889029622078
1 0.4013020694255829 0.7546296119689941 0.015104166232049465 0.024074073880910873
1 0.6197916865348816 0.6254629492759705 0.014583333395421505 0.023148147389292717
1 0.5023437738418579 0.7527777552604675 0.015104166232049465 0.025925925001502037
1 0.6106770634651184 0.3791666626930237 0.01406249962747097 0.01944444514811039
3 0.46432292461395264 0.33796295523643494 0.0390625 0.10555555671453476
1 0.36536458134651184 0.6365740895271301 0.01197916641831398 0.028703704476356506
0 0.4736979305744171 0.31018519401550293 0.0234375 0.0555555559694767
1 0.31458333134651184 0.5259259343147278 0.015625 0.02222222276031971
3 0.5726562738418579 0.37638887763023376 0.0494791679084301 0.09166666865348816
0 0.6166666746139526 0.39351850748062134 0.02604166604578495 0.05370370298624039
0 0.3934895694255829 0.7412037253379822 0.02760416641831398 0.05833333358168602
0 0.5843750238418579 0.3930555582046509 0.02395833283662796 0.05462963134050369
0 0.3541666567325592 0.6291666626930237 0.03125 0.05092592537403107
0 0.3893229067325592 0.6449074149131775 0.03281249850988388 0.06388889253139496
0 0.6265624761581421 0.6430555582046509 0.02916666679084301 0.05648148059844971
0 0.3153645694255829 0.5106481313705444 0.0234375 0.0694444477558136
0 0.5023437738418579 0.7328703999519348 0.02031249925494194 0.07129629701375961