1 0.4645833373069763 0.8620370626449585 0.01770833320915699 0.025925925001502037
0 0.6286458373069763 0.7462962865829468 0.05520833283662796 0.10000000149011612
0 0.5213541388511658 0.8708333373069763 0.01979166641831398 0.02500000037252903
1 0.542187511920929 0.831944465637207 0.015625 0.032407406717538834
1 0.6408854126930237 0.40324074029922485 0.01614583283662796 0.034259259700775146
0 0.5369791388511658 0.8398148417472839 0.03020833246409893 0.0555555559694767
1 0.46796876192092896 0.8680555820465088 0.01406249962747097 0.023148147389292717
0 0.28697916865348816 0.43009260296821594 0.02812499925494194 0.06388889253139496
1 0.28593748807907104 0.44212964177131653 0.02187499962747097 0.034259259700775146
1 0.520312488079071 0.8712962865829468 0.01666666753590107 0.025925925001502037
1 0.500781238079071 0.8805555701255798 0.01614583283662796 0.02777777798473835
1 0.4169270694255829 0.8597221970558167 0.01614583283662796 0.028703704476356506
0 0.6401041746139526 0.720370352268219 0.03125 0.046296294778585434
0 0.5231770873069763 0.8361111283302307 0.02552083320915699 0.04814814776182175
0 0.13880208134651184 0.2231481522321701 0.02656250074505806 0.040740739554166794
1 0.43932291865348816 0.8560185432434082 0.01406249962747097 0.026851851493120193
1 0.5153645873069763 0.13472221791744232 0.01718750037252903 0.034259259700775146
1 0.33281248807907104 0.7212963104248047 0.015625 0.031481482088565826
0 0.5799478888511658 0.36342594027519226 0.03593749925494194 0.06203703582286835
1 0.6479166746139526 0.7157407402992249 0.01770833320915699 0.03333333507180214
1 0.39895832538604736 0.20694445073604584 0.01770833320915699 0.034259259700775146
3 0.6356770992279053 0.40046295523643494 0.0807291641831398 0.0694444477558136
0 0.28984373807907104 0.40046295523643494 0.03593749925494194 0.11759259551763535
1 0.5703125 0.3523148000240326 0.01770833320915699 0.032407406717538834
0 0.42760416865348816 0.8143518567085266 0.04270833358168602 0.08981481194496155
0 0.65234375 0.4037036895751953 0.04114583507180214 0.05925925821065903
3 0.6002604365348816 0.3777777850627899 0.0755208358168602 0.0962962955236435
0 0.6161458492279053 0.7648147940635681 0.02187499962747097 0.06296296417713165
0 0.6151041388511658 0.3976851999759674 0.0364583320915699 0.05092592537403107
3 0.6299479007720947 0.7467592358589172 0.0546875 0.10277777910232544
0 0.3877604305744171 0.2171296328306198 0.04322916641831398 0.07314814627170563
0 0.5036458373069763 0.1310185194015503 0.04374999925494194 0.0694444477558136
0 0.32630208134651184 0.7060185074806213 0.03802083432674408 0.08425925672054291