1 0.578125 0.8884259462356567 0.01979166641831398 0.026851851493120193
1 0.5830729007720947 0.8824074268341064 0.01614583283662796 0.025925925001502037
0 0.5916666388511658 0.8550925850868225 0.03437500074505806 0.07129629701375961
1 0.6799479126930237 0.6180555820465088 0.01614583283662796 0.034259259700775146
1 0.3578124940395355 0.512499988079071 0.01770833320915699 0.02500000037252903
1 0.04296875 0.2967592477798462 0.01718750037252903 0.026851851493120193
1 0.01536458358168602 0.5259259343147278 0.01718750037252903 0.02777777798473835
0 0.6000000238418579 0.9013888835906982 0.03229166567325592 0.0416666679084301
1 0.34166666865348816 0.41527777910232544 0.01875000074505806 0.028703704476356506
1 0.0455729179084301 0.38425925374031067 0.01718750037252903 0.025925925001502037
1 0.7265625 0.5601851940155029 0.01875000074505806 0.024074073880910873
1 0.5723958611488342 0.7749999761581421 0.015625 0.031481482088565826
0 0.014583333395421505 0.18981482088565826 0.02812499925494194 0.03703703731298447
1 0.6533854007720947 0.8287037014961243 0.01614583283662796 0.031481482088565826
0 0.04453124850988388 0.3722222149372101 0.02552083320915699 0.07407407462596893
1 0.03515625 0.2300925999879837 0.01197916641831398 0.021296296268701553
1 0.5346354246139526 0.2736110985279083 0.01927083358168602 0.032407406717538834
3 0.594531238079071 0.8703703880310059 0.0442708320915699 0.09814814478158951
0 0.5057291388511658 0.9032407402992249 0.03333333507180214 0.05277777835726738
0 0.014322916977107525 0.5087962746620178 0.02760416641831398 0.07685185223817825
0 0.34192708134651184 0.4314814805984497 0.02968749962747097 0.08888889104127884
0 0.6669270992279053 0.8222222328186035 0.04114583507180214 0.05925925821065903
0 0.3674479126930237 0.5300925970077515 0.04739583283662796 0.08981481194496155
0 0.03072916716337204 0.24351851642131805 0.02812499925494194 0.05370370298624039
0 0.5447916388511658 0.2597222328186035 0.04270833358168602 0.06759259104728699
0 0.04088541492819786 0.3134259283542633 0.02447916753590107 0.06759259104728699
0 0.6916666626930237 0.6134259104728699 0.04895833507180214 0.07314814627170563
0 0.7322916388511658 0.5361111164093018 0.03020833246409893 0.08148147910833359
0 0.5861979126930237 0.7638888955116272 0.04635416716337204 0.07037036865949631