0 0.4462963044643402 0.34984275698661804 0.040740739554166794 0.02358490601181984
3 0.32175925374031067 0.22720125317573547 0.0694444477558136 0.056603774428367615
0 0.32083332538604736 0.2283805012702942 0.0694444477558136 0.057389937341213226
0 0.5703703761100769 0.3042452931404114 0.06851851940155029 0.044025156646966934
0 0.2967592477798462 0.3698899447917938 0.0416666679084301 0.049528300762176514
0 0.31990739703178406 0.31525155901908875 0.04722222313284874 0.05974842607975006
1 0.34259259700775146 0.28144654631614685 0.03333333507180214 0.0172955971211195
3 0.4601851999759674 0.36556604504585266 0.06481481343507767 0.0628930851817131
1 0.31018519401550293 0.2838050425052643 0.024074073880910873 0.015723271295428276
1 0.29629629850387573 0.3553459048271179 0.024074073880910873 0.0172955971211195
0 0.5981481671333313 0.3694968521595001 0.03888889029622078 0.02358490601181984
4 0.5740740895271301 0.29638364911079407 0.07962962985038757 0.0628930851817131
0 0.35462963581085205 0.26179245114326477 0.06481481343507767 0.039308175444602966
0 0.4828703701496124 0.2971698045730591 0.07870370149612427 0.05188679322600365
0 0.644444465637207 0.30896225571632385 0.07222222536802292 0.03773584961891174
1 0.37268519401550293 0.339229553937912 0.028703704476356506 0.019654087722301483
3 0.3472222089767456 0.26690250635147095 0.08148147910833359 0.05267295613884926
1 0.08009259402751923 0.5023584961891174 0.034259259700775146 0.02358490601181984
3 0.31898146867752075 0.30817610025405884 0.05277777835726738 0.07704402506351471
1 0.17685185372829437 0.44064465165138245 0.03333333507180214 0.02279874123632908
1 0.6675925850868225 0.30778300762176514 0.02777777798473835 0.02279874123632908
1 0.4453703761100769 0.3459119498729706 0.031481482088565826 0.020440252497792244
1 0.3037036955356598 0.24724842607975006 0.025925925001502037 0.01808176189661026
0 0.37037035822868347 0.32193395495414734 0.04814814776182175 0.06525157392024994
1 0.24120371043682098 0.525943398475647 0.03055555559694767 0.02358490601181984
1 0.4087963104248047 0.5841194987297058 0.03611111268401146 0.026729559525847435
1 0.45787036418914795 0.2845911979675293 0.026851851493120193 0.020440252497792244
1 0.15324074029922485 0.5625 0.034259259700775146 0.02437106892466545
1 0.10324074327945709 0.3561320900917053 0.03055555559694767 0.026729559525847435
0 0.4601851999759674 0.3663522005081177 0.06481481343507767 0.0628930851817131
0 0.645370364189148 0.5695754885673523 0.05925925821065903 0.06996855139732361
0 0.3976851999759674 0.5601415038108826 0.05277777835726738 0.06839622557163239
1 0.6620370149612427 0.5452044010162354 0.031481482088565826 0.02437106892466545
1 0.5976851582527161 0.3667452931404114 0.028703704476356506 0.019654087722301483
0 0.18009258806705475 0.42531445622444153 0.05833333358168602 0.0628930851817131
0 0.6069444417953491 0.3946540951728821 0.06203703582286835 0.07075471431016922
0 0.14444445073604584 0.5436320900917053 0.05740740895271301 0.06525157392024994
0 0.22685185074806213 0.5070754885673523 0.06851851940155029 0.06603773683309555
0 0.08379629999399185 0.48781445622444153 0.05648148059844971 0.06525157392024994
0 0.1180555522441864 0.36438679695129395 0.0694444477558136 0.05424528196454048