1 0.5296875238418579 0.31990739703178406 0.01770833320915699 0.026851851493120193
1 0.40234375 0.4546296298503876 0.01927083358168602 0.031481482088565826
1 0.514843761920929 0.720370352268219 0.015104166232049465 0.031481482088565826
1 0.5484374761581421 0.37037035822868347 0.01770833320915699 0.031481482088565826
1 0.5640624761581421 0.494907408952713 0.01666666753590107 0.028703704476356506
1 0.4791666567325592 0.3046296238899231 0.01666666753590107 0.02777777798473835
1 0.5276041626930237 0.4703703820705414 0.01666666753590107 0.031481482088565826
1 0.5169270634651184 0.16944444179534912 0.01614583283662796 0.031481482088565826
1 0.609375 0.7935185432434082 0.01770833320915699 0.02777777798473835
1 0.671875 0.3986110985279083 0.01979166641831398 0.032407406717538834
1 0.42369791865348816 0.18425926566123962 0.02031249925494194 0.029629629105329514
0 0.5335937738418579 0.36759260296821594 0.04635416716337204 0.04814814776182175
0 0.668749988079071 0.4194444417953491 0.02916666679084301 0.0833333358168602
0 0.5338541865348816 0.29398149251937866 0.02604166604578495 0.07500000298023224
0 0.39531248807907104 0.47453704476356506 0.03333333507180214 0.07685185223817825
0 0.6151041388511658 0.7699074149131775 0.02916666679084301 0.07870370149612427
0 0.4893229305744171 0.2865740656852722 0.03697916492819786 0.06574074178934097
0 0.5713541507720947 0.47592592239379883 0.03333333507180214 0.07592592388391495
0 0.43307292461395264 0.8374999761581421 0.03697916492819786 0.06203703582286835
0 0.5143229365348816 0.4851851761341095 0.04322916641831398 0.05925925821065903
0 0.5044270753860474 0.16805554926395416 0.04322916641831398 0.04537037014961243
0 0.5005208253860474 0.7111111283302307 0.04791666567325592 0.05925925821065903
0 0.42369791865348816 0.2092592567205429 0.02760416641831398 0.08148147910833359