1 0.35598957538604736 0.34953704476356506 0.01927083358168602 0.03055555559694767
1 0.49947917461395264 0.8930555582046509 0.02083333395421505 0.034259259700775146
1 0.3257812559604645 0.6037036776542664 0.01927083358168602 0.031481482088565826
1 0.04348958283662796 0.29722222685813904 0.01718750037252903 0.025925925001502037
1 0.4078125059604645 0.8324074149131775 0.015625 0.031481482088565826
1 0.04531250149011612 0.3837963044643402 0.01666666753590107 0.02500000037252903
1 0.015104166232049465 0.5282407402992249 0.01875000074505806 0.026851851493120193
0 0.4986979067325592 0.9018518328666687 0.02447916753590107 0.05370370298624039
1 0.3695312440395355 0.7800925970077515 0.01406249962747097 0.02500000037252903
0 0.015104166232049465 0.19074073433876038 0.02812499925494194 0.03703703731298447
1 0.3843750059604645 0.3444444537162781 0.01979166641831398 0.029629629105329514
1 0.4494791626930237 0.2925925850868225 0.01875000074505806 0.03333333507180214
1 0.6627604365348816 0.7972221970558167 0.01718750037252903 0.029629629105329514
1 0.03515625 0.23101851344108582 0.01197916641831398 0.021296296268701553
1 0.6307291388511658 0.5865740776062012 0.01666666753590107 0.03055555559694767
0 0.3255208432674408 0.595370352268219 0.02500000037252903 0.06481481343507767
1 0.46666666865348816 0.8504629731178284 0.01875000074505806 0.03055555559694767
0 0.04453124850988388 0.3722222149372101 0.02447916753590107 0.07407407462596893
0 0.3513020873069763 0.35740742087364197 0.02864583395421505 0.07777778059244156
0 0.32213541865348816 0.5249999761581421 0.02447916753590107 0.08148147910833359
0 0.01406249962747097 0.5083333253860474 0.02708333358168602 0.07777778059244156
0 0.6723958253860474 0.8074073791503906 0.0364583320915699 0.06481481343507767
3 0.32239583134651184 0.5560185313224792 0.03020833246409893 0.14166666567325592
0 0.4815104305744171 0.8393518328666687 0.05677083507180214 0.05648148059844971
0 0.643750011920929 0.585185170173645 0.05312500149011612 0.06296296417713165
0 0.04114583507180214 0.31481480598449707 0.02604166604578495 0.06851851940155029
0 0.03125 0.2430555522441864 0.02916666679084301 0.05462963134050369
0 0.3856770694255829 0.36574074625968933 0.02864583395421505 0.09074074029922485
0 0.39635416865348816 0.8324074149131775 0.04374999925494194 0.06296296417713165
0 0.4606770873069763 0.28101852536201477 0.04531250149011612 0.07870370149612427
0 0.36015623807907104 0.7615740895271301 0.03489583358168602 0.0694444477558136