0 0.04192708432674408 0.3412036895751953 0.02864583395421505 0.11388888955116272
1 0.5210937261581421 0.917129635810852 0.02239583246409893 0.0416666679084301
0 0.49557292461395264 0.8907407522201538 0.02656250074505806 0.05370370298624039
1 0.04296875 0.2967592477798462 0.01718750037252903 0.026851851493120193
1 0.6528645753860474 0.8101851940155029 0.02239583246409893 0.03333333507180214
3 0.47187501192092896 0.2750000059604645 0.0572916679084301 0.08888889104127884
1 0.49687498807907104 0.8893518447875977 0.02291666716337204 0.037962961941957474
1 0.01536458358168602 0.5259259343147278 0.01822916604578495 0.029629629105329514
0 0.014322916977107525 0.1893518567085266 0.02864583395421505 0.037962961941957474
1 0.04531250149011612 0.3847222328186035 0.01770833320915699 0.026851851493120193
1 0.5580729246139526 0.48750001192092896 0.01927083358168602 0.032407406717538834
1 0.5625 0.9134259223937988 0.01979166641831398 0.037962961941957474
1 0.5955728888511658 0.3296296298503876 0.01927083358168602 0.029629629105329514
1 0.03541666641831398 0.23055554926395416 0.012500000186264515 0.02222222276031971
0 0.04479166492819786 0.3722222149372101 0.02708333358168602 0.07777778059244156
0 0.6723958253860474 0.8055555820465088 0.03020833246409893 0.04814814776182175
0 0.4596354067325592 0.2888889014720917 0.04114583507180214 0.06666667014360428
1 0.4489583373069763 0.3027777671813965 0.01875000074505806 0.031481482088565826
0 0.637499988079071 0.8180555701255798 0.03958333283662796 0.05092592537403107
0 0.5473958253860474 0.9134259223937988 0.05520833283662796 0.05833333358168602
1 0.4000000059604645 0.8004629611968994 0.01979166641831398 0.03611111268401146
1 0.49791666865348816 0.2828703820705414 0.01979166641831398 0.026851851493120193
0 0.32421875 0.5462962985038757 0.02656250074505806 0.09444444626569748
0 0.014322916977107525 0.5078703761100769 0.02760416641831398 0.08055555820465088
0 0.49401041865348816 0.2620370388031006 0.02760416641831398 0.06851851940155029
0 0.04140625149011612 0.3134259283542633 0.02447916753590107 0.0694444477558136
0 0.03098958358168602 0.24351851642131805 0.03072916716337204 0.0555555559694767
0 0.5679687261581421 0.5018518567085266 0.04218750074505806 0.07037036865949631
0 0.5914062261581421 0.3523148000240326 0.03177083283662796 0.08425925672054291
0 0.41588541865348816 0.8106481432914734 0.05572916567325592 0.0694444477558136