1 0.3697916567325592 0.7768518328666687 0.01875000074505806 0.02777777798473835
1 0.44973957538604736 0.8337963223457336 0.01718750037252903 0.026851851493120193
3 0.30390626192092896 0.3671296238899231 0.03697916492819786 0.09537036716938019
3 0.5200520753860474 0.772685170173645 0.03802083432674408 0.10648148506879807
1 0.5625 0.2101851850748062 0.014583333395421505 0.025925925001502037
1 0.4557291567325592 0.8384259343147278 0.01666666753590107 0.028703704476356506
0 0.5234375 0.7569444179534912 0.03125 0.07129629701375961
1 0.5736979246139526 0.3976851999759674 0.01406249962747097 0.026851851493120193
1 0.6148437261581421 0.7129629850387573 0.01718750037252903 0.02777777798473835
1 0.5010416507720947 0.14953704178333282 0.015625 0.028703704476356506
0 0.5049479007720947 0.8189814686775208 0.03697916492819786 0.04722222313284874
0 0.3049479126930237 0.35277777910232544 0.02864583395421505 0.06296296417713165
0 0.30286458134651184 0.3939814865589142 0.03281249850988388 0.0416666679084301
1 0.49296873807907104 0.1814814805984497 0.01822916604578495 0.031481482088565826
0 0.6106770634651184 0.6902777552604675 0.02968749962747097 0.07314814627170563
0 0.5138021111488342 0.16111111640930176 0.04114583507180214 0.05740740895271301
0 0.4791666567325592 0.17824074625968933 0.04791666567325592 0.05277777835726738
0 0.3734374940395355 0.7925925850868225 0.03437500074505806 0.06666667014360428
0 0.563281238079071 0.39351850748062134 0.04531250149011612 0.05740740895271301
0 0.5757812261581421 0.21851852536201477 0.04218750074505806 0.06111111119389534