3 0.58203125 0.260185182094574 0.04218750074505806 0.07037036865949631
1 0.5625 0.8634259104728699 0.01979166641831398 0.03981481492519379
1 0.6369791626930237 0.24583333730697632 0.01770833320915699 0.02500000037252903
1 0.6143229007720947 0.19768518209457397 0.01406249962747097 0.026851851493120193
0 0.6229166388511658 0.2083333283662796 0.03125 0.04814814776182175
1 0.5328124761581421 0.8768518567085266 0.01770833320915699 0.03333333507180214
1 0.5375000238418579 0.3430555462837219 0.01354166679084301 0.02500000037252903
0 0.5763021111488342 0.2666666805744171 0.02656250074505806 0.05925925821065903
3 0.6244791746139526 0.2430555522441864 0.04270833358168602 0.10648148506879807
0 0.606249988079071 0.26249998807907104 0.02500000037252903 0.06388889253139496
1 0.3895833194255829 0.22592592239379883 0.015625 0.029629629105329514
1 0.7002604007720947 0.3444444537162781 0.01614583283662796 0.025925925001502037
1 0.5721353888511658 0.31481480598449707 0.01614583283662796 0.025925925001502037
1 0.5135416388511658 0.5268518328666687 0.015625 0.02777777798473835
0 0.5236979126930237 0.3481481373310089 0.04114583507180214 0.06481481343507767
1 0.5520833134651184 0.5273148417472839 0.015625 0.03055555559694767
0 0.6372395753860474 0.2708333432674408 0.02447916753590107 0.0694444477558136
0 0.5638020634651184 0.3305555582046509 0.03593749925494194 0.05740740895271301
0 0.707812488079071 0.36342594027519226 0.03333333507180214 0.07870370149612427
0 0.3773437440395355 0.2361111044883728 0.0390625 0.06296296417713165
0 0.5481770634651184 0.8671296238899231 0.04739583283662796 0.06759259104728699
0 0.5687500238418579 0.5217592716217041 0.04479166492819786 0.05092592537403107
0 0.5236979126930237 0.5129629373550415 0.03802083432674408 0.06296296417713165