0 0.4559895694255829 0.8347222208976746 0.02552083320915699 0.03055555559694767
1 0.5247395634651184 0.22592592239379883 0.02135416679084301 0.031481482088565826
1 0.539843738079071 0.8296296000480652 0.015104166232049465 0.029629629105329514
0 0.3075520694255829 0.43287035822868347 0.04010416567325592 0.05092592537403107
1 0.5106770992279053 0.23287037014961243 0.01718750037252903 0.028703704476356506
0 0.36510416865348816 0.7847222089767456 0.02604166604578495 0.04537037014961243
0 0.4854166805744171 0.8296296000480652 0.03125 0.03333333507180214
0 0.5184895992279053 0.7902777791023254 0.0338541679084301 0.0694444477558136
0 0.2953124940395355 0.3791666626930237 0.02500000037252903 0.05833333358168602
1 0.5799478888511658 0.28009259700775146 0.015104166232049465 0.026851851493120193
1 0.4664062559604645 0.16990740597248077 0.01614583283662796 0.03055555559694767
0 0.3955729305744171 0.8115741014480591 0.0338541679084301 0.05462963134050369
0 0.5380208492279053 0.20972222089767456 0.03750000149011612 0.05833333358168602
3 0.3049479126930237 0.40231481194496155 0.04843749850988388 0.1101851835846901
0 0.48255208134651184 0.16203702986240387 0.0442708320915699 0.04444444552063942
0 0.4989583194255829 0.21851852536201477 0.03854166716337204 0.05740740895271301
0 0.5911458134651184 0.28842592239379883 0.03958333283662796 0.05833333358168602
3 0.3812499940395355 0.7986111044883728 0.06458333134651184 0.08055555820465088
0 0.5565103888511658 0.8157407641410828 0.03697916492819786 0.05740740895271301