1 0.6020833253860474 0.4194444417953491 0.01875000074505806 0.025925925001502037
1 0.5580729246139526 0.8472222089767456 0.02239583246409893 0.031481482088565826
0 0.585156261920929 0.5046296119689941 0.04218750074505806 0.07407407462596893
1 0.01536458358168602 0.5273148417472839 0.01822916604578495 0.028703704476356506
1 0.5276041626930237 0.8518518805503845 0.01770833320915699 0.02777777798473835
1 0.04531250149011612 0.38425925374031067 0.015625 0.025925925001502037
1 0.4281249940395355 0.6087962985038757 0.01979166641831398 0.03055555559694767
1 0.03463541716337204 0.2606481611728668 0.013020833022892475 0.026851851493120193
1 0.6039062738418579 0.2898148000240326 0.01718750037252903 0.035185184329748154
0 0.6020833253860474 0.4453703761100769 0.02500000037252903 0.07777778059244156
3 0.5903645753860474 0.46898147463798523 0.05260416492819786 0.1268518567085266
0 0.014583333395421505 0.1884259283542633 0.02916666679084301 0.04722222313284874
1 0.3908854126930237 0.6171296238899231 0.015104166232049465 0.032407406717538834
0 0.5768229365348816 0.8412036895751953 0.0338541679084301 0.037962961941957474
0 0.5179687738418579 0.8680555820465088 0.0338541679084301 0.05833333358168602
0 0.014583333395421505 0.5097222328186035 0.02812499925494194 0.07870370149612427
0 0.7119791507720947 0.7268518805503845 0.03541666641831398 0.07407407462596893
0 0.02421874925494194 0.25462964177131653 0.0390625 0.06111111119389534
0 0.04661458358168602 0.37361112236976624 0.03072916716337204 0.0694444477558136
0 0.4286458194255829 0.6337962746620178 0.03125 0.08796296268701553
0 0.02656250074505806 0.4416666626930237 0.0416666679084301 0.07037036865949631
0 0.589062511920929 0.2856481373310089 0.04791666567325592 0.06759259104728699
0 0.3776041567325592 0.6240741014480591 0.04583333432674408 0.07407407462596893
0 0.6343749761581421 0.7541666626930237 0.02812499925494194 0.08796296268701553