1 0.5666666626930237 0.3583333194255829 0.01770833320915699 0.025925925001502037
3 0.30651041865348816 0.5810185074806213 0.03177083283662796 0.12870369851589203
1 0.6401041746139526 0.427314817905426 0.01875000074505806 0.026851851493120193
1 0.3059895932674408 0.5240740776062012 0.01718750037252903 0.024074073880910873
1 0.7028645873069763 0.5282407402992249 0.01822916604578495 0.026851851493120193
1 0.3135416805744171 0.5842592716217041 0.01875000074505806 0.02222222276031971
1 0.3294270932674408 0.3115740716457367 0.01614583283662796 0.023148147389292717
0 0.3111979067325592 0.6069444417953491 0.02760416641831398 0.07870370149612427
1 0.4401041567325592 0.48564815521240234 0.01770833320915699 0.028703704476356506
1 0.36145833134651184 0.5152778029441833 0.01666666753590107 0.026851851493120193
0 0.4098958373069763 0.7967592477798462 0.0364583320915699 0.06759259104728699
1 0.59375 0.19398148357868195 0.01770833320915699 0.028703704476356506
0 0.3049479126930237 0.5370370149612427 0.03072916716337204 0.06481481343507767
0 0.703125 0.5472221970558167 0.03020833246409893 0.07962962985038757
0 0.3359375 0.29305556416511536 0.03125 0.06388889253139496
0 0.44218748807907104 0.5078703761100769 0.03437500074505806 0.08611111342906952
0 0.6432291865348816 0.4513888955116272 0.03437500074505806 0.09166666865348816
0 0.3708333373069763 0.5291666388511658 0.04062499850988388 0.0694444477558136
0 0.5721353888511658 0.38148146867752075 0.03697916492819786 0.09259258955717087
0 0.581250011920929 0.1796296238899231 0.0416666679084301 0.06296296417713165