3 0.3304687440395355 0.6402778029441833 0.03072916716337204 0.09351851791143417
3 0.4169270694255829 0.20092593133449554 0.05885416641831398 0.05925925821065903
1 0.33906251192092896 0.7555555701255798 0.01979166641831398 0.031481482088565826
1 0.4195312559604645 0.1884259283542633 0.015104166232049465 0.026851851493120193
1 0.3596354126930237 0.7513889074325562 0.01718750037252903 0.026851851493120193
1 0.5278645753860474 0.47083333134651184 0.01614583283662796 0.028703704476356506
1 0.6859375238418579 0.5208333134651184 0.01770833320915699 0.028703704476356506
1 0.5210937261581421 0.32870370149612427 0.01614583283662796 0.02777777798473835
1 0.33281248807907104 0.6629629731178284 0.01875000074505806 0.024074073880910873
0 0.40286457538604736 0.19490741193294525 0.02968749962747097 0.03611111268401146
1 0.528124988079071 0.2953703701496124 0.01770833320915699 0.029629629105329514
1 0.5721353888511658 0.46388888359069824 0.015104166232049465 0.025925925001502037
1 0.4911458194255829 0.27916666865348816 0.01770833320915699 0.02500000037252903
1 0.65625 0.6699073910713196 0.01770833320915699 0.032407406717538834
0 0.5390625 0.2777777910232544 0.03541666641831398 0.06296296417713165
0 0.4307291805744171 0.21805556118488312 0.03333333507180214 0.043518517166376114
0 0.5205729007720947 0.4902777671813965 0.03489583358168602 0.07129629701375961
0 0.6776041388511658 0.5425925850868225 0.0416666679084301 0.08148147910833359
0 0.3322916626930237 0.730555534362793 0.02812499925494194 0.07407407462596893
0 0.3307291567325592 0.6347222328186035 0.02708333358168602 0.07685185223817825
0 0.37109375 0.7361111044883728 0.03802083432674408 0.06481481343507767
0 0.5786458253860474 0.442592591047287 0.03541666641831398 0.07407407462596893
0 0.4950520694255829 0.25740739703178406 0.02656250074505806 0.07962962985038757
0 0.5104166865348816 0.35046297311782837 0.03750000149011612 0.06203703582286835
0 0.640625 0.6638888716697693 0.04791666567325592 0.06296296417713165