1 0.4164062440395355 0.17592592537403107 0.015104166232049465 0.02777777798473835
0 0.6041666865348816 0.7990740537643433 0.02500000037252903 0.05925925821065903
3 0.61328125 0.7865740656852722 0.04322916641831398 0.07129629701375961
1 0.645312488079071 0.6944444179534912 0.01875000074505806 0.025925925001502037
1 0.47864583134651184 0.762499988079071 0.015625 0.026851851493120193
1 0.5367187261581421 0.6657407283782959 0.01406249962747097 0.031481482088565826
1 0.359375 0.8013888597488403 0.01145833358168602 0.023148147389292717
1 0.46015626192092896 0.16018518805503845 0.01614583283662796 0.029629629105329514
1 0.3799479305744171 0.20416666567325592 0.015104166232049465 0.02500000037252903
1 0.43359375 0.3481481373310089 0.01822916604578495 0.029629629105329514
1 0.4398437440395355 0.8597221970558167 0.01406249962747097 0.026851851493120193
1 0.30416667461395264 0.4541666805744171 0.01666666753590107 0.02500000037252903
1 0.5013020634651184 0.7097222208976746 0.013020833022892475 0.02500000037252903
0 0.42578125 0.8569444417953491 0.0442708320915699 0.04722222313284874
0 0.3893229067325592 0.19027778506278992 0.03489583358168602 0.05092592537403107
0 0.4997395873069763 0.842129647731781 0.02552083320915699 0.06388889253139496
0 0.47317707538604736 0.15509259700775146 0.04010416567325592 0.04537037014961243
0 0.42786458134651184 0.16620370745658875 0.03489583358168602 0.0416666679084301
0 0.6401041746139526 0.7138888835906982 0.03125 0.06851851940155029
0 0.3101562559604645 0.42916667461395264 0.03072916716337204 0.08425925672054291
0 0.4427083432674408 0.36342594027519226 0.03229166567325592 0.06388889253139496
0 0.3463541567325592 0.7916666865348816 0.03750000149011612 0.0555555559694767
0 0.5494791865348816 0.657870352268219 0.03854166716337204 0.05462963134050369
0 0.4684895873069763 0.7745370268821716 0.0390625 0.06203703582286835
0 0.508593738079071 0.6986111402511597 0.03281249850988388 0.05277777835726738