1 0.5059896111488342 0.18703703582286835 0.01614583283662796 0.025925925001502037
1 0.31041666865348816 0.45277777314186096 0.015625 0.024074073880910873
1 0.3317708373069763 0.3245370388031006 0.014583333395421505 0.023148147389292717
1 0.4494791626930237 0.2986111044883728 0.01666666753590107 0.028703704476356506
1 0.6807291507720947 0.34259259700775146 0.01875000074505806 0.025925925001502037
1 0.3583333194255829 0.2611111104488373 0.015625 0.02777777798473835
1 0.3473958373069763 0.49861112236976624 0.014583333395421505 0.026851851493120193
1 0.5054687261581421 0.1527777761220932 0.01406249962747097 0.02777777798473835
1 0.6911458373069763 0.39351850748062134 0.01770833320915699 0.029629629105329514
1 0.5630208253860474 0.3513889014720917 0.01875000074505806 0.03055555559694767
0 0.3070312440395355 0.4694444537162781 0.02864583395421505 0.06666667014360428
0 0.3125 0.39722222089767456 0.02604166604578495 0.06111111119389534
0 0.6963541507720947 0.4157407283782959 0.03229166567325592 0.08518518507480621
0 0.520312488079071 0.15555556118488312 0.04479166492819786 0.04444444552063942
0 0.49557292461395264 0.2083333283662796 0.03281249850988388 0.0555555559694767
0 0.4416666626930237 0.32175925374031067 0.03541666641831398 0.07500000298023224
0 0.3539062440395355 0.47870370745658875 0.03697916492819786 0.0833333358168602
0 0.4088541567325592 0.7851851582527161 0.04270833358168602 0.06851851940155029
0 0.3309895694255829 0.3393518626689911 0.02656250074505806 0.06203703582286835
0 0.34947916865348816 0.27407407760620117 0.03229166567325592 0.05925925821065903
0 0.6778646111488342 0.3185185194015503 0.03281249850988388 0.07407407462596893
0 0.5684896111488342 0.375 0.03281249850988388 0.08888889104127884