1 0.5416666865348816 0.4263888895511627 0.01354166679084301 0.026851851493120193
0 0.5932291746139526 0.8189814686775208 0.02708333358168602 0.037962961941957474
1 0.66015625 0.6587963104248047 0.015104166232049465 0.03055555559694767
0 0.6440104246139526 0.6379629373550415 0.0338541679084301 0.046296294778585434
1 0.6252604126930237 0.5314815044403076 0.01718750037252903 0.025925925001502037
1 0.5838541388511658 0.4532407522201538 0.015625 0.02500000037252903
1 0.3671875 0.4000000059604645 0.01666666753590107 0.029629629105329514
0 0.6664062738418579 0.6425926089286804 0.02656250074505806 0.07037036865949631
1 0.6096354126930237 0.45509257912635803 0.01614583283662796 0.02500000037252903
1 0.6377604007720947 0.7310185432434082 0.015104166232049465 0.028703704476356506
1 0.6513020992279053 0.5263888835906982 0.01614583283662796 0.02500000037252903
0 0.5736979246139526 0.43888887763023376 0.0338541679084301 0.046296294778585434
3 0.6533854007720947 0.6398147940635681 0.05156249925494194 0.07407407462596893
1 0.2854166626930237 0.4810185134410858 0.01875000074505806 0.02500000037252903
0 0.53125 0.4305555522441864 0.0364583320915699 0.046296294778585434
0 0.6148437261581421 0.5148147940635681 0.03072916716337204 0.06111111119389534
0 0.6466146111488342 0.510185182094574 0.03072916716337204 0.06481481343507767
0 0.6276041865348816 0.7175925970077515 0.03854166716337204 0.06851851940155029
0 0.604687511920929 0.43796294927597046 0.02708333358168602 0.05925925821065903
0 0.5458333492279053 0.24629630148410797 0.03541666641831398 0.05370370298624039
0 0.28463542461395264 0.4546296298503876 0.03177083283662796 0.08888889104127884
0 0.35729166865348816 0.3847222328186035 0.04791666567325592 0.07314814627170563
0 0.2854166626930237 0.5893518328666687 0.03437500074505806 0.0694444477558136
0 0.51171875 0.5620370507240295 0.04114583507180214 0.05925925821065903