0 0.5932291746139526 0.8194444179534912 0.02395833283662796 0.031481482088565826
1 0.48359376192092896 0.29490742087364197 0.01927083358168602 0.028703704476356506
1 0.4830729067325592 0.5680555701255798 0.01614583283662796 0.026851851493120193
1 0.41588541865348816 0.5212963223457336 0.015104166232049465 0.02222222276031971
1 0.5083333253860474 0.5356481671333313 0.01666666753590107 0.028703704476356506
1 0.33203125 0.5402777791023254 0.01614583283662796 0.023148147389292717
1 0.62890625 0.6199073791503906 0.01718750037252903 0.02500000037252903
1 0.41328126192092896 0.6060185432434082 0.01406249962747097 0.023148147389292717
0 0.4976562559604645 0.5439814925193787 0.0390625 0.0416666679084301
1 0.47604167461395264 0.3092592656612396 0.01770833320915699 0.025925925001502037
1 0.28463542461395264 0.48240742087364197 0.01614583283662796 0.024074073880910873
1 0.3304687440395355 0.3810185194015503 0.01406249962747097 0.02500000037252903
1 0.5278645753860474 0.28935185074806213 0.01614583283662796 0.026851851493120193
0 0.4971354305744171 0.28842592239379883 0.03489583358168602 0.05277777835726738
0 0.4776041805744171 0.5944444537162781 0.03229166567325592 0.05925925821065903
0 0.47968751192092896 0.3282407522201538 0.02604166604578495 0.06574074178934097
0 0.5361979007720947 0.3064814805984497 0.03281249850988388 0.06296296417713165
0 0.4085937440395355 0.6226851940155029 0.03072916716337204 0.06203703582286835
0 0.3372395932674408 0.5249999761581421 0.03177083283662796 0.06111111119389534
0 0.4544270932674408 0.5217592716217041 0.03593749925494194 0.043518517166376114
0 0.42239582538604736 0.5439814925193787 0.02812499925494194 0.06018518656492233
0 0.625781238079071 0.6435185074806213 0.03072916716337204 0.07407407462596893
0 0.28463542461395264 0.4583333432674408 0.03072916716337204 0.07592592388391495
0 0.32213541865348816 0.36157408356666565 0.04114583507180214 0.07500000298023224
0 0.3942708373069763 0.4912036955356598 0.03125 0.049074072390794754