0 0.58203125 0.8337963223457336 0.02135416679084301 0.037962961941957474
0 0.5651041865348816 0.8578703999519348 0.04374999925494194 0.06018518656492233
3 0.5666666626930237 0.8513888716697693 0.05000000074505806 0.0694444477558136
1 0.5625 0.6611111164093018 0.01666666753590107 0.031481482088565826
1 0.582812488079071 0.782870352268219 0.014583333395421505 0.02500000037252903
1 0.5484374761581421 0.7995370626449585 0.01770833320915699 0.032407406717538834
1 0.5283854007720947 0.8787037134170532 0.01614583283662796 0.02777777798473835
1 0.6783854365348816 0.7449073791503906 0.01614583283662796 0.026851851493120193
1 0.5356770753860474 0.4990740716457367 0.01718750037252903 0.025925925001502037
0 0.5739583373069763 0.7550926208496094 0.03541666641831398 0.03611111268401146
1 0.5567708611488342 0.5444444417953491 0.015625 0.029629629105329514
1 0.596875011920929 0.6606481671333313 0.01770833320915699 0.026851851493120193
0 0.565625011920929 0.779629647731781 0.05000000074505806 0.07222222536802292
0 0.553906261920929 0.6777777671813965 0.03489583358168602 0.06851851940155029
1 0.5492187738418579 0.1587962955236435 0.02031249925494194 0.034259259700775146
0 0.6020833253860474 0.637499988079071 0.03125 0.08055555820465088
0 0.5286458134651184 0.5249999761581421 0.03020833246409893 0.07962962985038757
0 0.5161458253860474 0.8828703761100769 0.03125 0.0416666679084301
0 0.5684896111488342 0.5333333611488342 0.03802083432674408 0.05740740895271301
0 0.5565103888511658 0.1796296238899231 0.03802083432674408 0.0833333358168602
0 0.6721354126930237 0.7337962985038757 0.03177083283662796 0.05833333358168602