3 0.5901041626930237 0.6412037014961243 0.08124999701976776 0.06388889253139496
1 0.5432291626930237 0.6569444537162781 0.01666666753590107 0.03055555559694767
1 0.3020833432674408 0.605555534362793 0.01979166641831398 0.02777777798473835
1 0.5778645873069763 0.6481481194496155 0.015104166232049465 0.029629629105329514
3 0.5447916388511658 0.6574074029922485 0.07500000298023224 0.06666667014360428
1 0.2984375059604645 0.4365740716457367 0.01666666753590107 0.02500000037252903
0 0.6638020873069763 0.5268518328666687 0.02239583246409893 0.07407407462596893
0 0.6455729007720947 0.5814814567565918 0.03489583358168602 0.05925925821065903
1 0.3346354067325592 0.7328703999519348 0.013020833022892475 0.02500000037252903
1 0.6656249761581421 0.5032407641410828 0.01666666753590107 0.026851851493120193
1 0.3109374940395355 0.3282407522201538 0.01666666753590107 0.02500000037252903
3 0.6526041626930237 0.5532407164573669 0.04479166492819786 0.11388888955116272
1 0.5963541865348816 0.5078703761100769 0.015625 0.028703704476356506
0 0.5690104365348816 0.6499999761581421 0.03593749925494194 0.04444444552063942
1 0.3687500059604645 0.2134259194135666 0.01770833320915699 0.03055555559694767
0 0.5299479365348816 0.6638888716697693 0.04010416567325592 0.05370370298624039
0 0.30156248807907104 0.45601850748062134 0.03229166567325592 0.09166666865348816
0 0.6111978888511658 0.635185182094574 0.04010416567325592 0.06296296417713165
0 0.3268229067325592 0.7222222089767456 0.03281249850988388 0.06481481343507767
0 0.30520832538604736 0.5958333611488342 0.04374999925494194 0.07129629701375961
0 0.3072916567325592 0.34259259700775146 0.02916666679084301 0.07592592388391495
0 0.608593761920929 0.5162037014961243 0.04531250149011612 0.06388889253139496
0 0.37890625 0.2023148089647293 0.04010416567325592 0.05833333358168602