1 0.49140626192092896 0.6236110925674438 0.01718750037252903 0.023148147389292717
0 0.4971354305744171 0.595370352268219 0.04114583507180214 0.05740740895271301
1 0.6171875 0.4773148000240326 0.014583333395421505 0.028703704476356506
1 0.4255208373069763 0.7958333492279053 0.01354166679084301 0.02500000037252903
3 0.4963541626930237 0.6509259343147278 0.03854166716337204 0.10000000149011612
1 0.5093749761581421 0.5810185074806213 0.014583333395421505 0.02500000037252903
1 0.32369792461395264 0.6462963223457336 0.01927083358168602 0.029629629105329514
1 0.36380207538604736 0.75 0.015104166232049465 0.02777777798473835
1 0.5354166626930237 0.46851852536201477 0.01666666753590107 0.025925925001502037
0 0.49609375 0.6587963104248047 0.03489583358168602 0.08425925672054291
1 0.5096353888511658 0.5259259343147278 0.01718750037252903 0.029629629105329514
1 0.43411457538604736 0.6953703761100769 0.01718750037252903 0.02777777798473835
1 0.5934895873069763 0.5592592358589172 0.01718750037252903 0.03333333507180214
1 0.42890626192092896 0.3481481373310089 0.01718750037252903 0.02777777798473835
1 0.3088541626930237 0.5384259223937988 0.01770833320915699 0.026851851493120193
0 0.6312500238418579 0.4842592477798462 0.04895833507180214 0.06111111119389534
0 0.30859375 0.5601851940155029 0.02552083320915699 0.08148147910833359
0 0.43697917461395264 0.7967592477798462 0.0364583320915699 0.043518517166376114
0 0.43567708134651184 0.3273148238658905 0.03177083283662796 0.08425925672054291
0 0.43932291865348816 0.7152777910232544 0.03177083283662796 0.07870370149612427
0 0.5335937738418579 0.4921296238899231 0.02760416641831398 0.07500000298023224
0 0.328125 0.6662036776542664 0.03333333507180214 0.08055555820465088
0 0.4963541626930237 0.5375000238418579 0.03750000149011612 0.04537037014961243
0 0.37187498807907104 0.7643518447875977 0.03541666641831398 0.06203703582286835
0 0.6065104007720947 0.5694444179534912 0.0442708320915699 0.05740740895271301