1 0.31432291865348816 0.6657407283782959 0.02135416679084301 0.03333333507180214
3 0.3226562440395355 0.6953703761100769 0.04322916641831398 0.07962962985038757
0 0.3255208432674408 0.7064814567565918 0.03854166716337204 0.07222222536802292
1 0.33776041865348816 0.7245370149612427 0.01614583283662796 0.028703704476356506
1 0.6304687261581421 0.6569444537162781 0.01406249962747097 0.028703704476356506
1 0.6653645634651184 0.3907407522201538 0.01614583283662796 0.02777777798473835
3 0.3869791626930237 0.8060185313224792 0.07187499850988388 0.07685185223817825
1 0.4124999940395355 0.737500011920929 0.015625 0.032407406717538834
1 0.4138020873069763 0.8333333134651184 0.015104166232049465 0.025925925001502037
0 0.3072916567325592 0.6319444179534912 0.02500000037252903 0.07870370149612427
1 0.45651042461395264 0.654629647731781 0.01406249962747097 0.02777777798473835
3 0.3161458373069763 0.6583333611488342 0.04479166492819786 0.1240740716457367
1 0.40286457538604736 0.4175925850868225 0.01822916604578495 0.025925925001502037
0 0.3747395873069763 0.793055534362793 0.0390625 0.04722222313284874
0 0.6791666746139526 0.44999998807907104 0.02812499925494194 0.07222222536802292
0 0.6377604007720947 0.6407407522201538 0.03593749925494194 0.07592592388391495
0 0.37109375 0.737500011920929 0.02656250074505806 0.06388889253139496
0 0.6596354246139526 0.36944442987442017 0.0338541679084301 0.07592592388391495
0 0.40625 0.8259259462356567 0.03125 0.05000000074505806
0 0.4052083194255829 0.4412037134170532 0.02604166604578495 0.08425925672054291
0 0.4234375059604645 0.7449073791503906 0.04374999925494194 0.06388889253139496
0 0.44348958134651184 0.6467592716217041 0.04635416716337204 0.06759259104728699