0 0.4794270694255829 0.864814817905426 0.02239583246409893 0.06481481343507767
1 0.4755208194255829 0.8486111164093018 0.01979166641831398 0.028703704476356506
1 0.5393229126930237 0.9027777910232544 0.01614583283662796 0.029629629105329514
1 0.40156251192092896 0.18611110746860504 0.01666666753590107 0.02777777798473835
1 0.3908854126930237 0.4342592656612396 0.01718750037252903 0.02777777798473835
0 0.6031249761581421 0.8180555701255798 0.02916666679084301 0.05092592537403107
1 0.3734374940395355 0.3652777671813965 0.015625 0.023148147389292717
1 0.6838541626930237 0.3638888895511627 0.015625 0.024074073880910873
1 0.4085937440395355 0.2578703761100769 0.01822916604578495 0.02500000037252903
1 0.3111979067325592 0.6638888716697693 0.01718750037252903 0.03333333507180214
0 0.39765626192092896 0.4087963104248047 0.03281249850988388 0.07500000298023224
1 0.44973957538604736 0.4254629611968994 0.01927083358168602 0.026851851493120193
1 0.35468751192092896 0.7912036776542664 0.014583333395421505 0.02500000037252903
0 0.3239583373069763 0.677314817905426 0.04791666567325592 0.07500000298023224
1 0.3244791626930237 0.44398146867752075 0.01770833320915699 0.026851851493120193
0 0.3531250059604645 0.23194444179534912 0.04270833358168602 0.07314814627170563
0 0.44973957538604736 0.39722222089767456 0.02864583395421505 0.08518518507480621
0 0.6796875 0.34074074029922485 0.03125 0.07222222536802292
0 0.3309895694255829 0.41805556416511536 0.0338541679084301 0.07870370149612427
0 0.3723958432674408 0.33796295523643494 0.02812499925494194 0.08518518507480621
0 0.637499988079071 0.7814815044403076 0.03541666641831398 0.04814814776182175
0 0.41015625 0.16990740597248077 0.03593749925494194 0.06018518656492233
0 0.4078125059604645 0.2847222089767456 0.02708333358168602 0.08425925672054291
0 0.36380207538604736 0.8027777671813965 0.04010416567325592 0.06666667014360428