1 0.6778646111488342 0.6689814925193787 0.01927083358168602 0.032407406717538834
1 0.6981770992279053 0.45787036418914795 0.01614583283662796 0.023148147389292717
1 0.5080729126930237 0.6101852059364319 0.01614583283662796 0.02777777798473835
1 0.7002604007720947 0.519444465637207 0.015104166232049465 0.020370369777083397
1 0.6234375238418579 0.7754629850387573 0.01354166679084301 0.02500000037252903
1 0.6854166388511658 0.3898148238658905 0.01354166679084301 0.020370369777083397
1 0.5354166626930237 0.730555534362793 0.014583333395421505 0.024074073880910873
1 0.3531250059604645 0.7092592716217041 0.015625 0.031481482088565826
1 0.6455729007720947 0.6541666388511658 0.01614583283662796 0.02500000037252903
1 0.5036458373069763 0.7509258985519409 0.01354166679084301 0.024074073880910873
1 0.5552083253860474 0.8300926089286804 0.014583333395421505 0.02500000037252903
0 0.7005208134651184 0.5402777791023254 0.02500000037252903 0.06388889253139496
1 0.5614583492279053 0.5967592597007751 0.014583333395421505 0.026851851493120193
0 0.6781250238418579 0.6805555820465088 0.03020833246409893 0.06666667014360428
0 0.6471354365348816 0.6745370626449585 0.02656250074505806 0.07500000298023224
0 0.5023437738418579 0.6296296119689941 0.03697916492819786 0.07592592388391495
0 0.6895833611488342 0.36342594027519226 0.02916666679084301 0.08425925672054291
0 0.698437511920929 0.4703703820705414 0.03229166567325592 0.06296296417713165
0 0.34062498807907104 0.697685182094574 0.046875 0.0824074074625969
0 0.5445312261581421 0.7166666388511658 0.03593749925494194 0.0555555559694767
0 0.5143229365348816 0.7643518447875977 0.0338541679084301 0.05092592537403107
0 0.6322916746139526 0.7666666507720947 0.03333333507180214 0.0555555559694767
0 0.571093738079071 0.5847222208976746 0.04322916641831398 0.07129629701375961
0 0.5416666865348816 0.8444444537162781 0.04270833358168602 0.05740740895271301