3 0.6640625 0.24768517911434174 0.05416666716337204 0.10092592239379883
1 0.5197916626930237 0.5981481671333313 0.01666666753590107 0.024074073880910873
0 0.6755208373069763 0.29027777910232544 0.0520833320915699 0.08425925672054291
1 0.559374988079071 0.7254629731178284 0.012500000186264515 0.028703704476356506
1 0.530468761920929 0.7472222447395325 0.01718750037252903 0.025925925001502037
0 0.6226562261581421 0.2518518567085266 0.03593749925494194 0.04444444552063942
1 0.6315104365348816 0.6435185074806213 0.01614583283662796 0.02777777798473835
0 0.6643229126930237 0.26249998807907104 0.02968749962747097 0.034259259700775146
1 0.5317708253860474 0.6745370626449585 0.01770833320915699 0.02500000037252903
1 0.5591145753860474 0.5310184955596924 0.015104166232049465 0.03055555559694767
3 0.6309896111488342 0.23796296119689941 0.05052083358168602 0.07777778059244156
3 0.6744791865348816 0.28703704476356506 0.05624999850988388 0.09259258955717087
0 0.5135416388511658 0.5833333134651184 0.02708333358168602 0.05925925821065903
1 0.614062488079071 0.2430555522441864 0.015625 0.028703704476356506
1 0.30911457538604736 0.5087962746620178 0.01822916604578495 0.02500000037252903
1 0.4729166626930237 0.644444465637207 0.01875000074505806 0.024074073880910873
0 0.49401041865348816 0.522685170173645 0.02968749962747097 0.06018518656492233
0 0.5403645634651184 0.7439814805984497 0.0390625 0.0416666679084301
3 0.503125011920929 0.5527777671813965 0.046875 0.11666666716337204
0 0.57421875 0.7111111283302307 0.03593749925494194 0.05370370298624039
0 0.68359375 0.30601853132247925 0.03697916492819786 0.05462963134050369
0 0.6401041746139526 0.6601851582527161 0.0364583320915699 0.06666667014360428
0 0.5291666388511658 0.6523148417472839 0.03125 0.0694444477558136
0 0.5708333253860474 0.5263888835906982 0.04270833358168602 0.06203703582286835
0 0.31197917461395264 0.48240742087364197 0.03020833246409893 0.08518518507480621
0 0.47343748807907104 0.6199073791503906 0.02916666679084301 0.07685185223817825