3 0.5643228888511658 0.5712962746620178 0.0651041641831398 0.07962962985038757
3 0.5888020992279053 0.5874999761581421 0.04843749850988388 0.04722222313284874
1 0.4716145694255829 0.20601852238178253 0.01718750037252903 0.028703704476356506
1 0.2864583432674408 0.5699074268341064 0.01875000074505806 0.026851851493120193
0 0.46484375 0.1884259283542633 0.02864583395421505 0.0694444477558136
1 0.4651041626930237 0.39120370149612427 0.02083333395421505 0.03055555559694767
0 0.5924479365348816 0.5902777910232544 0.0442708320915699 0.04537037014961243
1 0.2901041805744171 0.43981480598449707 0.01666666753590107 0.025925925001502037
1 0.4947916567325592 0.7041666507720947 0.01666666753590107 0.03055555559694767
1 0.5367187261581421 0.7384259104728699 0.02135416679084301 0.03055555559694767
1 0.5567708611488342 0.5842592716217041 0.01770833320915699 0.02777777798473835
1 0.4976562559604645 0.16898147761821747 0.01406249962747097 0.028703704476356506
1 0.6114583611488342 0.2680555582046509 0.01666666753590107 0.032407406717538834
1 0.3031249940395355 0.3601851761341095 0.01666666753590107 0.024074073880910873
1 0.5955728888511658 0.3393518626689911 0.01927083358168602 0.028703704476356506
3 0.45390623807907104 0.20370370149612427 0.05156249925494194 0.0962962955236435
0 0.28723958134651184 0.4546296298503876 0.02864583395421505 0.07407407462596893
0 0.2874999940395355 0.595370352268219 0.02604166604578495 0.08703703433275223
0 0.5083333253860474 0.1666666716337204 0.03541666641831398 0.04259259253740311
0 0.3072916567325592 0.3375000059604645 0.02916666679084301 0.07129629701375961
0 0.546875 0.5606481432914734 0.03333333507180214 0.07500000298023224
0 0.44479167461395264 0.2273148149251938 0.03437500074505806 0.05092592537403107
0 0.46953123807907104 0.4157407283782959 0.02760416641831398 0.08703703433275223
0 0.5341145992279053 0.7148148417472839 0.03072916716337204 0.07777778059244156
0 0.48046875 0.7046296000480652 0.04531250149011612 0.04814814776182175
0 0.58984375 0.31296294927597046 0.02968749962747097 0.08148147910833359
0 0.6265624761581421 0.2680555582046509 0.0416666679084301 0.05648148059844971