1 0.698437511920929 0.5212963223457336 0.01666666753590107 0.024074073880910873
1 0.6968749761581421 0.4555555582046509 0.01666666753590107 0.024074073880910873
1 0.5078125 0.6143518686294556 0.01770833320915699 0.03055555559694767
1 0.6348958611488342 0.762499988079071 0.01666666753590107 0.026851851493120193
0 0.7010416388511658 0.542129635810852 0.03333333507180214 0.06574074178934097
1 0.5997396111488342 0.6254629492759705 0.015104166232049465 0.028703704476356506
0 0.6499999761581421 0.6768518686294556 0.02708333358168602 0.07592592388391495
1 0.6473958492279053 0.6555555462837219 0.01770833320915699 0.02777777798473835
1 0.585156261920929 0.5629629492759705 0.013020833022892475 0.02777777798473835
1 0.6890624761581421 0.39259257912635803 0.015625 0.02222222276031971
1 0.3096354305744171 0.44999998807907104 0.01614583283662796 0.025925925001502037
1 0.5528646111488342 0.8296296000480652 0.01406249962747097 0.02777777798473835
1 0.4359374940395355 0.8273147940635681 0.014583333395421505 0.026851851493120193
1 0.3570312559604645 0.7060185074806213 0.01614583283662796 0.03055555559694767
0 0.6776041388511658 0.6791666746139526 0.03229166567325592 0.07129629701375961
0 0.5028645992279053 0.6296296119689941 0.03697916492819786 0.08888889104127884
0 0.6927083134651184 0.3638888895511627 0.03229166567325592 0.0962962955236435
0 0.42578125 0.8138889074325562 0.04218750074505806 0.07407407462596893
0 0.699999988079071 0.4722222089767456 0.03854166716337204 0.06481481343507767
0 0.6427083611488342 0.75 0.03437500074505806 0.06111111119389534
0 0.6096354126930237 0.6268518567085266 0.04218750074505806 0.06111111119389534
0 0.3161458373069763 0.4263888895511627 0.03750000149011612 0.08796296268701553
0 0.3460937440395355 0.7106481194496155 0.04218750074505806 0.06203703582286835
0 0.539843738079071 0.8412036895751953 0.04531250149011612 0.0694444477558136
0 0.5947916507720947 0.5657407641410828 0.04479166492819786 0.06851851940155029