1 0.3856770694255829 0.802314817905426 0.01614583283662796 0.023148147389292717
0 0.59375 0.8171296119689941 0.02604166604578495 0.034259259700775146
1 0.2757812440395355 0.5365740656852722 0.01718750037252903 0.026851851493120193
1 0.45104166865348816 0.35462963581085205 0.015625 0.03333333507180214
1 0.34557291865348816 0.35648149251937866 0.01614583283662796 0.025925925001502037
1 0.4078125059604645 0.6356481313705444 0.01666666753590107 0.02500000037252903
1 0.2861979305744171 0.6240741014480591 0.01718750037252903 0.025925925001502037
1 0.5249999761581421 0.3768518567085266 0.015625 0.025925925001502037
1 0.4140625 0.17129629850387573 0.01354166679084301 0.025925925001502037
1 0.36770832538604736 0.20972222089767456 0.01770833320915699 0.028703704476356506
1 0.6510416865348816 0.572685182094574 0.01770833320915699 0.02500000037252903
0 0.2835937440395355 0.6041666865348816 0.02760416641831398 0.07870370149612427
0 0.3591145873069763 0.7949073910713196 0.03177083283662796 0.043518517166376114
0 0.645312488079071 0.5509259104728699 0.03229166567325592 0.08518518507480621
0 0.38880208134651184 0.8217592835426331 0.0234375 0.05833333358168602
0 0.48880207538604736 0.4523148238658905 0.02760416641831398 0.07129629701375961
0 0.37812501192092896 0.19953703880310059 0.03958333283662796 0.05277777835726738
0 0.3388020694255829 0.3708333373069763 0.03802083432674408 0.07685185223817825
0 0.5268229246139526 0.35462963581085205 0.03177083283662796 0.08518518507480621
0 0.2757812440395355 0.5171296000480652 0.0338541679084301 0.07685185223817825
0 0.4124999940395355 0.6550925970077515 0.03125 0.08796296268701553
0 0.4270833432674408 0.16203702986240387 0.04062499850988388 0.05000000074505806
0 0.43958333134651184 0.3689814805984497 0.04479166492819786 0.06759259104728699