0 0.43932291865348816 0.7953703999519348 0.02656250074505806 0.040740739554166794
1 0.5726562738418579 0.8050925731658936 0.013020833022892475 0.023148147389292717
0 0.4468750059604645 0.8018518686294556 0.02187499962747097 0.03703703731298447
1 0.6419270634651184 0.7074074149131775 0.015104166232049465 0.02777777798473835
1 0.39010417461395264 0.1935185194015503 0.01354166679084301 0.02777777798473835
1 0.6197916865348816 0.6412037014961243 0.01666666753590107 0.026851851493120193
1 0.34322917461395264 0.7425925731658936 0.014583333395421505 0.02777777798473835
0 0.4140625 0.8185185194015503 0.0364583320915699 0.04444444552063942
0 0.651562511920929 0.6953703761100769 0.03125 0.05925925821065903
0 0.6130208373069763 0.6777777671813965 0.03854166716337204 0.10555555671453476
0 0.3109374940395355 0.6157407164573669 0.03020833246409893 0.08518518507480621
0 0.5721353888511658 0.7925925850868225 0.02760416641831398 0.07037036865949631
0 0.3786458373069763 0.19907407462596893 0.03750000149011612 0.0555555559694767
0 0.5296875238418579 0.16805554926395416 0.02916666679084301 0.05277777835726738
0 0.3343749940395355 0.7319444417953491 0.03750000149011612 0.06574074178934097