1 0.5843750238418579 0.5814814567565918 0.012500000186264515 0.018518518656492233
0 0.5369791388511658 0.7888888716697693 0.02083333395421505 0.031481482088565826
1 0.4533854126930237 0.8041666746139526 0.01197916641831398 0.021296296268701553
1 0.45390623807907104 0.7388888597488403 0.010937499813735485 0.018518518656492233
1 0.4947916567325592 0.5027777552604675 0.012500000186264515 0.024074073880910873
1 0.4598958194255829 0.6013888716697693 0.012500000186264515 0.01944444514811039
1 0.6247395873069763 0.625 0.01406249962747097 0.020370369777083397
1 0.39453125 0.7421296238899231 0.010937499813735485 0.023148147389292717
1 0.4619791805744171 0.7064814567565918 0.010416666977107525 0.018518518656492233
1 0.5690104365348816 0.6138888597488403 0.010937499813735485 0.020370369777083397
0 0.46562498807907104 0.7481481432914734 0.02916666679084301 0.035185184329748154
0 0.5080729126930237 0.8013888597488403 0.0234375 0.032407406717538834
0 0.5825520753860474 0.5615741014480591 0.02239583246409893 0.06759259104728699
0 0.4520833194255829 0.7046296000480652 0.03229166567325592 0.035185184329748154
0 0.6216145753860474 0.6060185432434082 0.0234375 0.0694444477558136
0 0.45911458134651184 0.7986111044883728 0.02447916753590107 0.0416666679084301
0 0.577343761920929 0.625 0.03072916716337204 0.05000000074505806
0 0.40286457538604736 0.7347221970558167 0.02968749962747097 0.04537037014961243
0 0.45520833134651184 0.614814817905426 0.02812499925494194 0.05740740895271301
0 0.48645833134651184 0.5120370388031006 0.03125 0.05740740895271301
0 0.4359374940395355 0.3791666626930237 0.03541666641831398 0.04722222313284874