1 0.3020833432674408 0.4046296179294586 0.015625 0.02222222276031971
1 0.31197917461395264 0.34398147463798523 0.01666666753590107 0.028703704476356506
1 0.6385416388511658 0.41620370745658875 0.01666666753590107 0.032407406717538834
1 0.5463541746139526 0.5685185194015503 0.01770833320915699 0.029629629105329514
1 0.2828125059604645 0.522685170173645 0.01770833320915699 0.023148147389292717
1 0.5692708492279053 0.5546296238899231 0.01875000074505806 0.031481482088565826
1 0.635937511920929 0.6689814925193787 0.01875000074505806 0.032407406717538834
0 0.28515625 0.45694443583488464 0.03177083283662796 0.05277777835726738
1 0.6028645634651184 0.2509259283542633 0.01718750037252903 0.02777777798473835
0 0.32421875 0.32685184478759766 0.04114583507180214 0.06481481343507767
1 0.4463541805744171 0.17037037014961243 0.015625 0.029629629105329514
1 0.510937511920929 0.30416667461395264 0.01875000074505806 0.03055555559694767
0 0.2992187440395355 0.385185182094574 0.02968749962747097 0.06666667014360428
1 0.5979166626930237 0.3578703701496124 0.01979166641831398 0.026851851493120193
0 0.514843761920929 0.8208333253860474 0.03072916716337204 0.06388889253139496
0 0.5356770753860474 0.5884259343147278 0.03802083432674408 0.06574074178934097
0 0.2809895873069763 0.5486111044883728 0.02864583395421505 0.08425925672054291
0 0.5830729007720947 0.5689814686775208 0.04322916641831398 0.06388889253139496
0 0.6265624761581421 0.6888889074325562 0.0364583320915699 0.07037036865949631
0 0.628125011920929 0.4078703820705414 0.04374999925494194 0.06018518656492233
0 0.5942708253860474 0.3314814865589142 0.03125 0.08518518507480621
0 0.6161458492279053 0.2509259283542633 0.04374999925494194 0.05000000074505806
0 0.5026041865348816 0.28796297311782837 0.03750000149011612 0.06666667014360428
0 0.4593749940395355 0.16203702986240387 0.04270833358168602 0.05925925821065903