1 0.6768229007720947 0.6708333492279053 0.01927083358168602 0.032407406717538834
1 0.6973958611488342 0.4546296298503876 0.01666666753590107 0.024074073880910873
1 0.6499999761581421 0.6555555462837219 0.01666666753590107 0.025925925001502037
1 0.6911458373069763 0.5787037014961243 0.014583333395421505 0.024074073880910873
1 0.4893229305744171 0.16111111640930176 0.015104166232049465 0.025925925001502037
0 0.7018229365348816 0.5412036776542664 0.03593749925494194 0.05462963134050369
0 0.6781250238418579 0.6828703880310059 0.03020833246409893 0.0694444477558136
1 0.688281238079071 0.3930555582046509 0.01614583283662796 0.023148147389292717
0 0.6489583253860474 0.6810185313224792 0.02604166604578495 0.07685185223817825
1 0.5880208611488342 0.5634258985519409 0.01354166679084301 0.026851851493120193
1 0.5528646111488342 0.8305555582046509 0.01406249962747097 0.02777777798473835
0 0.6934896111488342 0.5972222089767456 0.03281249850988388 0.06851851940155029
1 0.4963541626930237 0.6393518447875977 0.014583333395421505 0.028703704476356506
1 0.3075520694255829 0.4333333373069763 0.01927083358168602 0.025925925001502037
1 0.3414062559604645 0.7111111283302307 0.015104166232049465 0.02777777798473835
1 0.6036458611488342 0.6171296238899231 0.012500000186264515 0.026851851493120193
0 0.6919270753860474 0.36574074625968933 0.03177083283662796 0.09259258955717087
0 0.699999988079071 0.4722222089767456 0.03437500074505806 0.07592592388391495
0 0.3070312440395355 0.4078703820705414 0.02864583395421505 0.07870370149612427
0 0.35078126192092896 0.727314829826355 0.04114583507180214 0.07314814627170563
0 0.6148437261581421 0.6245370507240295 0.04322916641831398 0.05648148059844971
0 0.5078125 0.6495370268821716 0.04583333432674408 0.07500000298023224
0 0.4817708432674408 0.1458333283662796 0.03229166567325592 0.06388889253139496
0 0.539843738079071 0.8425925970077515 0.0442708320915699 0.06851851940155029
0 0.596875011920929 0.5657407641410828 0.04374999925494194 0.06666667014360428