0 0.40703123807907104 0.8342592716217041 0.02239583246409893 0.03888889029622078
0 0.3622395694255829 0.3027777671813965 0.02968749962747097 0.03888889029622078
1 0.3960937559604645 0.26759257912635803 0.01614583283662796 0.025925925001502037
1 0.55859375 0.19074073433876038 0.01406249962747097 0.029629629105329514
1 0.4244791567325592 0.2856481373310089 0.01770833320915699 0.03055555559694767
1 0.6544271111488342 0.3393518626689911 0.01718750037252903 0.026851851493120193
1 0.542187511920929 0.182407408952713 0.01666666753590107 0.02777777798473835
1 0.3661458194255829 0.22870370745658875 0.01354166679084301 0.024074073880910873
1 0.5062500238418579 0.30324074625968933 0.01979166641831398 0.03055555559694767
1 0.4596354067325592 0.6532407402992249 0.01927083358168602 0.034259259700775146
1 0.42890626192092896 0.6625000238418579 0.01718750037252903 0.032407406717538834
0 0.4153645932674408 0.302314817905426 0.03697916492819786 0.0694444477558136
0 0.37812501192092896 0.21574074029922485 0.0364583320915699 0.0555555559694767
0 0.4372395873069763 0.831944465637207 0.02656250074505806 0.06759259104728699
1 0.5950520634651184 0.5731481313705444 0.01718750037252903 0.031481482088565826
3 0.37578123807907104 0.29212963581085205 0.05364583432674408 0.07685185223817825
0 0.6630208492279053 0.35555556416511536 0.03229166567325592 0.07592592388391495
0 0.47317707538604736 0.6615740656852722 0.0494791679084301 0.06018518656492233
0 0.5723958611488342 0.19953703880310059 0.03958333283662796 0.05462963134050369
0 0.4997395873069763 0.28518518805503845 0.03489583358168602 0.07592592388391495
0 0.6072916388511658 0.5865740776062012 0.04479166492819786 0.07129629701375961
0 0.5289062261581421 0.16990740597248077 0.03697916492819786 0.05092592537403107
0 0.41796875 0.6472222208976746 0.04322916641831398 0.07037036865949631