1 0.4789062440395355 0.2898148000240326 0.01718750037252903 0.031481482088565826
1 0.41588541865348816 0.7046296000480652 0.015104166232049465 0.02777777798473835
1 0.3682291805744171 0.6819444298744202 0.015625 0.028703704476356506
1 0.3414062559604645 0.697685182094574 0.01822916604578495 0.026851851493120193
1 0.4346354305744171 0.6495370268821716 0.01718750037252903 0.028703704476356506
1 0.6731770634651184 0.6754629611968994 0.01822916604578495 0.02500000037252903
1 0.6356770992279053 0.3513889014720917 0.01614583283662796 0.026851851493120193
1 0.36770832538604736 0.5699074268341064 0.01979166641831398 0.028703704476356506
1 0.5932291746139526 0.19120369851589203 0.01770833320915699 0.032407406717538834
1 0.6994791626930237 0.4236111044883728 0.01875000074505806 0.026851851493120193
0 0.7028645873069763 0.4453703761100769 0.02760416641831398 0.07962962985038757
0 0.4296875 0.6712962985038757 0.03020833246409893 0.07592592388391495
0 0.46953123807907104 0.3046296238899231 0.03802083432674408 0.07777778059244156
0 0.3460937440395355 0.7185184955596924 0.03281249850988388 0.06481481343507767
0 0.66796875 0.6921296119689941 0.0338541679084301 0.06574074178934097
0 0.5132812261581421 0.7055555582046509 0.0338541679084301 0.08518518507480621
0 0.6302083134651184 0.32499998807907104 0.03125 0.09259258955717087
0 0.40833333134651184 0.729629635810852 0.03437500074505806 0.06296296417713165
0 0.6619791388511658 0.27407407760620117 0.03333333507180214 0.06111111119389534
0 0.3695312440395355 0.5435185432434082 0.0338541679084301 0.09814814478158951
0 0.5815104246139526 0.17824074625968933 0.04114583507180214 0.06388889253139496
0 0.38072916865348816 0.6745370626449585 0.0416666679084301 0.04537037014961243