1 0.5075520873069763 0.39629629254341125 0.02135416679084301 0.031481482088565826
1 0.6625000238418579 0.3046296238899231 0.014583333395421505 0.02222222276031971
1 0.5177083611488342 0.3976851999759674 0.02083333395421505 0.026851851493120193
1 0.4361979067325592 0.6796296238899231 0.01718750037252903 0.025925925001502037
1 0.6127604246139526 0.4722222089767456 0.01614583283662796 0.031481482088565826
1 0.3492187559604645 0.2708333432674408 0.01718750037252903 0.028703704476356506
1 0.3252604305744171 0.35277777910232544 0.01822916604578495 0.029629629105329514
1 0.4049479067325592 0.39027777314186096 0.015104166232049465 0.03055555559694767
1 0.5325520634651184 0.40324074029922485 0.01822916604578495 0.026851851493120193
1 0.4749999940395355 0.4097222089767456 0.01666666753590107 0.028703704476356506
1 0.31197917461395264 0.5597222447395325 0.015625 0.028703704476356506
1 0.4950520694255829 0.48055556416511536 0.01718750037252903 0.029629629105329514
1 0.4450520873069763 0.1953703761100769 0.015104166232049465 0.029629629105329514
0 0.5010416507720947 0.39907407760620117 0.0364583320915699 0.04814814776182175
0 0.3424479067325592 0.2865740656852722 0.03281249850988388 0.0694444477558136
0 0.32473957538604736 0.5435185432434082 0.05052083358168602 0.07962962985038757
0 0.4619791805744171 0.4277777671813965 0.03854166716337204 0.05925925821065903
0 0.41484373807907104 0.3740740716457367 0.0390625 0.07037036865949631
0 0.6265624761581421 0.4791666567325592 0.05312500149011612 0.07314814627170563
0 0.3203125 0.3740740716457367 0.03333333507180214 0.0833333358168602
0 0.6677083373069763 0.29212963581085205 0.03333333507180214 0.06203703582286835
0 0.5299479365348816 0.42824074625968933 0.03072916716337204 0.07870370149612427
0 0.4390625059604645 0.7004629373550415 0.03229166567325592 0.09351851791143417
0 0.5065104365348816 0.4967592656612396 0.04010416567325592 0.06388889253139496
0 0.4606770873069763 0.19768518209457397 0.05052083358168602 0.06203703582286835