0 0.3932291567325592 0.6847222447395325 0.06145833432674408 0.09537036716938019
1 0.3421874940395355 0.7453703880310059 0.01979166641831398 0.02777777798473835
1 0.49557292461395264 0.8416666388511658 0.01614583283662796 0.02777777798473835
3 0.37161457538604736 0.7837963104248047 0.04739583283662796 0.10092592239379883
1 0.532031238079071 0.8736110925674438 0.01614583283662796 0.028703704476356506
1 0.39401042461395264 0.7124999761581421 0.01614583283662796 0.028703704476356506
1 0.4348958432674408 0.8601852059364319 0.01875000074505806 0.029629629105329514
0 0.4401041567325592 0.8796296119689941 0.02708333358168602 0.06481481343507767
1 0.6658853888511658 0.7435185313224792 0.015104166232049465 0.029629629105329514
1 0.637499988079071 0.7861111164093018 0.01666666753590107 0.02777777798473835
0 0.37968748807907104 0.8064814805984497 0.0364583320915699 0.05740740895271301
0 0.32343751192092896 0.7189815044403076 0.02916666679084301 0.049074072390794754
1 0.6197916865348816 0.7486110925674438 0.015625 0.028703704476356506
1 0.42369791865348816 0.6421296000480652 0.015104166232049465 0.034259259700775146
0 0.3463541567325592 0.7666666507720947 0.02604166604578495 0.07037036865949631
0 0.4104166626930237 0.8481481671333313 0.03229166567325592 0.04814814776182175
1 0.6002604365348816 0.26944443583488464 0.01927083358168602 0.03333333507180214
3 0.3916666805744171 0.824999988079071 0.0677083358168602 0.08703703433275223
0 0.3815104067325592 0.6981481313705444 0.04322916641831398 0.06666667014360428
0 0.6317708492279053 0.8032407164573669 0.0364583320915699 0.07314814627170563
0 0.6302083134651184 0.729629635810852 0.03958333283662796 0.06851851940155029
0 0.3369791805744171 0.2717592716217041 0.02812499925494194 0.05833333358168602
0 0.6755208373069763 0.730555534362793 0.0364583320915699 0.07037036865949631
0 0.4117187559604645 0.6388888955116272 0.0494791679084301 0.06851851940155029
0 0.614062488079071 0.2606481611728668 0.04791666567325592 0.06574074178934097