1 0.671093761920929 0.48750001192092896 0.01822916604578495 0.026851851493120193
3 0.3356770873069763 0.7384259104728699 0.04010416567325592 0.06759259104728699
1 0.6109374761581421 0.24583333730697632 0.014583333395421505 0.02500000037252903
1 0.6591145992279053 0.4407407343387604 0.01822916604578495 0.020370369777083397
1 0.5731770992279053 0.2013888955116272 0.01406249962747097 0.03055555559694767
0 0.602343738079071 0.7907407283782959 0.02968749962747097 0.040740739554166794
1 0.6104166507720947 0.782870352268219 0.015625 0.026851851493120193
1 0.36250001192092896 0.8060185313224792 0.014583333395421505 0.02500000037252903
1 0.3057291805744171 0.45092591643333435 0.01666666753590107 0.02222222276031971
1 0.43359375 0.34861111640930176 0.01718750037252903 0.028703704476356506
0 0.567187488079071 0.8430555462837219 0.03125 0.05092592537403107
0 0.3322916626930237 0.7402777671813965 0.03437500074505806 0.06388889253139496
1 0.5013020634651184 0.16296295821666718 0.01614583283662796 0.031481482088565826
1 0.47864583134651184 0.7689814567565918 0.015625 0.028703704476356506
0 0.6695312261581421 0.4773148000240326 0.02656250074505806 0.05277777835726738
0 0.3531250059604645 0.8004629611968994 0.03333333507180214 0.04537037014961243
0 0.5002604126930237 0.842129647731781 0.02552083320915699 0.06203703582286835
0 0.6192708611488342 0.25925925374031067 0.03333333507180214 0.06296296417713165
0 0.5846354365348816 0.20648148655891418 0.03697916492819786 0.05000000074505806
0 0.4424479305744171 0.3629629611968994 0.0338541679084301 0.06851851940155029
0 0.31197917461395264 0.4263888895511627 0.03125 0.08055555820465088
0 0.6539062261581421 0.4203703701496124 0.0390625 0.07037036865949631
0 0.5135416388511658 0.16435185074806213 0.04062499850988388 0.05462963134050369
0 0.4671874940395355 0.7819444537162781 0.04270833358168602 0.06388889253139496