1 0.2854166626930237 0.6171296238899231 0.01666666753590107 0.037962961941957474
0 0.34166666865348816 0.7712963223457336 0.02708333358168602 0.06481481343507767
1 0.33645832538604736 0.7532407641410828 0.01666666753590107 0.026851851493120193
1 0.52734375 0.8615740537643433 0.01927083358168602 0.032407406717538834
0 0.42135417461395264 0.6120370626449585 0.05416666716337204 0.07592592388391495
1 0.4505208432674408 0.17638888955116272 0.01666666753590107 0.03055555559694767
0 0.3890624940395355 0.520370364189148 0.02500000037252903 0.0555555559694767
0 0.3635416626930237 0.8115741014480591 0.02500000037252903 0.04722222313284874
1 0.39140623807907104 0.8009259104728699 0.01614583283662796 0.031481482088565826
1 0.4020833373069763 0.8527777791023254 0.01666666753590107 0.031481482088565826
1 0.4309895932674408 0.6379629373550415 0.01718750037252903 0.02777777798473835
1 0.4872395694255829 0.16111111640930176 0.01614583283662796 0.029629629105329514
0 0.3895833194255829 0.5916666388511658 0.0364583320915699 0.07222222536802292
0 0.5177083611488342 0.8620370626449585 0.03229166567325592 0.04259259253740311
0 0.4036458432674408 0.8018518686294556 0.03958333283662796 0.03703703731298447
1 0.4585937559604645 0.8685185313224792 0.01718750037252903 0.031481482088565826
3 0.38880208134651184 0.5574073791503906 0.03489583358168602 0.12037037312984467
1 0.5653645992279053 0.1884259283542633 0.015104166232049465 0.028703704476356506
0 0.4684895873069763 0.8699073791503906 0.03593749925494194 0.037962961941957474
3 0.3518229126930237 0.7837963104248047 0.04739583283662796 0.09537036716938019
0 0.41718751192092896 0.854629635810852 0.0416666679084301 0.04259259253740311
0 0.28515625 0.6226851940155029 0.02239583246409893 0.06018518656492233
0 0.4364583194255829 0.6194444298744202 0.03125 0.07407407462596893
0 0.4755208194255829 0.15555556118488312 0.03750000149011612 0.051851850003004074
0 0.5549479126930237 0.18009258806705475 0.03802083432674408 0.06388889253139496
0 0.4377604126930237 0.18611110746860504 0.04010416567325592 0.05740740895271301