3 0.6684895753860474 0.4046296179294586 0.04218750074505806 0.09074074029922485
1 0.6070312261581421 0.7791666388511658 0.01614583283662796 0.02500000037252903
1 0.3020833432674408 0.4185185134410858 0.01979166641831398 0.029629629105329514
0 0.5986979007720947 0.7967592477798462 0.03177083283662796 0.06574074178934097
1 0.31953126192092896 0.7157407402992249 0.01927083358168602 0.029629629105329514
1 0.4833333194255829 0.16805554926395416 0.01666666753590107 0.03055555559694767
1 0.38072916865348816 0.3087962865829468 0.01770833320915699 0.034259259700775146
1 0.5328124761581421 0.5694444179534912 0.01666666753590107 0.03333333507180214
1 0.3955729305744171 0.47453704476356506 0.01614583283662796 0.03611111268401146
1 0.4703125059604645 0.32870370149612427 0.01875000074505806 0.03333333507180214
1 0.3531250059604645 0.42500001192092896 0.015625 0.031481482088565826
1 0.6734374761581421 0.42916667461395264 0.01979166641831398 0.03055555559694767
0 0.6674479246139526 0.40416666865348816 0.04010416567325592 0.08796296268701553
1 0.5791666507720947 0.4342592656612396 0.01770833320915699 0.031481482088565826
1 0.65234375 0.5939815044403076 0.01614583283662796 0.03055555559694767
0 0.36640626192092896 0.31296294927597046 0.04635416716337204 0.05740740895271301
0 0.32604166865348816 0.7347221970558167 0.03541666641831398 0.07500000298023224
0 0.647656261920929 0.7175925970077515 0.03177083283662796 0.06296296417713165
0 0.30078125 0.4412037134170532 0.02864583395421505 0.08796296268701553
0 0.3825520873069763 0.4749999940395355 0.04635416716337204 0.06111111119389534
0 0.48229166865348816 0.3152777850627899 0.04374999925494194 0.07129629701375961
0 0.47057291865348816 0.16435185074806213 0.04218750074505806 0.06018518656492233
0 0.6393229365348816 0.6106481552124023 0.04635416716337204 0.07500000298023224
0 0.34036457538604736 0.4148148000240326 0.04114583507180214 0.06481481343507767
0 0.5190104246139526 0.5717592835426331 0.05156249925494194 0.06203703582286835
0 0.5927083492279053 0.44490739703178406 0.05104166641831398 0.07685185223817825