3 0.5697916746139526 0.7805555462837219 0.04270833358168602 0.0555555559694767
3 0.5893229246139526 0.779629647731781 0.04635416716337204 0.05000000074505806
1 0.4127604067325592 0.18333333730697632 0.01197916641831398 0.025925925001502037
1 0.44713541865348816 0.17222222685813904 0.013020833022892475 0.029629629105329514
1 0.3838541805744171 0.19629628956317902 0.014583333395421505 0.031481482088565826
1 0.35364583134651184 0.2361111044883728 0.014583333395421505 0.029629629105329514
1 0.4893229305744171 0.16527777910232544 0.01614583283662796 0.026851851493120193
0 0.5645833611488342 0.7824074029922485 0.02916666679084301 0.05000000074505806
1 0.5296875238418579 0.19490741193294525 0.01354166679084301 0.026851851493120193
1 0.5705729126930237 0.772685170173645 0.01614583283662796 0.03055555559694767
1 0.6572916507720947 0.3643518388271332 0.01875000074505806 0.026851851493120193
0 0.43307292461395264 0.19398148357868195 0.03281249850988388 0.03611111268401146
0 0.5973958373069763 0.7819444537162781 0.02812499925494194 0.049074072390794754
1 0.4559895694255829 0.7916666865348816 0.01614583283662796 0.024074073880910873
0 0.37421876192092896 0.2023148089647293 0.03177083283662796 0.04537037014961243
1 0.2815104126930237 0.4712963104248047 0.01822916604578495 0.025925925001502037
0 0.4036458432674408 0.1814814805984497 0.02604166604578495 0.03703703731298447
1 0.2955729067325592 0.6402778029441833 0.01718750037252903 0.023148147389292717
0 0.45755207538604736 0.1675925999879837 0.03593749925494194 0.04814814776182175
0 0.49947917461395264 0.18287037312984467 0.03541666641831398 0.06018518656492233
0 0.4533854126930237 0.8138889074325562 0.02656250074505806 0.07037036865949631
0 0.5416666865348816 0.19629628956317902 0.03958333283662796 0.046296294778585434
0 0.2776041626930237 0.4990740716457367 0.03125 0.08518518507480621
0 0.6544271111488342 0.3384259343147278 0.03177083283662796 0.07314814627170563
0 0.3421874940395355 0.2527777850627899 0.03333333507180214 0.05740740895271301
0 0.29765623807907104 0.6625000238418579 0.02968749962747097 0.08055555820465088