1 0.5903645753860474 0.8083333373069763 0.013020833022892475 0.024074073880910873
1 0.4713541567325592 0.23240740597248077 0.015625 0.025925925001502037
1 0.4919270873069763 0.5393518805503845 0.01822916604578495 0.028703704476356506
1 0.4049479067325592 0.27129629254341125 0.01718750037252903 0.024074073880910873
1 0.5776041746139526 0.432407408952713 0.01770833320915699 0.031481482088565826
0 0.5658854246139526 0.793055534362793 0.02968749962747097 0.07314814627170563
1 0.37317708134651184 0.7189815044403076 0.01614583283662796 0.028703704476356506
1 0.34427082538604736 0.39722222089767456 0.01979166641831398 0.025925925001502037
1 0.5174478888511658 0.3351851999759674 0.01718750037252903 0.031481482088565826
1 0.4671874940395355 0.6319444179534912 0.01770833320915699 0.028703704476356506
1 0.40677082538604736 0.2143518477678299 0.01666666753590107 0.028703704476356506
1 0.4950520694255829 0.2023148089647293 0.01718750037252903 0.03055555559694767
1 0.571093738079071 0.2689814865589142 0.01718750037252903 0.034259259700775146
1 0.33203125 0.7449073791503906 0.01822916604578495 0.03055555559694767
0 0.6033853888511658 0.8032407164573669 0.03593749925494194 0.05277777835726738
0 0.5856770873069763 0.41527777910232544 0.0390625 0.07314814627170563
0 0.4841145873069763 0.21759259700775146 0.03697916492819786 0.0555555559694767
0 0.4229166805744171 0.20277777314186096 0.04583333432674408 0.051851850003004074
0 0.5848958492279053 0.27916666865348816 0.046875 0.05833333358168602
0 0.38463541865348816 0.6962962746620178 0.03802083432674408 0.06851851940155029
0 0.5062500238418579 0.35185185074806213 0.0416666679084301 0.06851851940155029
0 0.3463541567325592 0.7555555701255798 0.04583333432674408 0.05000000074505806
0 0.34843748807907104 0.3717592656612396 0.03020833246409893 0.08425925672054291
0 0.40234375 0.2944444417953491 0.03072916716337204 0.07222222536802292
0 0.48750001192092896 0.5597222447395325 0.0364583320915699 0.07685185223817825
0 0.45494791865348816 0.6504629850387573 0.0442708320915699 0.06388889253139496