1 0.4151041805744171 0.7004629373550415 0.014583333395421505 0.026851851493120193
1 0.690625011920929 0.6245370507240295 0.01875000074505806 0.026851851493120193
1 0.3307291567325592 0.6759259104728699 0.01875000074505806 0.02777777798473835
1 0.36666667461395264 0.6824073791503906 0.014583333395421505 0.029629629105329514
1 0.5182291865348816 0.6847222447395325 0.01770833320915699 0.026851851493120193
1 0.4364583194255829 0.6462963223457336 0.01666666753590107 0.02777777798473835
1 0.6104166507720947 0.20416666567325592 0.015625 0.026851851493120193
1 0.6356770992279053 0.3523148000240326 0.01614583283662796 0.026851851493120193
1 0.547656238079071 0.192592591047287 0.01614583283662796 0.031481482088565826
1 0.69921875 0.42314815521240234 0.01822916604578495 0.02777777798473835
1 0.36770832538604736 0.5699074268341064 0.01979166641831398 0.028703704476356506
0 0.4325520694255829 0.6652777791023254 0.02864583395421505 0.06388889253139496
0 0.7028645873069763 0.4453703761100769 0.02864583395421505 0.08148147910833359
0 0.6856771111488342 0.644444465637207 0.03489583358168602 0.07222222536802292
0 0.5348958373069763 0.20787036418914795 0.03854166716337204 0.06203703582286835
0 0.600781261920929 0.19212962687015533 0.03802083432674408 0.05277777835726738
0 0.3335937559604645 0.6930555701255798 0.03281249850988388 0.06759259104728699
0 0.40833333134651184 0.7231481671333313 0.03125 0.0555555559694767
0 0.6309896111488342 0.3245370388031006 0.02968749962747097 0.09351851791143417
0 0.6619791388511658 0.2750000059604645 0.03437500074505806 0.05925925821065903
0 0.3695312440395355 0.5458333492279053 0.03281249850988388 0.10092592239379883
0 0.3791666626930237 0.6754629611968994 0.0416666679084301 0.04722222313284874
0 0.5127604007720947 0.7092592716217041 0.03593749925494194 0.0833333358168602