1 0.4059895873069763 0.8407407402992249 0.01718750037252903 0.025925925001502037
1 0.2783854305744171 0.5342592597007751 0.01718750037252903 0.025925925001502037
0 0.59375 0.8189814686775208 0.02604166604578495 0.03611111268401146
1 0.4794270694255829 0.15416666865348816 0.015104166232049465 0.034259259700775146
1 0.2835937440395355 0.46898147463798523 0.01614583283662796 0.021296296268701553
1 0.5252603888511658 0.3791666626930237 0.01614583283662796 0.026851851493120193
1 0.44140625 0.16388888657093048 0.01614583283662796 0.02777777798473835
1 0.6499999761581421 0.5722222328186035 0.01770833320915699 0.025925925001502037
1 0.44921875 0.35648149251937866 0.01614583283662796 0.031481482088565826
1 0.42265623807907104 0.8074073791503906 0.02031249925494194 0.029629629105329514
1 0.35989582538604736 0.8097222447395325 0.01354166679084301 0.02500000037252903
1 0.37187498807907104 0.21111111342906952 0.01666666753590107 0.02777777798473835
1 0.3268229067325592 0.380092591047287 0.01614583283662796 0.02500000037252903
0 0.28046876192092896 0.4481481611728668 0.02864583395421505 0.06296296417713165
0 0.42239582538604736 0.8449074029922485 0.04479166492819786 0.08425925672054291
0 0.4833333194255829 0.432407408952713 0.02708333358168602 0.06296296417713165
0 0.45130208134651184 0.15601852536201477 0.03489583358168602 0.043518517166376114
0 0.27734375 0.5189814567565918 0.03072916716337204 0.07500000298023224
0 0.4919270873069763 0.1546296328306198 0.03802083432674408 0.046296294778585434
0 0.6447916626930237 0.5509259104728699 0.03333333507180214 0.08518518507480621
0 0.33255207538604736 0.39537036418914795 0.03489583358168602 0.08148147910833359
0 0.5260416865348816 0.35648149251937866 0.03020833246409893 0.08518518507480621
0 0.4375 0.369907408952713 0.04479166492819786 0.06388889253139496
0 0.3815104067325592 0.19953703880310059 0.03593749925494194 0.05648148059844971
0 0.3682291805744171 0.8199074268341064 0.03541666641831398 0.04722222313284874