0 0.633593738079071 0.6222222447395325 0.02968749962747097 0.10370370000600815
1 0.5453125238418579 0.18888889253139496 0.015625 0.02777777798473835
0 0.5651041865348816 0.19814814627170563 0.0572916679084301 0.0555555559694767
3 0.5648437738418579 0.19768518209457397 0.0598958320915699 0.05462963134050369
1 0.581250011920929 0.20787036418914795 0.02187499962747097 0.032407406717538834
1 0.524218738079071 0.17731481790542603 0.01822916604578495 0.028703704476356506
1 0.6356770992279053 0.6597222089767456 0.01718750037252903 0.03055555559694767
1 0.6260416507720947 0.5694444179534912 0.01875000074505806 0.025925925001502037
1 0.32083332538604736 0.7087963223457336 0.01666666753590107 0.02500000037252903
1 0.3877604305744171 0.3092592656612396 0.01822916604578495 0.035185184329748154
1 0.3473958373069763 0.7787036895751953 0.015625 0.025925925001502037
1 0.60546875 0.7745370268821716 0.01822916604578495 0.028703704476356506
1 0.5861979126930237 0.5347222089767456 0.01614583283662796 0.032407406717538834
1 0.42786458134651184 0.38333332538604736 0.01718750037252903 0.031481482088565826
1 0.6721354126930237 0.5939815044403076 0.01927083358168602 0.026851851493120193
1 0.617968738079071 0.3412036895751953 0.01822916604578495 0.026851851493120193
0 0.640625 0.6407407522201538 0.03020833246409893 0.06851851940155029
0 0.3291666805744171 0.7263888716697693 0.03750000149011612 0.06759259104728699
0 0.6002604365348816 0.7962962985038757 0.02968749962747097 0.06851851940155029
0 0.6268228888511658 0.5949074029922485 0.02447916753590107 0.07314814627170563
0 0.671875 0.5648148059844971 0.02604166604578495 0.0833333358168602
0 0.41458332538604736 0.39120370149612427 0.04791666567325592 0.05648148059844971
0 0.5119791626930237 0.1657407432794571 0.04270833358168602 0.05370370298624039
0 0.6213541626930237 0.3662036955356598 0.02916666679084301 0.08796296268701553
0 0.5739583373069763 0.5449073910713196 0.04583333432674408 0.06574074178934097
0 0.37421876192092896 0.3143518567085266 0.04531250149011612 0.06388889253139496
0 0.35729166865348816 0.7939814925193787 0.03750000149011612 0.06203703582286835