0 0.49817708134651184 0.8986111283302307 0.02031249925494194 0.05277777835726738
1 0.49817708134651184 0.8861111402511597 0.01927083358168602 0.03333333507180214
1 0.01536458358168602 0.5273148417472839 0.01822916604578495 0.028703704476356506
1 0.45781248807907104 0.5773147940635681 0.01666666753590107 0.037962961941957474
1 0.5210937261581421 0.852314829826355 0.02135416679084301 0.034259259700775146
0 0.7325521111488342 0.5805555582046509 0.03072916716337204 0.04814814776182175
1 0.7164062261581421 0.7152777910232544 0.01927083358168602 0.026851851493120193
1 0.5098958611488342 0.49444442987442017 0.01875000074505806 0.03703703731298447
1 0.0455729179084301 0.385185182094574 0.015104166232049465 0.024074073880910873
1 0.3984375 0.5550925731658936 0.01666666753590107 0.034259259700775146
1 0.03489583358168602 0.2606481611728668 0.012500000186264515 0.026851851493120193
1 0.6315104365348816 0.7250000238418579 0.01927083358168602 0.029629629105329514
1 0.7283853888511658 0.6388888955116272 0.01927083358168602 0.031481482088565826
1 0.3921875059604645 0.8087962865829468 0.01875000074505806 0.03611111268401146
0 0.014583333395421505 0.1884259283542633 0.02916666679084301 0.04537037014961243
1 0.3880208432674408 0.6185185313224792 0.015625 0.031481482088565826
0 0.5229166746139526 0.8722222447395325 0.02708333358168602 0.0833333358168602
0 0.014583333395421505 0.5106481313705444 0.02812499925494194 0.07685185223817825
0 0.714062511920929 0.730555534362793 0.03541666641831398 0.07037036865949631
0 0.7330729365348816 0.6078703999519348 0.0390625 0.11388888955116272
0 0.02447916753590107 0.2541666626930237 0.03854166716337204 0.05833333358168602
0 0.37552082538604736 0.6287037134170532 0.04583333432674408 0.07222222536802292
0 0.40312498807907104 0.7958333492279053 0.04479166492819786 0.08425925672054291
0 0.046875 0.3731481432914734 0.03020833246409893 0.07037036865949631
0 0.3825520873069763 0.5546296238899231 0.04635416716337204 0.06666667014360428
0 0.02604166604578495 0.4416666626930237 0.0416666679084301 0.07037036865949631
0 0.44609373807907104 0.5685185194015503 0.0494791679084301 0.07777778059244156
0 0.6351562738418579 0.7509258985519409 0.03177083283662796 0.09259258955717087
0 0.49661457538604736 0.4879629611968994 0.05260416492819786 0.07962962985038757