0 0.5919271111488342 0.8157407641410828 0.02447916753590107 0.03888889029622078
1 0.3674479126930237 0.8069444298744202 0.01927083358168602 0.028703704476356506
1 0.3544270694255829 0.22546295821666718 0.01614583283662796 0.01944444514811039
1 0.4273437559604645 0.4055555462837219 0.013020833022892475 0.02222222276031971
1 0.42239582538604736 0.8087962865829468 0.01666666753590107 0.026851851493120193
1 0.3322916626930237 0.7648147940635681 0.014583333395421505 0.025925925001502037
1 0.34583333134651184 0.35879629850387573 0.01770833320915699 0.026851851493120193
1 0.4528645873069763 0.3523148000240326 0.01614583283662796 0.03055555559694767
1 0.30156248807907104 0.3361110985279083 0.01666666753590107 0.025925925001502037
0 0.32369792461395264 0.7481481432914734 0.03072916716337204 0.06481481343507767
1 0.47734373807907104 0.7495370507240295 0.013020833022892475 0.021296296268701553
3 0.3486979305744171 0.24444444477558136 0.05364583432674408 0.0962962955236435
1 0.5260416865348816 0.37731480598449707 0.01875000074505806 0.026851851493120193
0 0.4427083432674408 0.36574074625968933 0.03541666641831398 0.0555555559694767
0 0.3375000059604645 0.2620370388031006 0.03125 0.05740740895271301
0 0.3606770932674408 0.8013888597488403 0.03697916492819786 0.04722222313284874
0 0.52734375 0.3541666567325592 0.03072916716337204 0.07870370149612427
0 0.30859375 0.32175925374031067 0.03072916716337204 0.06018518656492233
0 0.65625 0.6754629611968994 0.02916666679084301 0.06203703582286835
0 0.3596354126930237 0.2212962955236435 0.03072916716337204 0.046296294778585434
0 0.48046875 0.7324073910713196 0.02968749962747097 0.06666667014360428
0 0.4156250059604645 0.42592594027519226 0.0364583320915699 0.05740740895271301
0 0.41223958134651184 0.8217592835426331 0.03802083432674408 0.05833333358168602
0 0.34036457538604736 0.3759259283542633 0.0338541679084301 0.06666667014360428