1 0.5192708373069763 0.7384259104728699 0.01875000074505806 0.028703704476356506
1 0.3697916567325592 0.7768518328666687 0.01875000074505806 0.02777777798473835
0 0.30390626192092896 0.39259257912635803 0.0234375 0.06111111119389534
1 0.3023437559604645 0.3791666626930237 0.015104166232049465 0.03055555559694767
1 0.4554687440395355 0.8379629850387573 0.015104166232049465 0.025925925001502037
1 0.5903645753860474 0.6518518328666687 0.01718750037252903 0.029629629105329514
1 0.5380208492279053 0.1745370328426361 0.01770833320915699 0.032407406717538834
1 0.577343761920929 0.2282407432794571 0.01718750037252903 0.028703704476356506
1 0.49791666865348816 0.182407408952713 0.01770833320915699 0.031481482088565826
0 0.5091145634651184 0.727314829826355 0.04218750074505806 0.06203703582286835
0 0.30859375 0.3499999940395355 0.02447916753590107 0.051851850003004074
0 0.3062500059604645 0.37037035822868347 0.03125 0.10185185074806213
0 0.5088541507720947 0.8143518567085266 0.04374999925494194 0.06018518656492233
0 0.5486978888511658 0.18472221493721008 0.03593749925494194 0.06018518656492233
0 0.5424479246139526 0.37731480598449707 0.04114583507180214 0.05833333358168602
0 0.5895833373069763 0.2370370328426361 0.03958333283662796 0.05000000074505806
0 0.5846354365348816 0.6310185194015503 0.03177083283662796 0.08055555820465088
0 0.48229166865348816 0.17731481790542603 0.04791666567325592 0.06203703582286835
0 0.3736979067325592 0.7925925850868225 0.0338541679084301 0.06481481343507767