1 0.5278645753860474 0.7527777552604675 0.01927083358168602 0.02777777798473835
3 0.5414062738418579 0.7893518805503845 0.0494791679084301 0.09166666865348816
1 0.5479166507720947 0.5981481671333313 0.01666666753590107 0.024074073880910873
0 0.5249999761581421 0.729629635810852 0.02604166604578495 0.07037036865949631
0 0.5596354007720947 0.5916666388511658 0.04010416567325592 0.05370370298624039
3 0.5874999761581421 0.6115740537643433 0.06041666492819786 0.08055555820465088
0 0.5307291746139526 0.7861111164093018 0.03750000149011612 0.046296294778585434
0 0.5395833253860474 0.8356481194496155 0.02500000037252903 0.03611111268401146
0 0.5992187261581421 0.6199073791503906 0.0390625 0.0694444477558136
3 0.5278645753860474 0.7462962865829468 0.03697916492819786 0.10370370000600815
1 0.3382812440395355 0.7300925850868225 0.015104166232049465 0.026851851493120193
1 0.641406238079071 0.32870370149612427 0.01406249962747097 0.029629629105329514
1 0.633593738079071 0.41342592239379883 0.01406249962747097 0.028703704476356506
1 0.38749998807907104 0.49166667461395264 0.01770833320915699 0.03333333507180214
0 0.5583333373069763 0.793055534362793 0.02291666716337204 0.06574074178934097
1 0.45260417461395264 0.6638888716697693 0.01666666753590107 0.031481482088565826
0 0.40026041865348816 0.4972222149372101 0.04843749850988388 0.06111111119389534
0 0.4609375 0.6782407164573669 0.03750000149011612 0.06759259104728699
0 0.3317708373069763 0.7152777910232544 0.03229166567325592 0.07314814627170563
0 0.62890625 0.3222222328186035 0.04114583507180214 0.06111111119389534
0 0.6424478888511658 0.42407408356666565 0.04010416567325592 0.07962962985038757