1 0.58203125 0.8518518805503845 0.02031249925494194 0.03333333507180214
1 0.6669270992279053 0.27129629254341125 0.01406249962747097 0.020370369777083397
0 0.5807291865348816 0.8675925731658936 0.02708333358168602 0.05370370298624039
0 0.4906249940395355 0.31203705072402954 0.03125 0.040740739554166794
1 0.48776042461395264 0.2759259343147278 0.01718750037252903 0.02777777798473835
0 0.6088541746139526 0.8435184955596924 0.02187499962747097 0.029629629105329514
0 0.6156250238418579 0.6393518447875977 0.0364583320915699 0.034259259700775146
1 0.6499999761581421 0.23287037014961243 0.01666666753590107 0.026851851493120193
3 0.4919270873069763 0.34398147463798523 0.03697916492819786 0.10462962836027145
1 0.625781238079071 0.5666666626930237 0.01614583283662796 0.024074073880910873
3 0.5919271111488342 0.6462963223457336 0.05364583432674408 0.05925925821065903
1 0.6111978888511658 0.845370352268219 0.01822916604578495 0.029629629105329514
1 0.5770833492279053 0.6620370149612427 0.01875000074505806 0.029629629105329514
3 0.49609375 0.26944443583488464 0.04218750074505806 0.10000000149011612
3 0.6205729246139526 0.677314817905426 0.04218750074505806 0.09537036716938019
0 0.49609375 0.25462964177131653 0.03802083432674408 0.07407407462596893
0 0.4906249940395355 0.3662036955356598 0.02812499925494194 0.06388889253139496
0 0.6276041865348816 0.6875 0.02812499925494194 0.0694444477558136
1 0.38593751192092896 0.4185185134410858 0.01875000074505806 0.03333333507180214
1 0.3447916805744171 0.7300925850868225 0.01666666753590107 0.02500000037252903
0 0.6731770634651184 0.25833332538604736 0.02447916753590107 0.051851850003004074
0 0.6356770992279053 0.5861111283302307 0.03802083432674408 0.06296296417713165
0 0.6424478888511658 0.21064814925193787 0.03281249850988388 0.06574074178934097
0 0.3763020932674408 0.4365740716457367 0.04114583507180214 0.07685185223817825
0 0.3492187559604645 0.7495370507240295 0.03697916492819786 0.07870370149612427