0 0.7177083492279053 0.706944465637207 0.03750000149011612 0.1120370402932167
0 0.4984374940395355 0.8986111283302307 0.01875000074505806 0.049074072390794754
1 0.6278645992279053 0.8236111402511597 0.02239583246409893 0.037962961941957474
1 0.4984374940395355 0.8870370388031006 0.01875000074505806 0.031481482088565826
1 0.3401041626930237 0.7124999761581421 0.01770833320915699 0.028703704476356506
1 0.5973958373069763 0.4217592477798462 0.01875000074505806 0.026851851493120193
3 0.5796874761581421 0.5041666626930237 0.05104166641831398 0.1101851835846901
1 0.01588541641831398 0.5273148417472839 0.01822916604578495 0.028703704476356506
0 0.6328125 0.7486110925674438 0.02812499925494194 0.07500000298023224
1 0.03463541716337204 0.2606481611728668 0.01197916641831398 0.02500000037252903
1 0.5216146111488342 0.8518518805503845 0.02031249925494194 0.031481482088565826
1 0.0455729179084301 0.3856481611728668 0.015104166232049465 0.023148147389292717
1 0.39270833134651184 0.6189814805984497 0.014583333395421505 0.03055555559694767
0 0.5770833492279053 0.5175926089286804 0.04062499850988388 0.07592592388391495
0 0.7205728888511658 0.6842592358589172 0.02968749962747097 0.051851850003004074
0 0.014322916977107525 0.1884259283542633 0.02864583395421505 0.043518517166376114
1 0.5091145634651184 0.3143518567085266 0.02031249925494194 0.028703704476356506
0 0.5221354365348816 0.8717592358589172 0.02447916753590107 0.0694444477558136
0 0.7138020992279053 0.7310185432434082 0.02656250074505806 0.05277777835726738
3 0.6328125 0.7745370268821716 0.03437500074505806 0.13240741193294525
0 0.632031261920929 0.8240740895271301 0.03281249850988388 0.051851850003004074
0 0.014583333395421505 0.510185182094574 0.02916666679084301 0.07592592388391495
3 0.717968761920929 0.707870364189148 0.03802083432674408 0.11574073880910873
0 0.02447916753590107 0.25462964177131653 0.03750000149011612 0.05740740895271301
0 0.5997396111488342 0.442592591047287 0.02552083320915699 0.07592592388391495
0 0.04635416716337204 0.3731481432914734 0.03020833246409893 0.06851851940155029
0 0.5083333253860474 0.28703704476356506 0.02916666679084301 0.08518518507480621
0 0.34062498807907104 0.7032407522201538 0.02812499925494194 0.08055555820465088
0 0.02656250074505806 0.4416666626930237 0.0416666679084301 0.07037036865949631
0 0.3802083432674408 0.625 0.04791666567325592 0.07592592388391495