1 0.6424478888511658 0.21574074029922485 0.015104166232049465 0.02222222276031971
3 0.4934895932674408 0.41620370745658875 0.02864583395421505 0.10833333432674408
1 0.5471354126930237 0.44212964177131653 0.015104166232049465 0.032407406717538834
3 0.534375011920929 0.4402777850627899 0.05312500149011612 0.04537037014961243
1 0.49557292461395264 0.845370352268219 0.01197916641831398 0.029629629105329514
3 0.5091145634651184 0.3578703701496124 0.0546875 0.0694444477558136
1 0.49557292461395264 0.8587962985038757 0.013020833022892475 0.03055555559694767
3 0.5690104365348816 0.44907405972480774 0.05781250074505806 0.06851851940155029
0 0.5231770873069763 0.34398147463798523 0.03281249850988388 0.03981481492519379
3 0.5393229126930237 0.3513889014720917 0.0598958320915699 0.05462963134050369
3 0.3421874940395355 0.5393518805503845 0.07604166865348816 0.06759259104728699
1 0.5278645753860474 0.8611111044883728 0.015104166232049465 0.029629629105329514
1 0.4390625059604645 0.7749999761581421 0.01979166641831398 0.029629629105329514
1 0.37031251192092896 0.5282407402992249 0.01354166679084301 0.02500000037252903
1 0.5645833611488342 0.37268519401550293 0.014583333395421505 0.02500000037252903
1 0.45625001192092896 0.8513888716697693 0.015625 0.032407406717538834
0 0.3591145873069763 0.5365740656852722 0.03802083432674408 0.06018518656492233
0 0.4973958432674408 0.37453705072402954 0.03020833246409893 0.05462963134050369
0 0.49531251192092896 0.4356481432914734 0.02395833283662796 0.07500000298023224
0 0.5815104246139526 0.4546296298503876 0.03489583358168602 0.05740740895271301
0 0.3231770694255829 0.5416666865348816 0.03802083432674408 0.05740740895271301
1 0.703125 0.33101850748062134 0.01770833320915699 0.023148147389292717
0 0.7020833492279053 0.3097222149372101 0.02812499925494194 0.0694444477558136
0 0.5562499761581421 0.35972222685813904 0.03333333507180214 0.05277777835726738
0 0.46875 0.8592592477798462 0.0416666679084301 0.051851850003004074
0 0.4388020932674408 0.7981481552124023 0.02760416641831398 0.07962962985038757
0 0.6458333134651184 0.20092593133449554 0.03229166567325592 0.06111111119389534