1 0.702343761920929 0.48842594027519226 0.015104166232049465 0.02500000037252903
1 0.3841145932674408 0.7314814925193787 0.01718750037252903 0.029629629105329514
1 0.4085937440395355 0.7810184955596924 0.01822916604578495 0.026851851493120193
1 0.640625 0.2768518626689911 0.01666666753590107 0.029629629105329514
0 0.36406248807907104 0.7546296119689941 0.02395833283662796 0.05000000074505806
1 0.30807292461395264 0.41620370745658875 0.01406249962747097 0.023148147389292717
1 0.676562488079071 0.33194443583488464 0.02083333395421505 0.032407406717538834
3 0.66796875 0.2953703701496124 0.0442708320915699 0.10555555671453476
3 0.40234375 0.7740740776062012 0.03593749925494194 0.1111111119389534
1 0.6583333611488342 0.27916666865348816 0.015625 0.03055555559694767
1 0.4346354305744171 0.612500011920929 0.01927083358168602 0.026851851493120193
0 0.3877604305744171 0.7532407641410828 0.02239583246409893 0.07129629701375961
1 0.3447916805744171 0.4749999940395355 0.015625 0.029629629105329514
0 0.6703125238418579 0.302314817905426 0.03750000149011612 0.09166666865348816
0 0.40963542461395264 0.7972221970558167 0.02239583246409893 0.05925925821065903
0 0.6304687261581421 0.2587963044643402 0.03802083432674408 0.06759259104728699
1 0.5401041507720947 0.3291666805744171 0.01666666753590107 0.032407406717538834
0 0.3125 0.39907407760620117 0.03541666641831398 0.06851851940155029
0 0.36015623807907104 0.24120371043682098 0.02864583395421505 0.06018518656492233
0 0.4325520694255829 0.6384259462356567 0.03593749925494194 0.09166666865348816
0 0.6955729126930237 0.47592592239379883 0.0390625 0.07037036865949631
0 0.550000011920929 0.3462963104248047 0.04583333432674408 0.08518518507480621
0 0.36015623807907104 0.46851852536201477 0.05572916567325592 0.07592592388391495