1 0.4958333373069763 0.8865740895271301 0.02083333395421505 0.037962961941957474
0 0.4984374940395355 0.8898147940635681 0.02500000037252903 0.03703703731298447
1 0.01536458358168602 0.5263888835906982 0.01822916604578495 0.03055555559694767
1 0.0455729179084301 0.38333332538604736 0.01718750037252903 0.02777777798473835
1 0.0325520820915699 0.24953703582286835 0.013020833022892475 0.026851851493120193
1 0.3968749940395355 0.6759259104728699 0.01875000074505806 0.024074073880910873
1 0.5856770873069763 0.34351852536201477 0.01718750037252903 0.029629629105329514
1 0.55859375 0.8476851582527161 0.01927083358168602 0.032407406717538834
1 0.04322916641831398 0.29722222685813904 0.01666666753590107 0.025925925001502037
1 0.7169271111488342 0.7166666388511658 0.01927083358168602 0.031481482088565826
0 0.014583333395421505 0.18888889253139496 0.02916666679084301 0.040740739554166794
1 0.5484374761581421 0.3254629671573639 0.01770833320915699 0.03611111268401146
1 0.3252604305744171 0.5087962746620178 0.02031249925494194 0.026851851493120193
1 0.6346353888511658 0.727314829826355 0.01927083358168602 0.026851851493120193
0 0.04453124850988388 0.3731481432914734 0.02968749962747097 0.07962962985038757
1 0.3799479305744171 0.7379629611968994 0.01927083358168602 0.029629629105329514
0 0.3799479305744171 0.7180555462837219 0.02760416641831398 0.0824074074625969
0 0.04010416567325592 0.3157407343387604 0.02708333358168602 0.07222222536802292
0 0.5731770992279053 0.8425925970077515 0.04010416567325592 0.04259259253740311
0 0.559374988079071 0.3254629671573639 0.03958333283662796 0.049074072390794754
0 0.014583333395421505 0.5083333253860474 0.02812499925494194 0.0833333358168602
0 0.02135416679084301 0.2532407343387604 0.03750000149011612 0.05462963134050369
0 0.7067708373069763 0.737500011920929 0.04479166492819786 0.07685185223817825
0 0.32369792461395264 0.48240742087364197 0.02760416641831398 0.09074074029922485
0 0.4049479067325592 0.6504629850387573 0.03177083283662796 0.07685185223817825
0 0.5989583134651184 0.3569444417953491 0.03854166716337204 0.06203703582286835
0 0.6354166865348816 0.7546296119689941 0.03020833246409893 0.08518518507480621