0 0.534375011920929 0.4643518626689911 0.0364583320915699 0.04722222313284874
0 0.5463541746139526 0.37037035822868347 0.02916666679084301 0.06851851940155029
1 0.5244791507720947 0.4694444537162781 0.01666666753590107 0.029629629105329514
3 0.547656238079071 0.4601851999759674 0.06718750298023224 0.06851851940155029
1 0.5302083492279053 0.3384259343147278 0.015625 0.02500000037252903
1 0.3489583432674408 0.28518518805503845 0.015625 0.02777777798473835
1 0.653124988079071 0.22638888657093048 0.01666666753590107 0.023148147389292717
0 0.5932291746139526 0.8513888716697693 0.03437500074505806 0.06018518656492233
0 0.4156250059604645 0.8125 0.03125 0.05462963134050369
1 0.5283854007720947 0.8587962985038757 0.015104166232049465 0.028703704476356506
1 0.40312498807907104 0.7680555582046509 0.014583333395421505 0.02500000037252903
3 0.40312498807907104 0.7912036776542664 0.06562499701976776 0.07129629701375961
3 0.4466145932674408 0.8412036895751953 0.04843749850988388 0.08611111342906952
0 0.5638020634651184 0.4532407522201538 0.03697916492819786 0.043518517166376114
1 0.7216145992279053 0.5680555701255798 0.01614583283662796 0.02500000037252903
0 0.4507812559604645 0.852314829826355 0.03593749925494194 0.05833333358168602
1 0.5023437738418579 0.510185182094574 0.01927083358168602 0.025925925001502037
0 0.5401041507720947 0.41805556416511536 0.03750000149011612 0.043518517166376114
3 0.5346354246139526 0.36944442987442017 0.05364583432674408 0.11666666716337204
0 0.39375001192092896 0.7773148417472839 0.0416666679084301 0.05092592537403107
0 0.5013020634651184 0.48750001192092896 0.0234375 0.07500000298023224
0 0.5208333134651184 0.3231481611728668 0.03750000149011612 0.06111111119389534
0 0.7244791388511658 0.5486111044883728 0.02812499925494194 0.08425925672054291
0 0.3421874940395355 0.29629629850387573 0.03541666641831398 0.07222222536802292
0 0.6518229246139526 0.21064814925193787 0.03072916716337204 0.05833333358168602