0 0.5934895873069763 0.8203703761100769 0.02447916753590107 0.029629629105329514
1 0.49609375 0.30787035822868347 0.01718750037252903 0.026851851493120193
1 0.453125 0.5249999761581421 0.01666666753590107 0.024074073880910873
1 0.4828124940395355 0.5694444179534912 0.015625 0.024074073880910873
1 0.4309895932674408 0.5560185313224792 0.015104166232049465 0.023148147389292717
1 0.34322917461395264 0.5078703761100769 0.014583333395421505 0.023148147389292717
1 0.508593738079071 0.5351851582527161 0.015104166232049465 0.02777777798473835
1 0.62890625 0.6194444298744202 0.01822916604578495 0.025925925001502037
1 0.3010416626930237 0.3629629611968994 0.015625 0.024074073880910873
1 0.38880208134651184 0.6657407283782959 0.01614583283662796 0.025925925001502037
1 0.2864583432674408 0.447685182094574 0.01666666753590107 0.026851851493120193
0 0.49609375 0.5449073910713196 0.0390625 0.037962961941957474
1 0.574999988079071 0.3592592477798462 0.015625 0.025925925001502037
1 0.4794270694255829 0.307407408952713 0.01718750037252903 0.025925925001502037
0 0.3544270694255829 0.5365740656852722 0.02968749962747097 0.05277777835726738
0 0.4817708432674408 0.5995370149612427 0.02708333358168602 0.06759259104728699
0 0.3049479126930237 0.33796295523643494 0.02968749962747097 0.07037036865949631
0 0.5083333253860474 0.3166666626930237 0.03541666641831398 0.05925925821065903
0 0.48046875 0.32777777314186096 0.0234375 0.07407407462596893
0 0.34713542461395264 0.4842592477798462 0.03177083283662796 0.07222222536802292
0 0.2861979305744171 0.42222222685813904 0.03072916716337204 0.08148147910833359
0 0.38359373807907104 0.6819444298744202 0.03281249850988388 0.06574074178934097
0 0.5841146111488342 0.3717592656612396 0.03802083432674408 0.06018518656492233
0 0.6252604126930237 0.6435185074806213 0.03177083283662796 0.07777778059244156
0 0.4611979126930237 0.512499988079071 0.03697916492819786 0.049074072390794754
0 0.43671876192092896 0.5782407522201538 0.02968749962747097 0.06203703582286835