1 0.47968751192092896 0.8842592835426331 0.01770833320915699 0.03888889029622078
1 0.4442708194255829 0.7504629492759705 0.01145833358168602 0.026851851493120193
1 0.47734373807907104 0.7523148059844971 0.013020833022892475 0.03055555559694767
1 0.5333333611488342 0.8740741014480591 0.01770833320915699 0.02777777798473835
1 0.7119791507720947 0.5032407641410828 0.015625 0.021296296268701553
1 0.703906238079071 0.4305555522441864 0.015104166232049465 0.02222222276031971
1 0.3343749940395355 0.7319444417953491 0.01354166679084301 0.026851851493120193
1 0.5848958492279053 0.6324074268341064 0.015625 0.029629629105329514
0 0.46822917461395264 0.7518518567085266 0.03541666641831398 0.04259259253740311
1 0.5028645992279053 0.7421296238899231 0.01822916604578495 0.028703704476356506
1 0.43281251192092896 0.862500011920929 0.01875000074505806 0.032407406717538834
0 0.4437499940395355 0.8657407164573669 0.046875 0.09074074029922485
1 0.573437511920929 0.4981481432914734 0.01770833320915699 0.031481482088565826
1 0.3083333373069763 0.3523148000240326 0.01770833320915699 0.021296296268701553
1 0.6645833253860474 0.739814817905426 0.015625 0.02777777798473835
0 0.711718738079071 0.4819444417953491 0.03177083283662796 0.06759259104728699
0 0.500781238079071 0.7615740895271301 0.02760416641831398 0.07870370149612427
0 0.31067708134651184 0.3314814865589142 0.02968749962747097 0.07037036865949631
0 0.7067708373069763 0.41296297311782837 0.0364583320915699 0.06666667014360428
0 0.7119791507720947 0.543055534362793 0.02916666679084301 0.06018518656492233
0 0.42916667461395264 0.7486110925674438 0.03958333283662796 0.043518517166376114
0 0.3255208432674408 0.7254629731178284 0.03437500074505806 0.06759259104728699
0 0.6734374761581421 0.7277777791023254 0.0364583320915699 0.07407407462596893
0 0.5755208134651184 0.4731481373310089 0.0364583320915699 0.10740740597248077
0 0.5731770992279053 0.645370364189148 0.05364583432674408 0.07592592388391495