1 0.0325520820915699 0.2527777850627899 0.01197916641831398 0.024074073880910873
1 0.3356770873069763 0.48148149251937866 0.01718750037252903 0.025925925001502037
1 0.5158854126930237 0.8856481313705444 0.02135416679084301 0.034259259700775146
1 0.01536458358168602 0.5263888835906982 0.01822916604578495 0.03055555559694767
1 0.04296875 0.2967592477798462 0.01718750037252903 0.026851851493120193
1 0.04583333432674408 0.38425925374031067 0.01770833320915699 0.02777777798473835
0 0.014583333395421505 0.18888889253139496 0.02916666679084301 0.040740739554166794
1 0.5583333373069763 0.8472222089767456 0.01770833320915699 0.031481482088565826
1 0.7174479365348816 0.717129647731781 0.02031249925494194 0.032407406717538834
1 0.3802083432674408 0.7254629731178284 0.01875000074505806 0.03055555559694767
1 0.5960937738418579 0.3490740656852722 0.01927083358168602 0.029629629105329514
0 0.5059896111488342 0.8925926089286804 0.04010416567325592 0.06666667014360428
1 0.55078125 0.32499998807907104 0.01927083358168602 0.035185184329748154
1 0.41328126192092896 0.6032407283782959 0.02031249925494194 0.026851851493120193
1 0.6343749761581421 0.7300925850868225 0.01979166641831398 0.028703704476356506
0 0.04479166492819786 0.3740740716457367 0.02916666679084301 0.07962962985038757
0 0.04010416567325592 0.31481480598449707 0.02604166604578495 0.07037036865949631
0 0.5643228888511658 0.32083332538604736 0.04322916641831398 0.049074072390794754
0 0.5731770992279053 0.8435184955596924 0.04010416567325592 0.04259259253740311
0 0.014583333395421505 0.5083333253860474 0.02812499925494194 0.0833333358168602
0 0.3309895694255829 0.45972222089767456 0.03593749925494194 0.08796296268701553
0 0.02213541604578495 0.2537037134170532 0.03697916492819786 0.05000000074505806
0 0.4151041805744171 0.574999988079071 0.03333333507180214 0.09259258955717087
0 0.7072916626930237 0.7370370626449585 0.046875 0.07777778059244156
0 0.606249988079071 0.37037035822868347 0.03333333507180214 0.07037036865949631
0 0.3841145932674408 0.7032407522201538 0.0338541679084301 0.09166666865348816
0 0.6361979246139526 0.7555555701255798 0.03177083283662796 0.08703703433275223