1 0.5239583253860474 0.4731481373310089 0.01979166641831398 0.031481482088565826
0 0.5218750238418579 0.47175925970077515 0.03229166567325592 0.11944444477558136
1 0.33281248807907104 0.3185185194015503 0.015625 0.025925925001502037
1 0.44713541865348816 0.4268518388271332 0.01614583283662796 0.029629629105329514
1 0.6127604246139526 0.4722222089767456 0.01614583283662796 0.031481482088565826
1 0.48515623807907104 0.39351850748062134 0.015104166232049465 0.02777777798473835
1 0.4361979067325592 0.6824073791503906 0.01614583283662796 0.025925925001502037
1 0.5322916507720947 0.40925925970077515 0.01770833320915699 0.025925925001502037
1 0.6617187261581421 0.3152777850627899 0.01718750037252903 0.03055555559694767
1 0.42890626192092896 0.3671296238899231 0.01927083358168602 0.03055555559694767
1 0.37890625 0.3967592716217041 0.01718750037252903 0.028703704476356506
0 0.5291666388511658 0.43611112236976624 0.02708333358168602 0.07222222536802292
1 0.30937498807907104 0.550000011920929 0.01770833320915699 0.025925925001502037
0 0.47473958134651184 0.4046296179294586 0.0390625 0.05000000074505806
1 0.4442708194255829 0.1944444477558136 0.015625 0.031481482088565826
0 0.6484375 0.3203703761100769 0.04270833358168602 0.06296296417713165
0 0.5179687738418579 0.49768519401550293 0.03072916716337204 0.06574074178934097
0 0.31067708134651184 0.5731481313705444 0.02760416641831398 0.08148147910833359
0 0.4351562559604645 0.442592591047287 0.03802083432674408 0.051851850003004074
0 0.3255208432674408 0.33379629254341125 0.03437500074505806 0.07314814627170563
0 0.3776041567325592 0.3717592656612396 0.03229166567325592 0.09537036716938019
0 0.6273437738418579 0.47777777910232544 0.05156249925494194 0.07407407462596893
0 0.43281251192092896 0.3430555462837219 0.03229166567325592 0.07870370149612427
0 0.43958333134651184 0.7032407522201538 0.03229166567325592 0.08981481194496155
0 0.4609375 0.19629628956317902 0.05104166641831398 0.06666667014360428