1 0.5385416746139526 0.1796296238899231 0.02187499962747097 0.03333333507180214
1 0.6361979246139526 0.6574074029922485 0.015104166232049465 0.02777777798473835
1 0.6070312261581421 0.7777777910232544 0.01718750037252903 0.025925925001502037
1 0.5197916626930237 0.16944444179534912 0.01666666753590107 0.031481482088565826
0 0.4036458432674408 0.8416666388511658 0.03125 0.040740739554166794
1 0.4229166805744171 0.8467592597007751 0.014583333395421505 0.02500000037252903
1 0.6148437261581421 0.32685184478759766 0.01718750037252903 0.02777777798473835
1 0.6361979246139526 0.2888889014720917 0.01822916604578495 0.02777777798473835
1 0.6505208611488342 0.6902777552604675 0.01875000074505806 0.03055555559694767
1 0.32083332538604736 0.710185170173645 0.01875000074505806 0.025925925001502037
0 0.643750011920929 0.6490740776062012 0.03854166716337204 0.10000000149011612
0 0.6302083134651184 0.2680555582046509 0.03437500074505806 0.07685185223817825
0 0.6533854007720947 0.6694444417953491 0.0234375 0.06851851940155029
1 0.38854166865348816 0.31018519401550293 0.01770833320915699 0.035185184329748154
1 0.42786458134651184 0.3828703761100769 0.01718750037252903 0.032407406717538834
1 0.6411458253860474 0.40231481194496155 0.01770833320915699 0.026851851493120193
1 0.5864583253860474 0.5356481671333313 0.01666666753590107 0.032407406717538834
3 0.6442708373069763 0.6518518328666687 0.04062499850988388 0.10740740597248077
0 0.5994791388511658 0.7976852059364319 0.02812499925494194 0.06759259104728699
0 0.5442708134651184 0.17916665971279144 0.02812499925494194 0.049074072390794754
0 0.6187499761581421 0.34861111640930176 0.02708333358168602 0.07685185223817825
0 0.41458332538604736 0.3916666805744171 0.046875 0.05740740895271301
0 0.573437511920929 0.5458333492279053 0.04583333432674408 0.06759259104728699
0 0.3747395873069763 0.31481480598449707 0.04739583283662796 0.06296296417713165
0 0.6497395634651184 0.4203703701496124 0.0390625 0.07777778059244156
0 0.3291666805744171 0.7324073910713196 0.03750000149011612 0.07592592388391495
0 0.5104166865348816 0.16388888657093048 0.03333333507180214 0.04814814776182175