0 0.5924479365348816 0.8449074029922485 0.02239583246409893 0.05277777835726738
1 0.5882812738418579 0.8282407522201538 0.01614583283662796 0.02500000037252903
1 0.5463541746139526 0.1578703671693802 0.01770833320915699 0.03055555559694767
1 0.32473957538604736 0.29907408356666565 0.01822916604578495 0.02777777798473835
1 0.5260416865348816 0.15138888359069824 0.01979166641831398 0.03055555559694767
1 0.44713541865348816 0.43194442987442017 0.01718750037252903 0.03055555559694767
1 0.3661458194255829 0.2083333283662796 0.015625 0.025925925001502037
1 0.6713541746139526 0.31481480598449707 0.01770833320915699 0.029629629105329514
1 0.28515625 0.45092591643333435 0.01718750037252903 0.025925925001502037
1 0.3335937559604645 0.4712963104248047 0.01822916604578495 0.025925925001502037
1 0.647656261920929 0.512499988079071 0.01822916604578495 0.028703704476356506
1 0.38723957538604736 0.4375 0.01614583283662796 0.028703704476356506
0 0.3179687559604645 0.31388887763023376 0.03177083283662796 0.06851851940155029
1 0.37187498807907104 0.3722222149372101 0.01770833320915699 0.024074073880910873
1 0.5752604007720947 0.18333333730697632 0.01822916604578495 0.02777777798473835
1 0.4351562559604645 0.24537037312984467 0.01822916604578495 0.03333333507180214
0 0.3968749940395355 0.41620370745658875 0.03750000149011612 0.07685185223817825
0 0.5513020753860474 0.15416666865348816 0.02760416641831398 0.04537037014961243
0 0.4489583373069763 0.40648147463798523 0.03020833246409893 0.0962962955236435
0 0.3343749940395355 0.43796294927597046 0.03125 0.09074074029922485
0 0.2890625 0.42500001192092896 0.03541666641831398 0.08148147910833359
0 0.3557291626930237 0.2240740805864334 0.03437500074505806 0.07222222536802292
0 0.6533854007720947 0.5375000238418579 0.0338541679084301 0.09166666865348816
0 0.3726562559604645 0.34583333134651184 0.02968749962747097 0.09166666865348816
0 0.6791666746139526 0.3342592716217041 0.03229166567325592 0.08518518507480621
0 0.5119791626930237 0.14212962985038757 0.04374999925494194 0.05092592537403107
0 0.42239582538604736 0.25462964177131653 0.04583333432674408 0.05925925821065903
0 0.5893229246139526 0.2004629671573639 0.04010416567325592 0.06018518656492233