1 0.5841146111488342 0.21944443881511688 0.01406249962747097 0.020370369777083397
1 0.3856770694255829 0.6708333492279053 0.01822916604578495 0.026851851493120193
3 0.600781261920929 0.23888888955116272 0.04010416567325592 0.10555555671453476
1 0.649218738079071 0.33703702688217163 0.015104166232049465 0.029629629105329514
1 0.6440104246139526 0.4740740656852722 0.01718750037252903 0.024074073880910873
1 0.3179687559604645 0.4314814805984497 0.01822916604578495 0.025925925001502037
1 0.36536458134651184 0.782870352268219 0.01718750037252903 0.02500000037252903
1 0.6408854126930237 0.644444465637207 0.015104166232049465 0.029629629105329514
1 0.612500011920929 0.28333333134651184 0.015625 0.025925925001502037
1 0.3726562559604645 0.31805557012557983 0.01822916604578495 0.03611111268401146
1 0.3330729305744171 0.46388888359069824 0.01822916604578495 0.025925925001502037
1 0.6143229007720947 0.5180555582046509 0.015104166232049465 0.028703704476356506
0 0.6273437738418579 0.6324074268341064 0.04114583507180214 0.06666667014360428
1 0.6026041507720947 0.34166666865348816 0.015625 0.03333333507180214
0 0.578125 0.2023148089647293 0.03229166567325592 0.05648148059844971
0 0.604687511920929 0.26342591643333435 0.03437500074505806 0.06574074178934097
0 0.6265624761581421 0.5263888835906982 0.04479166492819786 0.05833333358168602
0 0.6401041746139526 0.44490739703178406 0.02812499925494194 0.07870370149612427
0 0.38880208134651184 0.6490740776062012 0.03697916492819786 0.0833333358168602
0 0.6591145992279053 0.6875 0.02552083320915699 0.05462963134050369
0 0.37109375 0.7574074268341064 0.03281249850988388 0.0833333358168602
0 0.6575520634651184 0.3333333432674408 0.03281249850988388 0.05925925821065903
0 0.5869791507720947 0.33657407760620117 0.04583333432674408 0.06388889253139496
0 0.3190104067325592 0.3986110985279083 0.02968749962747097 0.07870370149612427
0 0.3583333194255829 0.3115740716457367 0.04479166492819786 0.06018518656492233
0 0.3343749940395355 0.4912036955356598 0.02916666679084301 0.08796296268701553