0 0.6171296238899231 0.3899371027946472 0.03981481492519379 0.02358490601181984
0 0.31296294927597046 0.4705188572406769 0.07962962985038757 0.032232705503702164
0 0.3273148238658905 0.28852200508117676 0.034259259700775146 0.025157231837511063
3 0.6203703880310059 0.4170597493648529 0.04814814776182175 0.07311321049928665
0 0.5763888955116272 0.30110064148902893 0.06759259104728699 0.04088050499558449
0 0.32685184478759766 0.2625786066055298 0.03333333507180214 0.025157231837511063
1 0.5254629850387573 0.3046383559703827 0.026851851493120193 0.02437106892466545
1 0.28935185074806213 0.4705188572406769 0.02500000037252903 0.019654087722301483
1 0.3236111104488373 0.26139935851097107 0.02500000037252903 0.019654087722301483
0 0.4958333373069763 0.2983490526676178 0.08055555820465088 0.04009433835744858
0 0.6222222447395325 0.4174528419971466 0.046296294778585434 0.06603773683309555
1 0.6203703880310059 0.38718554377555847 0.02777777798473835 0.016509434208273888
1 0.24953703582286835 0.5267295837402344 0.03055555559694767 0.022012578323483467
0 0.3273148238658905 0.31564465165138245 0.043518517166376114 0.06682389974594116
1 0.45787036418914795 0.3801100552082062 0.032407406717538834 0.02279874123632908
1 0.6004629731178284 0.2908805012702942 0.02500000037252903 0.01886792480945587
1 0.09074074029922485 0.5055031180381775 0.035185184329748154 0.025157231837511063
1 0.11666666716337204 0.3608490526676178 0.029629629105329514 0.025157231837511063
1 0.16018518805503845 0.5644654035568237 0.03333333507180214 0.02358490601181984
1 0.5759259462356567 0.2688679099082947 0.025925925001502037 0.020440252497792244
1 0.6662036776542664 0.27437105774879456 0.028703704476356506 0.01886792480945587
1 0.6634259223937988 0.5475628972053528 0.03055555559694767 0.021226415410637856
0 0.3782407343387604 0.32429245114326477 0.04722222313284874 0.06367924809455872
1 0.41435185074806213 0.5845125913619995 0.03611111268401146 0.025943396613001823
1 0.3810185194015503 0.3419811427593231 0.028703704476356506 0.01886792480945587
0 0.23379629850387573 0.5086477994918823 0.06759259104728699 0.06446541100740433
0 0.6458333134651184 0.5680031180381775 0.06759259104728699 0.06682389974594116
1 0.1875 0.4433962404727936 0.034259259700775146 0.022012578323483467
0 0.668055534362793 0.30227985978126526 0.04537037014961243 0.06053459271788597
0 0.35879629850387573 0.2586477994918823 0.0824074074625969 0.033018868416547775
0 0.4027777910232544 0.5573899149894714 0.05000000074505806 0.069182388484478
0 0.6018518805503845 0.25982704758644104 0.07592592388391495 0.03537735715508461
0 0.4782407283782959 0.3962264060974121 0.06759259104728699 0.05817610025405884
0 0.15231481194496155 0.5428459048271179 0.05277777835726738 0.06682389974594116
0 0.12916666269302368 0.3694968521595001 0.06574074178934097 0.050314463675022125
0 0.18796296417713165 0.42610064148902893 0.051851850003004074 0.06132075563073158
0 0.09537036716938019 0.48781445622444153 0.05370370298624039 0.06682389974594116