1 0.7091146111488342 0.5861111283302307 0.015104166232049465 0.02777777798473835
1 0.49921876192092896 0.8870370388031006 0.01822916604578495 0.03333333507180214
1 0.36250001192092896 0.5703703761100769 0.01354166679084301 0.029629629105329514
1 0.7164062261581421 0.7152777910232544 0.01927083358168602 0.026851851493120193
1 0.01536458358168602 0.5273148417472839 0.01822916604578495 0.028703704476356506
1 0.3869791626930237 0.6240741014480591 0.015625 0.031481482088565826
1 0.4164062440395355 0.5486111044883728 0.013020833022892475 0.034259259700775146
1 0.0455729179084301 0.385185182094574 0.015104166232049465 0.024074073880910873
1 0.5213541388511658 0.8537036776542664 0.02083333395421505 0.031481482088565826
1 0.03437500074505806 0.2606481611728668 0.012500000186264515 0.026851851493120193
1 0.632031261920929 0.7226851582527161 0.01927083358168602 0.026851851493120193
0 0.014322916977107525 0.1893518567085266 0.02864583395421505 0.043518517166376114
1 0.46692708134651184 0.47268518805503845 0.01822916604578495 0.034259259700775146
1 0.7278645634651184 0.6384259462356567 0.01927083358168602 0.03055555559694767
1 0.4710937440395355 0.7199074029922485 0.01927083358168602 0.034259259700775146
0 0.014322916977107525 0.5106481313705444 0.02864583395421505 0.07685185223817825
0 0.40442708134651184 0.5504629611968994 0.04635416716337204 0.06574074178934097
0 0.02421874925494194 0.25462964177131653 0.03802083432674408 0.05740740895271301
0 0.34687501192092896 0.5550925731658936 0.04479166492819786 0.07129629701375961
0 0.6343749761581421 0.7476851940155029 0.03125 0.09351851791143417
0 0.7143229246139526 0.729629635810852 0.0338541679084301 0.06666667014360428
0 0.3739583194255829 0.6287037134170532 0.046875 0.05925925821065903
0 0.046875 0.3731481432914734 0.03020833246409893 0.07037036865949631
0 0.5239583253860474 0.8763889074325562 0.02916666679084301 0.07870370149612427
0 0.696093738079071 0.5962963104248047 0.05052083358168602 0.07222222536802292
0 0.02630208246409893 0.44212964177131653 0.04218750074505806 0.07129629701375961
0 0.48255208134651184 0.7037037014961243 0.04843749850988388 0.07962962985038757
0 0.4544270932674408 0.4625000059604645 0.0494791679084301 0.07314814627170563
0 0.733593761920929 0.6217592358589172 0.03072916716337204 0.0824074074625969