3 0.6252604126930237 0.7314814925193787 0.04322916641831398 0.05370370298624039
0 0.6119791865348816 0.7907407283782959 0.02916666679084301 0.04814814776182175
1 0.6539062261581421 0.6486111283302307 0.01822916604578495 0.028703704476356506
1 0.5552083253860474 0.7333333492279053 0.01666666753590107 0.029629629105329514
1 0.6401041746139526 0.5824074149131775 0.01666666753590107 0.025925925001502037
1 0.3916666805744171 0.21481481194496155 0.01666666753590107 0.02777777798473835
1 0.6130208373069763 0.7199074029922485 0.015625 0.028703704476356506
1 0.3330729305744171 0.4782407283782959 0.01927083358168602 0.026851851493120193
1 0.5934895873069763 0.43101853132247925 0.01718750037252903 0.026851851493120193
1 0.3031249940395355 0.3898148238658905 0.01875000074505806 0.029629629105329514
1 0.5419270992279053 0.17777778208255768 0.01718750037252903 0.029629629105329514
0 0.6255208253860474 0.7314814925193787 0.04062499850988388 0.05370370298624039
1 0.65234375 0.4157407283782959 0.01822916604578495 0.029629629105329514
1 0.4088541567325592 0.29305556416511536 0.02083333395421505 0.028703704476356506
0 0.40182292461395264 0.19907407462596893 0.04010416567325592 0.06296296417713165
1 0.37291666865348816 0.37962964177131653 0.01875000074505806 0.029629629105329514
0 0.29505208134651184 0.41018518805503845 0.03489583358168602 0.07592592388391495
0 0.6424478888511658 0.5578703880310059 0.03177083283662796 0.09537036716938019
0 0.33411458134651184 0.5055555701255798 0.03281249850988388 0.08888889104127884
0 0.6432291865348816 0.4305555522441864 0.03958333283662796 0.07037036865949631
0 0.5986979007720947 0.4055555462837219 0.03072916716337204 0.08518518507480621
0 0.5403645634651184 0.729629635810852 0.04843749850988388 0.051851850003004074
0 0.528124988079071 0.1726851910352707 0.04374999925494194 0.05462963134050369
0 0.663281261920929 0.6564815044403076 0.0390625 0.05925925821065903
0 0.4111979305744171 0.3236111104488373 0.02864583395421505 0.09537036716938019
0 0.3697916567325592 0.3513889014720917 0.03125 0.08981481194496155