1 0.5143229365348816 0.7379629611968994 0.01927083358168602 0.024074073880910873
1 0.6664062738418579 0.2805555462837219 0.01822916604578495 0.025925925001502037
3 0.6627604365348816 0.24074074625968933 0.04010416567325592 0.06296296417713165
3 0.4880208373069763 0.7842592597007751 0.05312500149011612 0.08148147910833359
3 0.6640625 0.260185182094574 0.05312500149011612 0.08888889104127884
1 0.53125 0.7467592358589172 0.015625 0.026851851493120193
1 0.4674479067325592 0.8296296000480652 0.015104166232049465 0.029629629105329514
0 0.4742187559604645 0.8189814686775208 0.03177083283662796 0.04537037014961243
3 0.5135416388511658 0.7333333492279053 0.05520833283662796 0.10185185074806213
1 0.6315104365348816 0.6439814567565918 0.01718750037252903 0.028703704476356506
3 0.5591145753860474 0.7300925850868225 0.06822916865348816 0.07129629701375961
1 0.5588541626930237 0.5342592597007751 0.015625 0.031481482088565826
0 0.5453125238418579 0.7425925731658936 0.03958333283662796 0.04259259253740311
1 0.4463541805744171 0.6759259104728699 0.01770833320915699 0.02777777798473835
1 0.31640625 0.6166666746139526 0.01718750037252903 0.025925925001502037
0 0.625 0.25231480598449707 0.03854166716337204 0.05092592537403107
1 0.6138020753860474 0.2439814805984497 0.01614583283662796 0.028703704476356506
0 0.6781250238418579 0.30000001192092896 0.03750000149011612 0.051851850003004074
0 0.4973958432674408 0.7736111283302307 0.03333333507180214 0.05277777835726738
0 0.5755208134651184 0.7162036895751953 0.03437500074505806 0.04722222313284874
0 0.5218750238418579 0.7166666388511658 0.02916666679084301 0.07222222536802292
0 0.3125 0.5939815044403076 0.03020833246409893 0.08611111342906952
0 0.6403645873069763 0.6606481671333313 0.03697916492819786 0.06759259104728699
0 0.5703125 0.5240740776062012 0.04062499850988388 0.06851851940155029
0 0.45494791865348816 0.6587963104248047 0.03802083432674408 0.07314814627170563