0 0.04218750074505806 0.34166666865348816 0.02812499925494194 0.11296296119689941
1 0.4346354305744171 0.8689814805984497 0.01614583283662796 0.034259259700775146
1 0.44713541865348816 0.8527777791023254 0.01718750037252903 0.02777777798473835
1 0.4013020694255829 0.8055555820465088 0.015104166232049465 0.020370369777083397
3 0.40052083134651184 0.822685182094574 0.07187499850988388 0.0824074074625969
1 0.04348958283662796 0.2967592477798462 0.01718750037252903 0.026851851493120193
0 0.49947917461395264 0.8999999761581421 0.02291666716337204 0.051851850003004074
1 0.01536458358168602 0.5259259343147278 0.01822916604578495 0.029629629105329514
1 0.4020833373069763 0.2569444477558136 0.015625 0.03055555559694767
1 0.0455729179084301 0.38425925374031067 0.01822916604578495 0.02777777798473835
0 0.014843749813735485 0.18981482088565826 0.02864583395421505 0.03703703731298447
1 0.44843751192092896 0.29490742087364197 0.01666666753590107 0.03055555559694767
1 0.557812511920929 0.48657408356666565 0.01770833320915699 0.028703704476356506
1 0.6622396111488342 0.7962962985038757 0.01614583283662796 0.02777777798473835
1 0.03541666641831398 0.23055554926395416 0.012500000186264515 0.02222222276031971
1 0.34453123807907104 0.41111111640930176 0.01822916604578495 0.025925925001502037
0 0.04531250149011612 0.3717592656612396 0.02604166604578495 0.07500000298023224
1 0.3958333432674408 0.8305555582046509 0.02083333395421505 0.031481482088565826
1 0.5809895992279053 0.6134259104728699 0.01822916604578495 0.034259259700775146
0 0.421875 0.862500011920929 0.03854166716337204 0.04722222313284874
0 0.45885416865348816 0.8361111283302307 0.04062499850988388 0.051851850003004074
0 0.01406249962747097 0.5078703761100769 0.02708333358168602 0.07870370149612427
0 0.38619792461395264 0.8074073791503906 0.04010416567325592 0.06296296417713165
0 0.5690104365348816 0.5018518567085266 0.04322916641831398 0.07962962985038757
0 0.0416666679084301 0.3134259283542633 0.02395833283662796 0.06759259104728699
0 0.3414062559604645 0.39120370149612427 0.0338541679084301 0.08055555820465088
0 0.03098958358168602 0.24351851642131805 0.02968749962747097 0.0555555559694767
0 0.6721354126930237 0.8078703880310059 0.03593749925494194 0.06388889253139496
0 0.3919270932674408 0.2666666805744171 0.03802083432674408 0.06666667014360428
0 0.4606770873069763 0.28333333134651184 0.04010416567325592 0.06666667014360428
0 0.5679687261581421 0.6236110925674438 0.05052083358168602 0.07129629701375961