0 0.49947917461395264 0.8972222208976746 0.02187499962747097 0.06296296417713165
1 0.66015625 0.7972221970558167 0.01406249962747097 0.025925925001502037
0 0.04192708432674408 0.3421296179294586 0.02864583395421505 0.11388888955116272
1 0.04296875 0.2967592477798462 0.01718750037252903 0.026851851493120193
0 0.6518229246139526 0.8476851582527161 0.02760416641831398 0.05092592537403107
0 0.6682291626930237 0.8041666746139526 0.03020833246409893 0.037962961941957474
1 0.01536458358168602 0.5259259343147278 0.01822916604578495 0.029629629105329514
1 0.36927083134651184 0.7504629492759705 0.01770833320915699 0.028703704476356506
0 0.49687498807907104 0.8699073791503906 0.03125 0.06203703582286835
1 0.44479167461395264 0.8597221970558167 0.01666666753590107 0.03055555559694767
1 0.04583333432674408 0.385185182094574 0.01875000074505806 0.02777777798473835
0 0.04531250149011612 0.3722222149372101 0.02604166604578495 0.07592592388391495
0 0.014322916977107525 0.1893518567085266 0.02864583395421505 0.03611111268401146
1 0.38984376192092896 0.7337962985038757 0.01927083358168602 0.028703704476356506
1 0.03515625 0.2300925999879837 0.01197916641831398 0.021296296268701553
1 0.573437511920929 0.6694444417953491 0.01770833320915699 0.03333333507180214
1 0.5367187261581421 0.8736110925674438 0.01718750037252903 0.026851851493120193
1 0.5609375238418579 0.18472221493721008 0.01875000074505806 0.03611111268401146
0 0.5322916507720947 0.8888888955116272 0.02395833283662796 0.0555555559694767
3 0.6611979007720947 0.8282407522201538 0.04635416716337204 0.08981481194496155
0 0.01406249962747097 0.5078703761100769 0.02708333358168602 0.08055555820465088
0 0.45364582538604736 0.8472222089767456 0.0364583320915699 0.051851850003004074
0 0.04114583507180214 0.3134259283542633 0.02395833283662796 0.06759259104728699
0 0.03098958358168602 0.2439814805984497 0.02864583395421505 0.05462963134050369
0 0.5635416507720947 0.6574074029922485 0.04583333432674408 0.07037036865949631
0 0.36145833134651184 0.7675926089286804 0.03125 0.06666667014360428
0 0.40234375 0.7180555462837219 0.0442708320915699 0.0694444477558136
0 0.546875 0.17777778208255768 0.0520833320915699 0.06851851940155029