1 0.40182292461395264 0.20555555820465088 0.02135416679084301 0.029629629105329514
1 0.39453125 0.20462962985038757 0.01614583283662796 0.029629629105329514
1 0.5239583253860474 0.255092591047287 0.01666666753590107 0.032407406717538834
1 0.4997395873069763 0.22962963581085205 0.01614583283662796 0.029629629105329514
1 0.2916666567325592 0.510185182094574 0.01875000074505806 0.02777777798473835
3 0.5893229246139526 0.8180555701255798 0.0390625 0.05833333358168602
0 0.5888020992279053 0.8162037134170532 0.03697916492819786 0.05277777835726738
1 0.54296875 0.6467592716217041 0.01614583283662796 0.032407406717538834
1 0.3544270694255829 0.7351852059364319 0.015104166232049465 0.02777777798473835
1 0.49921876192092896 0.5166666507720947 0.01718750037252903 0.02777777798473835
1 0.3252604305744171 0.4810185134410858 0.01822916604578495 0.02500000037252903
1 0.518750011920929 0.3282407522201538 0.01770833320915699 0.026851851493120193
1 0.6401041746139526 0.6583333611488342 0.015625 0.03333333507180214
1 0.5736979246139526 0.44212964177131653 0.01822916604578495 0.03055555559694767
0 0.4242187440395355 0.20000000298023224 0.03802083432674408 0.04814814776182175
0 0.4856770932674408 0.22268518805503845 0.04218750074505806 0.043518517166376114
0 0.5388020873069763 0.26249998807907104 0.04322916641831398 0.04537037014961243
0 0.508593738079071 0.34768518805503845 0.04010416567325592 0.06759259104728699
0 0.3322916626930237 0.4541666805744171 0.03437500074505806 0.08796296268701553
0 0.4921875 0.5402777791023254 0.03437500074505806 0.08055555820465088
0 0.2953124940395355 0.5370370149612427 0.03229166567325592 0.0833333358168602
0 0.58203125 0.42500001192092896 0.0390625 0.06851851940155029
0 0.3934895694255829 0.2240740805864334 0.01927083358168602 0.07037036865949631
0 0.6265624761581421 0.6685185432434082 0.04583333432674408 0.06666667014360428
0 0.5276041626930237 0.6467592716217041 0.046875 0.06203703582286835
0 0.3697916567325592 0.7208333611488342 0.04791666567325592 0.07314814627170563