3 0.510937511920929 0.8185185194015503 0.04583333432674408 0.04259259253740311
3 0.48124998807907104 0.8180555701255798 0.05312500149011612 0.06388889253139496
1 0.4619791805744171 0.832870364189148 0.01666666753590107 0.026851851493120193
1 0.620312511920929 0.47175925970077515 0.015625 0.02500000037252903
1 0.4950520694255829 0.824999988079071 0.015104166232049465 0.029629629105329514
1 0.5549479126930237 0.42592594027519226 0.01406249962747097 0.02777777798473835
0 0.5140625238418579 0.8199074268341064 0.03750000149011612 0.04537037014961243
0 0.5033854246139526 0.8819444179534912 0.03489583358168602 0.03981481492519379
1 0.5625 0.5249999761581421 0.014583333395421505 0.025925925001502037
1 0.586718738079071 0.2768518626689911 0.01822916604578495 0.02777777798473835
1 0.578125 0.5990740656852722 0.015625 0.02777777798473835
1 0.6460937261581421 0.4037036895751953 0.01822916604578495 0.029629629105329514
1 0.6864583492279053 0.7152777910232544 0.01770833320915699 0.026851851493120193
0 0.555468738079071 0.8745370507240295 0.02760416641831398 0.03611111268401146
0 0.5723958611488342 0.5152778029441833 0.03958333283662796 0.049074072390794754
0 0.628125011920929 0.45277777314186096 0.03333333507180214 0.06296296417713165
0 0.5846354365348816 0.5833333134651184 0.03072916716337204 0.06666667014360428
0 0.5966145992279053 0.2578703761100769 0.03802083432674408 0.06574074178934097
0 0.5635416507720947 0.40925925970077515 0.0364583320915699 0.07962962985038757
0 0.6802083253860474 0.7347221970558167 0.0364583320915699 0.06759259104728699
0 0.6041666865348816 0.5249999761581421 0.02500000037252903 0.06111111119389534
0 0.65234375 0.38148146867752075 0.03281249850988388 0.06851851940155029