1 0.3773437440395355 0.7888888716697693 0.015104166232049465 0.029629629105329514
1 0.3958333432674408 0.8166666626930237 0.01666666753590107 0.031481482088565826
0 0.3369791805744171 0.7226851582527161 0.02083333395421505 0.0416666679084301
1 0.4117187559604645 0.7388888597488403 0.015104166232049465 0.031481482088565826
1 0.6304687261581421 0.6569444537162781 0.01406249962747097 0.028703704476356506
1 0.6802083253860474 0.4495370388031006 0.015625 0.023148147389292717
1 0.664843738079071 0.3787037134170532 0.01614583283662796 0.024074073880910873
1 0.4151041805744171 0.635185182094574 0.01666666753590107 0.02777777798473835
1 0.40546876192092896 0.4773148000240326 0.01822916604578495 0.02500000037252903
1 0.30078125 0.6393518447875977 0.015104166232049465 0.023148147389292717
0 0.39505207538604736 0.8138889074325562 0.02135416679084301 0.05370370298624039
0 0.32109373807907104 0.6865741014480591 0.03072916716337204 0.04722222313284874
0 0.36640626192092896 0.7847222089767456 0.03593749925494194 0.03981481492519379
0 0.6791666746139526 0.42592594027519226 0.02500000037252903 0.06481481343507767
0 0.3726562559604645 0.7282407283782959 0.03177083283662796 0.06574074178934097
0 0.6377604007720947 0.6407407522201538 0.03593749925494194 0.07592592388391495
0 0.42395833134651184 0.7453703880310059 0.04374999925494194 0.0555555559694767
0 0.657031238079071 0.3541666567325592 0.03177083283662796 0.06759259104728699
0 0.4072916805744171 0.5009258985519409 0.02812499925494194 0.0833333358168602
0 0.3018229305744171 0.6171296238899231 0.02864583395421505 0.0824074074625969
0 0.40546876192092896 0.6208333373069763 0.04114583507180214 0.07314814627170563