1 0.5015624761581421 0.16712963581085205 0.01875000074505806 0.03055555559694767
1 0.5270833373069763 0.29120370745658875 0.015625 0.03055555559694767
1 0.3882812559604645 0.7199074029922485 0.01614583283662796 0.026851851493120193
1 0.3763020932674408 0.3592592477798462 0.01927083358168602 0.02777777798473835
1 0.3005208373069763 0.3671296238899231 0.01875000074505806 0.02500000037252903
1 0.589062511920929 0.5041666626930237 0.01666666753590107 0.026851851493120193
1 0.4442708194255829 0.24722221493721008 0.015625 0.031481482088565826
1 0.600781261920929 0.6194444298744202 0.01822916604578495 0.029629629105329514
1 0.42916667461395264 0.18379630148410797 0.015625 0.026851851493120193
1 0.6143229007720947 0.7731481194496155 0.01718750037252903 0.02777777798473835
1 0.6627604365348816 0.667129635810852 0.01927083358168602 0.026851851493120193
1 0.5601562261581421 0.3087962865829468 0.01822916604578495 0.032407406717538834
1 0.6268228888511658 0.27314814925193787 0.01614583283662796 0.025925925001502037
0 0.49401041865348816 0.1666666716337204 0.03177083283662796 0.03888889029622078
0 0.5143229365348816 0.3097222149372101 0.03802083432674408 0.07129629701375961
0 0.6598958373069763 0.6888889074325562 0.02916666679084301 0.06851851940155029
0 0.5533854365348816 0.2944444417953491 0.02864583395421505 0.06481481343507767
0 0.6059895753860474 0.792129635810852 0.03489583358168602 0.06759259104728699
0 0.44088542461395264 0.17037037014961243 0.0390625 0.05370370298624039
0 0.6377604007720947 0.28796297311782837 0.03489583358168602 0.06481481343507767
0 0.3072916567325592 0.3430555462837219 0.03229166567325592 0.07314814627170563
0 0.598437488079071 0.4851851761341095 0.03958333283662796 0.07592592388391495
0 0.5927083492279053 0.5995370149612427 0.03958333283662796 0.07870370149612427
0 0.43177083134651184 0.25 0.04270833358168602 0.05000000074505806
0 0.3736979067325592 0.3333333432674408 0.02968749962747097 0.09259258955717087
0 0.38619792461395264 0.6944444179534912 0.03177083283662796 0.09074074029922485