1 0.34583333134651184 0.7097222208976746 0.01770833320915699 0.026851851493120193
1 0.6351562738418579 0.8537036776542664 0.01614583283662796 0.029629629105329514
1 0.04348958283662796 0.2967592477798462 0.01718750037252903 0.026851851493120193
3 0.6356770992279053 0.8537036776542664 0.0755208358168602 0.06851851940155029
1 0.680468738079071 0.772685170173645 0.01822916604578495 0.026851851493120193
0 0.4989583194255829 0.8981481194496155 0.02083333395421505 0.05000000074505806
1 0.01536458358168602 0.5263888835906982 0.01822916604578495 0.028703704476356506
1 0.582812488079071 0.8740741014480591 0.01979166641831398 0.03333333507180214
1 0.04583333432674408 0.3847222328186035 0.01770833320915699 0.026851851493120193
1 0.37447917461395264 0.7865740656852722 0.01666666753590107 0.032407406717538834
0 0.6208333373069763 0.8652777671813965 0.02812499925494194 0.04722222313284874
0 0.014583333395421505 0.18888889253139496 0.02916666679084301 0.03703703731298447
0 0.5914062261581421 0.8847222328186035 0.03697916492819786 0.05092592537403107
1 0.03541666641831398 0.22962963581085205 0.012500000186264515 0.02222222276031971
1 0.6109374761581421 0.20416666567325592 0.01875000074505806 0.028703704476356506
1 0.4893229305744171 0.7800925970077515 0.01718750037252903 0.028703704476356506
0 0.04505208507180214 0.3722222149372101 0.02656250074505806 0.07777778059244156
1 0.46276041865348816 0.35277777910232544 0.02135416679084301 0.02777777798473835
0 0.6486979126930237 0.8439815044403076 0.03802083432674408 0.049074072390794754
0 0.01406249962747097 0.5078703761100769 0.02708333358168602 0.08055555820465088
0 0.6817708611488342 0.7842592597007751 0.02604166604578495 0.05740740895271301
0 0.0416666679084301 0.3134259283542633 0.02395833283662796 0.06759259104728699
0 0.03098958358168602 0.2430555522441864 0.02968749962747097 0.05462963134050369
0 0.610156238079071 0.2291666716337204 0.02760416641831398 0.08055555820465088
0 0.34062498807907104 0.6949074268341064 0.03541666641831398 0.0824074074625969
0 0.4635416567325592 0.32685184478759766 0.02916666679084301 0.08518518507480621
0 0.4932291805744171 0.7532407641410828 0.03229166567325592 0.09166666865348816
0 0.38749998807907104 0.7912036776542664 0.05000000074505806 0.07685185223817825