1 0.4971354305744171 0.887499988079071 0.0234375 0.034259259700775146
1 0.04348958283662796 0.2967592477798462 0.01718750037252903 0.026851851493120193
1 0.5643228888511658 0.8888888955116272 0.01822916604578495 0.02777777798473835
0 0.5052083134651184 0.9023148417472839 0.03541666641831398 0.05648148059844971
1 0.015104166232049465 0.5263888835906982 0.01770833320915699 0.028703704476356506
1 0.0455729179084301 0.3856481611728668 0.01822916604578495 0.026851851493120193
1 0.5020833611488342 0.41296297311782837 0.01875000074505806 0.03333333507180214
0 0.014583333395421505 0.1893518567085266 0.02812499925494194 0.037962961941957474
1 0.4437499940395355 0.4027777910232544 0.01770833320915699 0.035185184329748154
1 0.03541666641831398 0.22870370745658875 0.012500000186264515 0.02222222276031971
1 0.55859375 0.7087963223457336 0.01822916604578495 0.032407406717538834
0 0.04531250149011612 0.3722222149372101 0.02604166604578495 0.07777778059244156
1 0.65234375 0.8296296000480652 0.01718750037252903 0.03333333507180214
1 0.4351562559604645 0.6731481552124023 0.02031249925494194 0.035185184329748154
1 0.49661457538604736 0.6643518805503845 0.01718750037252903 0.03055555559694767
1 0.5953124761581421 0.35740742087364197 0.02083333395421505 0.029629629105329514
0 0.4885416626930237 0.4046296179294586 0.046875 0.0555555559694767
0 0.43020832538604736 0.40416666865348816 0.04583333432674408 0.05648148059844971
0 0.014322916977107525 0.5083333253860474 0.02760416641831398 0.07962962985038757
0 0.5703125 0.9041666388511658 0.03125 0.05092592537403107
0 0.44739583134651184 0.6703703999519348 0.0520833320915699 0.05370370298624039
0 0.03072916716337204 0.24259258806705475 0.02916666679084301 0.0555555559694767
0 0.04140625149011612 0.31296294927597046 0.02447916753590107 0.06851851940155029
0 0.6664062738418579 0.824999988079071 0.04322916641831398 0.05925925821065903
0 0.5940104126930237 0.3324074149131775 0.02864583395421505 0.08703703433275223
0 0.5101562738418579 0.6634259223937988 0.04635416716337204 0.05462963134050369
0 0.5645833611488342 0.7287036776542664 0.03333333507180214 0.08148147910833359