1 0.6776041388511658 0.6689814925193787 0.01875000074505806 0.03055555559694767
1 0.6390625238418579 0.7546296119689941 0.01770833320915699 0.029629629105329514
1 0.6976562738418579 0.4583333432674408 0.01718750037252903 0.024074073880910873
0 0.34817707538604736 0.7134259343147278 0.02656250074505806 0.04537037014961243
1 0.7002604007720947 0.520370364189148 0.015104166232049465 0.020370369777083397
1 0.5080729126930237 0.6101852059364319 0.015104166232049465 0.025925925001502037
1 0.5354166626930237 0.730555534362793 0.014583333395421505 0.02222222276031971
1 0.6854166388511658 0.38935184478759766 0.01354166679084301 0.021296296268701553
1 0.6458333134651184 0.6541666388511658 0.01666666753590107 0.02500000037252903
1 0.5036458373069763 0.7509258985519409 0.01354166679084301 0.024074073880910873
0 0.7005208134651184 0.539814829826355 0.02395833283662796 0.06111111119389534
1 0.555468738079071 0.8300926089286804 0.01406249962747097 0.02500000037252903
1 0.5614583492279053 0.5962963104248047 0.014583333395421505 0.02777777798473835
0 0.6773437261581421 0.6810185313224792 0.02864583395421505 0.06388889253139496
0 0.647656261920929 0.6736111044883728 0.02656250074505806 0.07685185223817825
0 0.5020833611488342 0.6287037134170532 0.0364583320915699 0.07222222536802292
0 0.33932292461395264 0.697685182094574 0.04843749850988388 0.09166666865348816
0 0.6895833611488342 0.36342594027519226 0.02812499925494194 0.08425925672054291
0 0.6429687738418579 0.7462962865829468 0.02864583395421505 0.05740740895271301
0 0.6976562738418579 0.46898147463798523 0.0338541679084301 0.06203703582286835
0 0.5145833492279053 0.7648147940635681 0.03333333507180214 0.051851850003004074
0 0.5445312261581421 0.7166666388511658 0.03489583358168602 0.0555555559694767
0 0.5716145634651184 0.5837963223457336 0.04218750074505806 0.0694444477558136
0 0.5411458611488342 0.8444444537162781 0.04270833358168602 0.05370370298624039