4 0.35972222685813904 0.4441823959350586 0.07870370149612427 0.05974842607975006
0 0.28425925970077515 0.38639935851097107 0.06666667014360428 0.04009433835744858
0 0.3291666805744171 0.45440250635147095 0.037962961941957474 0.028301887214183807
1 0.4226851761341095 0.2700471580028534 0.026851851493120193 0.02279874123632908
1 0.322685182094574 0.4567610025405884 0.021296296268701553 0.020440252497792244
1 0.6861110925674438 0.5585691928863525 0.020370369777083397 0.02279874123632908
0 0.3638888895511627 0.284984290599823 0.04444444552063942 0.05896226316690445
1 0.36064815521240234 0.25275155901908875 0.03055555559694767 0.021226415410637856
1 0.4574074149131775 0.276729553937912 0.035185184329748154 0.02358490601181984
0 0.30416667461395264 0.2971698045730591 0.06203703582286835 0.0487421378493309
1 0.25925925374031067 0.464229553937912 0.02777777798473835 0.02279874123632908
1 0.5162037014961243 0.31485849618911743 0.03055555559694767 0.02437106892466545
1 0.26759257912635803 0.39268869161605835 0.02777777798473835 0.021226415410637856
3 0.2888889014720917 0.2932389974594116 0.0962962955236435 0.05974842607975006
1 0.17129629850387573 0.38679245114326477 0.024074073880910873 0.020440252497792244
1 0.6949074268341064 0.2841981053352356 0.034259259700775146 0.025943396613001823
1 0.32499998807907104 0.2845911979675293 0.025925925001502037 0.020440252497792244
1 0.2680555582046509 0.2830188572406769 0.03055555559694767 0.02358490601181984
1 0.15509259700775146 0.30188679695129395 0.03055555559694767 0.02358490601181984
1 0.739814817905426 0.5400943160057068 0.02777777798473835 0.022012578323483467
1 0.12361110746860504 0.44929245114326477 0.028703704476356506 0.021226415410637856
0 0.2828703820705414 0.45479559898376465 0.06574074178934097 0.04009433835744858
1 0.21666666865348816 0.19654087722301483 0.03333333507180214 0.02358490601181984
0 0.6495370268821716 0.5585691928863525 0.07314814627170563 0.03380503132939339
1 0.19768518209457397 0.5098270177841187 0.032407406717538834 0.02279874123632908
0 0.7212963104248047 0.5538522005081177 0.06851851940155029 0.044811319559812546
0 0.2421296238899231 0.2771226465702057 0.07500000298023224 0.0416666679084301
0 0.1449074000120163 0.3746069073677063 0.07500000298023224 0.04795597493648529
0 0.677314817905426 0.3046383559703827 0.07129629701375961 0.06682389974594116
0 0.4611110985279083 0.26179245114326477 0.046296294778585434 0.05817610025405884
0 0.19120369851589203 0.4862421452999115 0.049074072390794754 0.06996855139732361
0 0.20601852238178253 0.21698112785816193 0.05648148059844971 0.07075471431016922
0 0.5351851582527161 0.29520440101623535 0.06851851940155029 0.062106918543577194
0 0.16620370745658875 0.313286155462265 0.06388889253139496 0.05424528196454048
0 0.13333334028720856 0.4378930926322937 0.051851850003004074 0.05188679322600365