1 0.33645832538604736 0.30601853132247925 0.01666666753590107 0.02500000037252903
1 0.37890625 0.21157407760620117 0.01718750037252903 0.028703704476356506
0 0.6747395992279053 0.3004629611968994 0.02864583395421505 0.07129629701375961
1 0.39010417461395264 0.7314814925193787 0.015625 0.029629629105329514
1 0.6994791626930237 0.5527777671813965 0.01875000074505806 0.02777777798473835
1 0.3205729126930237 0.3708333373069763 0.01718750037252903 0.026851851493120193
1 0.534375011920929 0.15509259700775146 0.014583333395421505 0.026851851493120193
1 0.4231770932674408 0.3583333194255829 0.01614583283662796 0.031481482088565826
0 0.6880208253860474 0.36157408356666565 0.02812499925494194 0.06018518656492233
0 0.3411458432674408 0.2847222089767456 0.02812499925494194 0.06574074178934097
1 0.5700520873069763 0.3708333373069763 0.01718750037252903 0.03055555559694767
0 0.32239583134651184 0.3472222089767456 0.02812499925494194 0.07407407462596893
1 0.36276042461395264 0.5166666507720947 0.01614583283662796 0.025925925001502037
0 0.7013021111488342 0.5310184955596924 0.03177083283662796 0.08611111342906952
0 0.30807292461395264 0.4097222089767456 0.03177083283662796 0.06388889253139496
0 0.38671875 0.19907407462596893 0.03593749925494194 0.05740740895271301
3 0.6807291507720947 0.3291666805744171 0.04583333432674408 0.12870369851589203
0 0.3799479305744171 0.7148148417472839 0.04531250149011612 0.07962962985038757
0 0.5276041626930237 0.1509259194135666 0.02916666679084301 0.051851850003004074
0 0.5763021111488342 0.3930555582046509 0.03593749925494194 0.09166666865348816
0 0.3726562559604645 0.5319444537162781 0.0442708320915699 0.07685185223817825
0 0.43671876192092896 0.3708333373069763 0.0494791679084301 0.07685185223817825