1 0.3908854126930237 0.19490741193294525 0.015104166232049465 0.03055555559694767
1 0.4359374940395355 0.772685170173645 0.01354166679084301 0.023148147389292717
1 0.4033854305744171 0.17546296119689941 0.015104166232049465 0.03055555559694767
1 0.4559895694255829 0.28148147463798523 0.01614583283662796 0.02222222276031971
1 0.2955729067325592 0.6412037014961243 0.01718750037252903 0.02500000037252903
0 0.3752604126930237 0.2023148089647293 0.03802083432674408 0.05092592537403107
1 0.30937498807907104 0.32175925374031067 0.01666666753590107 0.028703704476356506
1 0.3687500059604645 0.255092591047287 0.01354166679084301 0.02500000037252903
1 0.3635416626930237 0.2162037044763565 0.01354166679084301 0.023148147389292717
1 0.4658854305744171 0.17407406866550446 0.015104166232049465 0.02777777798473835
0 0.5859375 0.8101851940155029 0.02291666716337204 0.0555555559694767
0 0.3812499940395355 0.25925925374031067 0.03541666641831398 0.040740739554166794
0 0.5960937738418579 0.4888888895511627 0.03281249850988388 0.05925925821065903
0 0.44140625 0.7875000238418579 0.02864583395421505 0.06759259104728699
0 0.4143229126930237 0.17870371043682098 0.03489583358168602 0.051851850003004074
0 0.5510416626930237 0.7749999761581421 0.02916666679084301 0.07222222536802292
0 0.30156248807907104 0.3421296179294586 0.03437500074505806 0.07685185223817825
0 0.29609376192092896 0.6615740656852722 0.02760416641831398 0.07870370149612427
0 0.45520833134651184 0.2648148238658905 0.02916666679084301 0.07962962985038757
0 0.4791666567325592 0.17685185372829437 0.04062499850988388 0.046296294778585434