1 0.4309895932674408 0.6314814686775208 0.013020833022892475 0.018518518656492233
1 0.4749999940395355 0.7379629611968994 0.01145833358168602 0.02222222276031971
1 0.6322916746139526 0.6601851582527161 0.01354166679084301 0.024074073880910873
1 0.4541666805744171 0.6634259223937988 0.01145833358168602 0.017592592164874077
1 0.6044270992279053 0.5060185194015503 0.01406249962747097 0.023148147389292717
0 0.45104166865348816 0.793055534362793 0.02187499962747097 0.034259259700775146
1 0.4401041567325592 0.4504629671573639 0.012500000186264515 0.017592592164874077
0 0.46692708134651184 0.8129629492759705 0.01718750037252903 0.031481482088565826
3 0.45703125 0.8018518686294556 0.03281249850988388 0.05370370298624039
0 0.5414062738418579 0.782870352268219 0.02656250074505806 0.032407406717538834
0 0.4828124940395355 0.7425925731658936 0.02812499925494194 0.03888889029622078
0 0.46927082538604736 0.5574073791503906 0.02604166604578495 0.0555555559694767
0 0.6268228888511658 0.6689814925193787 0.02552083320915699 0.049074072390794754
0 0.43437498807907104 0.6199073791503906 0.02500000037252903 0.049074072390794754
0 0.45625001192092896 0.6800925731658936 0.02291666716337204 0.05833333358168602
0 0.40572917461395264 0.7291666865348816 0.02291666716337204 0.05648148059844971
0 0.4372395873069763 0.43009260296821594 0.0234375 0.06574074178934097
0 0.507031261920929 0.6944444179534912 0.02552083320915699 0.040740739554166794
0 0.6098958253860474 0.5134259462356567 0.03333333507180214 0.05277777835726738