0 0.7169271111488342 0.552314817905426 0.02656250074505806 0.0694444477558136
1 0.7124999761581421 0.5939815044403076 0.01770833320915699 0.032407406717538834
1 0.640625 0.6407407522201538 0.014583333395421505 0.031481482088565826
3 0.6395833492279053 0.6472222208976746 0.07395832985639572 0.06111111119389534
1 0.671093761920929 0.6236110925674438 0.02031249925494194 0.028703704476356506
0 0.690625011920929 0.5902777910232544 0.01875000074505806 0.049074072390794754
1 0.6898437738418579 0.5157407522201538 0.01822916604578495 0.02777777798473835
1 0.7205728888511658 0.5337963104248047 0.01927083358168602 0.023148147389292717
1 0.565625011920929 0.8638888597488403 0.01666666753590107 0.029629629105329514
1 0.5669270753860474 0.5097222328186035 0.01614583283662796 0.028703704476356506
3 0.714062511920929 0.5898148417472839 0.02916666679084301 0.12962962687015533
0 0.6864583492279053 0.5333333611488342 0.02395833283662796 0.06296296417713165
1 0.5221354365348816 0.5152778029441833 0.01718750037252903 0.028703704476356506
1 0.35598957538604736 0.6740740537643433 0.01614583283662796 0.02777777798473835
1 0.5661458373069763 0.7504629492759705 0.014583333395421505 0.034259259700775146
0 0.6661458611488342 0.6282407641410828 0.03437500074505806 0.05277777835726738
1 0.569531261920929 0.20370370149612427 0.01718750037252903 0.03333333507180214
0 0.5697916746139526 0.855555534362793 0.02916666679084301 0.05740740895271301
0 0.6270833611488342 0.6527777910232544 0.04374999925494194 0.05000000074505806
0 0.6067708134651184 0.8305555582046509 0.03854166716337204 0.05740740895271301
0 0.5283854007720947 0.5384259223937988 0.02968749962747097 0.07685185223817825
0 0.57421875 0.5324074029922485 0.03281249850988388 0.07592592388391495
0 0.7124999761581421 0.6185185313224792 0.02395833283662796 0.07592592388391495
0 0.3473958373069763 0.654629647731781 0.04062499850988388 0.07777778059244156
3 0.6869791746139526 0.5587962865829468 0.03020833246409893 0.1101851835846901
0 0.5825520753860474 0.2013888955116272 0.04843749850988388 0.0694444477558136
0 0.5528646111488342 0.7439814805984497 0.04635416716337204 0.06018518656492233