0 0.3583333194255829 0.2916666567325592 0.05370370298624039 0.06761006265878677
1 0.3097222149372101 0.46737420558929443 0.026851851493120193 0.021226415410637856
0 0.2671296298503876 0.4713050425052643 0.06388889253139496 0.038522012531757355
0 0.3976851999759674 0.2696540951728821 0.05833333358168602 0.03144654259085655
1 0.4157407283782959 0.2629716992378235 0.025925925001502037 0.021226415410637856
1 0.2541666626930237 0.40683960914611816 0.028703704476356506 0.02437106892466545
1 0.647685170173645 0.5617138147354126 0.034259259700775146 0.027515722438693047
1 0.18888889253139496 0.5271226167678833 0.031481482088565826 0.021226415410637856
1 0.35462963581085205 0.259040892124176 0.029629629105329514 0.019654087722301483
1 0.46481481194496155 0.2897012531757355 0.031481482088565826 0.019654087722301483
1 0.24768517911434174 0.4772012531757355 0.028703704476356506 0.022012578323483467
1 0.6921296119689941 0.2920597493648529 0.032407406717538834 0.02437106892466545
0 0.22453702986240387 0.28223270177841187 0.06759259104728699 0.056603774428367615
1 0.1953703761100769 0.21265722811222076 0.031481482088565826 0.02437106892466545
1 0.23935185372829437 0.2637578547000885 0.028703704476356506 0.021226415410637856
1 0.11342592537403107 0.4658018946647644 0.03055555559694767 0.02279874123632908
1 0.510185182094574 0.30110064148902893 0.031481482088565826 0.020440252497792244
1 0.31388887763023376 0.29599055647850037 0.024074073880910873 0.019654087722301483
1 0.14305555820465088 0.3121069073677063 0.028703704476356506 0.02358490601181984
0 0.2736110985279083 0.40015724301338196 0.07129629701375961 0.04245283082127571
0 0.2976851761341095 0.3054245412349701 0.05833333358168602 0.044811319559812546
1 0.7282407283782959 0.56092768907547 0.034259259700775146 0.025943396613001823
0 0.5106481313705444 0.2727987468242645 0.04722222313284874 0.07704402506351471
0 0.6745370626449585 0.31053459644317627 0.07129629701375961 0.06603773683309555
0 0.45879629254341125 0.2712264060974121 0.04722222313284874 0.06603773683309555
0 0.6143518686294556 0.573113203048706 0.09537036716938019 0.04716981202363968
0 0.18194444477558136 0.5078616142272949 0.05277777835726738 0.06446541100740433
0 0.19675925374031067 0.22562892735004425 0.05092592537403107 0.05817610025405884
0 0.12824073433876038 0.3832547068595886 0.06203703582286835 0.04795597493648529
0 0.7041666507720947 0.5758647918701172 0.0824074074625969 0.06053459271788597
0 0.11944444477558136 0.44968554377555847 0.05370370298624039 0.0628930851817131
0 0.1537037044763565 0.3254716992378235 0.06851851940155029 0.056603774428367615