0 0.5257812738418579 0.8416666388511658 0.02864583395421505 0.03888889029622078
1 0.3296875059604645 0.6726852059364319 0.01770833320915699 0.02500000037252903
1 0.39895832538604736 0.20324073731899261 0.015625 0.028703704476356506
1 0.7002604007720947 0.5361111164093018 0.01718750037252903 0.025925925001502037
1 0.5713541507720947 0.36574074625968933 0.01875000074505806 0.02777777798473835
1 0.36406248807907104 0.7402777671813965 0.01666666753590107 0.02500000037252903
1 0.47864583134651184 0.707870364189148 0.01770833320915699 0.03055555559694767
1 0.5763021111488342 0.769444465637207 0.015104166232049465 0.029629629105329514
1 0.3617187440395355 0.5148147940635681 0.01718750037252903 0.02777777798473835
0 0.39401042461395264 0.7990740537643433 0.03177083283662796 0.051851850003004074
0 0.3682291805744171 0.7569444179534912 0.02708333358168602 0.06203703582286835
3 0.3825520873069763 0.7759259343147278 0.0598958320915699 0.10555555671453476
0 0.7018229365348816 0.5143518447875977 0.02968749962747097 0.08425925672054291
0 0.3343749940395355 0.6912037134170532 0.03333333507180214 0.07129629701375961
0 0.34427082538604736 0.2819444537162781 0.03125 0.05833333358168602
0 0.4739583432674408 0.7324073910713196 0.0364583320915699 0.08518518507480621
0 0.38749998807907104 0.20416666567325592 0.03958333283662796 0.05648148059844971
0 0.5757812261581421 0.3907407522201538 0.0338541679084301 0.0962962955236435
0 0.3713541626930237 0.529629647731781 0.04270833358168602 0.07592592388391495
0 0.5645833611488342 0.7532407641410828 0.04374999925494194 0.07685185223817825