3 0.30859375 0.5634258985519409 0.0390625 0.05648148059844971
1 0.3401041626930237 0.5449073910713196 0.015625 0.02500000037252903
1 0.3361979126930237 0.5842592716217041 0.01406249962747097 0.02777777798473835
1 0.41796875 0.182407408952713 0.01822916604578495 0.035185184329748154
3 0.3096354305744171 0.5245370268821716 0.03281249850988388 0.1120370402932167
1 0.3268229067325592 0.46990740299224854 0.01614583283662796 0.026851851493120193
1 0.37057292461395264 0.675000011920929 0.01927083358168602 0.029629629105329514
1 0.5221354365348816 0.1814814805984497 0.01822916604578495 0.029629629105329514
1 0.5325520634651184 0.7268518805503845 0.01718750037252903 0.029629629105329514
0 0.35208332538604736 0.5888888835906982 0.04374999925494194 0.04444444552063942
0 0.30937498807907104 0.5009258985519409 0.02604166604578495 0.06296296417713165
0 0.34062498807907104 0.4601851999759674 0.0416666679084301 0.046296294778585434
0 0.30911457538604736 0.5629629492759705 0.03697916492819786 0.051851850003004074
1 0.5960937738418579 0.5722222328186035 0.01614583283662796 0.029629629105329514
1 0.49036458134651184 0.25462964177131653 0.01822916604578495 0.035185184329748154
1 0.6739583611488342 0.4037036895751953 0.01979166641831398 0.02777777798473835
1 0.5903645753860474 0.22870370745658875 0.01718750037252903 0.029629629105329514
3 0.3388020694255829 0.5009258985519409 0.04114583507180214 0.10555555671453476
0 0.3427083194255829 0.5180555582046509 0.02916666679084301 0.08055555820465088
0 0.5119791626930237 0.17175926268100739 0.03854166716337204 0.05648148059844971
0 0.6783854365348816 0.42314815521240234 0.02968749962747097 0.08148147910833359
0 0.3635416626930237 0.6893518567085266 0.03750000149011612 0.07314814627170563
0 0.6044270992279053 0.22777777910232544 0.04322916641831398 0.05925925821065903
0 0.4820312559604645 0.23888888955116272 0.03489583358168602 0.07407407462596893
0 0.42890626192092896 0.18703703582286835 0.04010416567325592 0.046296294778585434
0 0.6078125238418579 0.5865740776062012 0.046875 0.07685185223817825
0 0.5445312261581421 0.7143518328666687 0.04739583283662796 0.0694444477558136