0 0.5802083611488342 0.40138888359069824 0.02916666679084301 0.08796296268701553
0 0.6096354126930237 0.4078703820705414 0.03177083283662796 0.0416666679084301
1 0.5028645992279053 0.7527777552604675 0.015104166232049465 0.025925925001502037
1 0.47708332538604736 0.2967592477798462 0.015625 0.023148147389292717
0 0.5903645753860474 0.42500001192092896 0.01927083358168602 0.051851850003004074
1 0.36510416865348816 0.6361111402511597 0.012500000186264515 0.029629629105329514
0 0.5776041746139526 0.37453705072402954 0.02500000037252903 0.03611111268401146
3 0.4635416567325592 0.33981481194496155 0.03958333283662796 0.10925926268100739
1 0.5726562738418579 0.369907408952713 0.01406249962747097 0.02500000037252903
1 0.629687488079071 0.6277777552604675 0.01666666753590107 0.02222222276031971
1 0.37942707538604736 0.6592592597007751 0.01197916641831398 0.024074073880910873
3 0.5963541865348816 0.4018518626689911 0.05312500149011612 0.09259258955717087
1 0.31458333134651184 0.5259259343147278 0.015625 0.02222222276031971
0 0.40286457538604736 0.7481481432914734 0.04114583507180214 0.06111111119389534
0 0.4729166626930237 0.3097222149372101 0.02500000037252903 0.05833333358168602
0 0.3903645873069763 0.6435185074806213 0.03177083283662796 0.06296296417713165
0 0.6317708492279053 0.6499999761581421 0.02187499962747097 0.06111111119389534
0 0.3153645694255829 0.5111111402511597 0.0234375 0.07037036865949631
0 0.35468751192092896 0.6291666626930237 0.03229166567325592 0.05277777835726738
0 0.5026041865348816 0.7342592477798462 0.01979166641831398 0.07037036865949631