0 0.49817708134651184 0.897685170173645 0.01927083358168602 0.05277777835726738
1 0.7294270992279053 0.5824074149131775 0.01718750037252903 0.024074073880910873
1 0.49817708134651184 0.8856481313705444 0.01927083358168602 0.032407406717538834
1 0.7166666388511658 0.7152777910232544 0.01875000074505806 0.02500000037252903
1 0.015625 0.5273148417472839 0.01770833320915699 0.028703704476356506
1 0.5210937261581421 0.8518518805503845 0.02135416679084301 0.03333333507180214
1 0.4177083373069763 0.5481481552124023 0.014583333395421505 0.029629629105329514
1 0.42890626192092896 0.7962962985038757 0.01822916604578495 0.031481482088565826
1 0.0455729179084301 0.385185182094574 0.015104166232049465 0.024074073880910873
1 0.03489583358168602 0.2606481611728668 0.012500000186264515 0.026851851493120193
1 0.3877604305744171 0.6203703880310059 0.01614583283662796 0.031481482088565826
1 0.4802083373069763 0.4763889014720917 0.01770833320915699 0.034259259700775146
1 0.7283853888511658 0.6384259462356567 0.01718750037252903 0.028703704476356506
0 0.014322916977107525 0.18888889253139496 0.02864583395421505 0.04444444552063942
0 0.71484375 0.5791666507720947 0.04114583507180214 0.04722222313284874
1 0.37890625 0.5583333373069763 0.01406249962747097 0.03333333507180214
0 0.40625 0.5490740537643433 0.04062499850988388 0.0555555559694767
3 0.38489583134651184 0.5513888597488403 0.08437500149011612 0.06574074178934097
0 0.36250001192092896 0.5629629492759705 0.03958333283662796 0.051851850003004074
0 0.7333333492279053 0.6236110925674438 0.02812499925494194 0.07314814627170563
3 0.7203124761581421 0.6050925850868225 0.05520833283662796 0.10833333432674408
0 0.522656261920929 0.8731481432914734 0.02656250074505806 0.08148147910833359
0 0.014583333395421505 0.510185182094574 0.02812499925494194 0.07777778059244156
0 0.02447916753590107 0.25462964177131653 0.03854166716337204 0.05740740895271301
0 0.3734374940395355 0.6273148059844971 0.046875 0.05277777835726738
0 0.714062511920929 0.7300925850868225 0.03229166567325592 0.06388889253139496
0 0.046875 0.3731481432914734 0.03020833246409893 0.07037036865949631
0 0.6346353888511658 0.7490741014480591 0.02864583395421505 0.09074074029922485
0 0.02604166604578495 0.4416666626930237 0.0416666679084301 0.07037036865949631
0 0.46666666865348816 0.46898147463798523 0.05104166641831398 0.07129629701375961
0 0.44218748807907104 0.7814815044403076 0.05000000074505806 0.07777778059244156