1 0.4958333373069763 0.8606481552124023 0.01145833358168602 0.03055555559694767
1 0.6471354365348816 0.2162037044763565 0.01822916604578495 0.021296296268701553
0 0.49140626192092896 0.380092591047287 0.02760416641831398 0.05462963134050369
1 0.5244791507720947 0.3393518626689911 0.014583333395421505 0.026851851493120193
1 0.45755207538604736 0.8513888716697693 0.01718750037252903 0.032407406717538834
3 0.5723958611488342 0.4462963044643402 0.05520833283662796 0.07037036865949631
3 0.50390625 0.3592592477798462 0.05052083358168602 0.07222222536802292
3 0.4911458194255829 0.41296297311782837 0.02916666679084301 0.11296296119689941
3 0.5354166626930237 0.4375 0.0572916679084301 0.04537037014961243
0 0.5138021111488342 0.34398147463798523 0.03281249850988388 0.0416666679084301
3 0.3135416805744171 0.5449073910713196 0.03125 0.09907407313585281
0 0.5192708373069763 0.43888887763023376 0.03125 0.051851850003004074
1 0.528124988079071 0.8606481552124023 0.015625 0.03055555559694767
0 0.5536458492279053 0.4347222149372101 0.02812499925494194 0.04722222313284874
0 0.3140625059604645 0.543055534362793 0.03125 0.09907407313585281
1 0.5635416507720947 0.3712962865829468 0.014583333395421505 0.025925925001502037
1 0.7033854126930237 0.33101850748062134 0.01718750037252903 0.023148147389292717
0 0.4710937440395355 0.8592592477798462 0.04010416567325592 0.051851850003004074
0 0.4377604126930237 0.8398148417472839 0.0338541679084301 0.04259259253740311
0 0.4947916567325592 0.4347222149372101 0.02187499962747097 0.06759259104728699
0 0.582812488079071 0.45370370149612427 0.03750000149011612 0.06111111119389534
0 0.5544270873069763 0.35740742087364197 0.03489583358168602 0.05740740895271301
0 0.702343761920929 0.30787035822868347 0.03072916716337204 0.07129629701375961
0 0.645312488079071 0.2013888955116272 0.03229166567325592 0.06203703582286835