4 0.4286458194255829 0.7157407402992249 0.0364583320915699 0.08148147910833359
1 0.5361979007720947 0.6328703761100769 0.01197916641831398 0.021296296268701553
0 0.43020832538604736 0.7435185313224792 0.03125 0.04259259253740311
3 0.4307291805744171 0.7208333611488342 0.04062499850988388 0.08981481194496155
1 0.4593749940395355 0.6013888716697693 0.012500000186264515 0.01944444514811039
1 0.49401041865348816 0.49953705072402954 0.013020833022892475 0.021296296268701553
1 0.574999988079071 0.6662036776542664 0.012500000186264515 0.01944444514811039
0 0.6278645992279053 0.6601851582527161 0.02760416641831398 0.04259259253740311
0 0.48229166865348816 0.760185182094574 0.04791666567325592 0.04444444552063942
0 0.6247395873069763 0.707870364189148 0.02031249925494194 0.04722222313284874
1 0.4755208194255829 0.29398149251937866 0.01354166679084301 0.02500000037252903
0 0.5796874761581421 0.6495370268821716 0.02291666716337204 0.05277777835726738
0 0.45520833134651184 0.6152777671813965 0.02708333358168602 0.05462963134050369
0 0.48619791865348816 0.5120370388031006 0.03177083283662796 0.05740740895271301
0 0.5445312261581421 0.6268518567085266 0.03177083283662796 0.046296294778585434
0 0.4664062559604645 0.30000001192092896 0.03177083283662796 0.051851850003004074