1 0.5393229126930237 0.9013888835906982 0.015104166232049465 0.028703704476356506
1 0.3473958373069763 0.25462964177131653 0.01666666753590107 0.02777777798473835
1 0.3726562559604645 0.3643518388271332 0.015104166232049465 0.021296296268701553
1 0.6216145753860474 0.7972221970558167 0.015104166232049465 0.029629629105329514
1 0.4085937440395355 0.25648146867752075 0.01927083358168602 0.025925925001502037
1 0.39114582538604736 0.4333333373069763 0.01770833320915699 0.02777777798473835
3 0.3669270873069763 0.2212962955236435 0.05260416492819786 0.0833333358168602
1 0.6861979365348816 0.6490740776062012 0.01718750037252903 0.025925925001502037
1 0.3072916567325592 0.4384259283542633 0.01666666753590107 0.026851851493120193
1 0.32369792461395264 0.4416666626930237 0.01927083358168602 0.02777777798473835
0 0.35364583134651184 0.2439814805984497 0.02916666679084301 0.05092592537403107
1 0.29895833134651184 0.6537036895751953 0.01979166641831398 0.02777777798473835
1 0.42395833134651184 0.15740740299224854 0.015625 0.02777777798473835
1 0.6458333134651184 0.7074074149131775 0.015625 0.02777777798473835
1 0.44999998807907104 0.4254629611968994 0.01875000074505806 0.026851851493120193
0 0.3986979126930237 0.40833333134651184 0.0338541679084301 0.07777778059244156
0 0.37708333134651184 0.20185184478759766 0.03437500074505806 0.0555555559694767
0 0.6315104365348816 0.7870370149612427 0.0338541679084301 0.06111111119389534
0 0.6341145634651184 0.7212963104248047 0.04322916641831398 0.06666667014360428
0 0.41588541865348816 0.15833333134651184 0.03072916716337204 0.051851850003004074
0 0.33281248807907104 0.4185185134410858 0.03020833246409893 0.07037036865949631
0 0.30156248807907104 0.46574074029922485 0.02916666679084301 0.07777778059244156
0 0.4078125059604645 0.2847222089767456 0.02708333358168602 0.0824074074625969
0 0.30390626192092896 0.6810185313224792 0.03177083283662796 0.0824074074625969
0 0.45104166865348816 0.3967592716217041 0.02812499925494194 0.08425925672054291
0 0.37317708134651184 0.3361110985279083 0.02656250074505806 0.07962962985038757
0 0.6908854246139526 0.6259258985519409 0.03177083283662796 0.0833333358168602