0 0.5591145753860474 0.35879629850387573 0.03697916492819786 0.12314815074205399
1 0.5335937738418579 0.48055556416511536 0.01718750037252903 0.03333333507180214
1 0.528124988079071 0.8606481552124023 0.015625 0.028703704476356506
1 0.49557292461395264 0.8435184955596924 0.01197916641831398 0.029629629105329514
1 0.5492187738418579 0.3375000059604645 0.015104166232049465 0.03055555559694767
0 0.5101562738418579 0.4703703820705414 0.0338541679084301 0.0555555559694767
0 0.5216146111488342 0.5310184955596924 0.02656250074505806 0.06018518656492233
1 0.45494791865348816 0.8490740656852722 0.01718750037252903 0.03333333507180214
1 0.43828123807907104 0.7745370268821716 0.01822916604578495 0.02500000037252903
1 0.5153645873069763 0.3541666567325592 0.01822916604578495 0.02500000037252903
3 0.5283854007720947 0.3087962865829468 0.05572916567325592 0.06018518656492233
0 0.5473958253860474 0.3162037134170532 0.02500000037252903 0.06203703582286835
0 0.5200520753860474 0.30416667461395264 0.04114583507180214 0.03981481492519379
3 0.5190104246139526 0.5055555701255798 0.02968749962747097 0.11666666716337204
0 0.5145833492279053 0.3782407343387604 0.02500000037252903 0.07314814627170563
0 0.5041666626930237 0.42407408356666565 0.02500000037252903 0.06666667014360428
1 0.5643228888511658 0.4037036895751953 0.01718750037252903 0.02777777798473835
3 0.5067708492279053 0.4402777850627899 0.03333333507180214 0.10648148506879807
1 0.5231770873069763 0.574999988079071 0.01718750037252903 0.025925925001502037
3 0.5093749761581421 0.40231481194496155 0.03333333507180214 0.1101851835846901
3 0.5580729246139526 0.35370370745658875 0.03802083432674408 0.13148148357868195
1 0.7190104126930237 0.40416666865348816 0.01718750037252903 0.026851851493120193
1 0.651562511920929 0.2143518477678299 0.01666666753590107 0.02500000037252903
0 0.5166666507720947 0.602314829826355 0.03750000149011612 0.07685185223817825
0 0.547656238079071 0.47685185074806213 0.04322916641831398 0.046296294778585434
0 0.5635416507720947 0.3847222328186035 0.02500000037252903 0.07314814627170563
0 0.719531238079071 0.3828703761100769 0.03593749925494194 0.08796296268701553
0 0.4671874940395355 0.8578703999519348 0.04270833358168602 0.05092592537403107
0 0.4375 0.7967592477798462 0.02708333358168602 0.07870370149612427
0 0.643750011920929 0.20277777314186096 0.03437500074505806 0.05925925821065903