1 0.46562498807907104 0.8064814805984497 0.015625 0.029629629105329514
1 0.5921875238418579 0.18101851642131805 0.01875000074505806 0.03055555559694767
1 0.4502604305744171 0.8004629611968994 0.02135416679084301 0.032407406717538834
1 0.43541666865348816 0.16944444179534912 0.014583333395421505 0.02777777798473835
1 0.45390623807907104 0.8444444537162781 0.01614583283662796 0.02777777798473835
1 0.44739583134651184 0.16111111640930176 0.01354166679084301 0.024074073880910873
1 0.35859376192092896 0.25138887763023376 0.015104166232049465 0.028703704476356506
1 0.3049479126930237 0.46388888359069824 0.01614583283662796 0.024074073880910873
1 0.6244791746139526 0.2231481522321701 0.01666666753590107 0.025925925001502037
1 0.625781238079071 0.677314817905426 0.01822916604578495 0.028703704476356506
1 0.6924479007720947 0.6087962985038757 0.01718750037252903 0.026851851493120193
1 0.5625 0.3513889014720917 0.01770833320915699 0.03055555559694767
1 0.3125 0.3986110985279083 0.01666666753590107 0.02500000037252903
0 0.4468750059604645 0.8125 0.03541666641831398 0.08425925672054291
0 0.34947916865348816 0.2671296298503876 0.03333333507180214 0.0694444477558136
0 0.31588542461395264 0.3787037134170532 0.03072916716337204 0.07407407462596893
0 0.4192708432674408 0.17546296119689941 0.0364583320915699 0.043518517166376114
0 0.6958333253860474 0.5879629850387573 0.03125 0.08703703433275223
0 0.6200520992279053 0.699999988079071 0.03489583358168602 0.09074074029922485
0 0.3044270873069763 0.4740740656852722 0.03072916716337204 0.06666667014360428
0 0.5888020992279053 0.17407406866550446 0.03489583358168602 0.06851851940155029
0 0.4593749940395355 0.1518518477678299 0.03854166716337204 0.046296294778585434
0 0.5682291388511658 0.37361112236976624 0.03333333507180214 0.09166666865348816
0 0.6351562738418579 0.23842592537403107 0.03802083432674408 0.06759259104728699