1 0.3622395694255829 0.7509258985519409 0.015104166232049465 0.02777777798473835
0 0.375 0.6685185432434082 0.03333333507180214 0.10740740597248077
1 0.31432291865348816 0.5986111164093018 0.01718750037252903 0.026851851493120193
1 0.657031238079071 0.26342591643333435 0.013020833022892475 0.023148147389292717
1 0.3882812559604645 0.6638888716697693 0.02135416679084301 0.025925925001502037
1 0.3619791567325592 0.7384259104728699 0.014583333395421505 0.02500000037252903
0 0.35234373807907104 0.7231481671333313 0.03697916492819786 0.06111111119389534
1 0.3203125 0.4532407522201538 0.015625 0.02500000037252903
1 0.38359373807907104 0.22638888657093048 0.013020833022892475 0.02500000037252903
1 0.36796873807907104 0.6685185432434082 0.01614583283662796 0.025925925001502037
1 0.3283854126930237 0.3787037134170532 0.01718750037252903 0.024074073880910873
1 0.6351562738418579 0.3569444417953491 0.01614583283662796 0.02500000037252903
0 0.4010416567325592 0.5439814925193787 0.0416666679084301 0.07500000298023224
1 0.3908854126930237 0.5273148417472839 0.01614583283662796 0.03055555559694767
0 0.38984376192092896 0.6912037134170532 0.0234375 0.07870370149612427
0 0.3997395932674408 0.21481481194496155 0.0442708320915699 0.051851850003004074
0 0.3109374940395355 0.5824074149131775 0.02916666679084301 0.07222222536802292
0 0.3231770694255829 0.4305555522441864 0.03281249850988388 0.08148147910833359
0 0.33151042461395264 0.34675925970077515 0.03072916716337204 0.08055555820465088
0 0.3661458194255829 0.6393518447875977 0.02812499925494194 0.07314814627170563
0 0.3591145873069763 0.2490740716457367 0.02968749962747097 0.05000000074505806
0 0.6630208492279053 0.2726851999759674 0.02916666679084301 0.05648148059844971
0 0.3723958432674408 0.7740740776062012 0.02916666679084301 0.04814814776182175
0 0.6315104365348816 0.3296296298503876 0.02968749962747097 0.08888889104127884