1 0.3395833373069763 0.2925925850868225 0.01770833320915699 0.031481482088565826
1 0.48906248807907104 0.3921296298503876 0.014583333395421505 0.026851851493120193
1 0.6127604246139526 0.47175925970077515 0.01614583283662796 0.03055555559694767
1 0.5322916507720947 0.40416666865348816 0.01875000074505806 0.028703704476356506
1 0.4611979126930237 0.41805556416511536 0.01718750037252903 0.026851851493120193
1 0.4359374940395355 0.6796296238899231 0.01666666753590107 0.025925925001502037
1 0.31718748807907104 0.3907407522201538 0.01770833320915699 0.025925925001502037
1 0.4255208373069763 0.3708333373069763 0.014583333395421505 0.02500000037252903
1 0.5041666626930237 0.48564815521240234 0.014583333395421505 0.028703704476356506
1 0.33671873807907104 0.5287036895751953 0.01614583283662796 0.031481482088565826
0 0.47734373807907104 0.40231481194496155 0.03697916492819786 0.049074072390794754
1 0.44453126192092896 0.1944444477558136 0.01614583283662796 0.029629629105329514
0 0.31458333134651184 0.4124999940395355 0.03020833246409893 0.08981481194496155
0 0.3330729305744171 0.3097222149372101 0.03281249850988388 0.07129629701375961
0 0.4515624940395355 0.4416666626930237 0.03750000149011612 0.06111111119389534
0 0.515625 0.5032407641410828 0.03854166716337204 0.06018518656492233
0 0.4296875 0.34861111640930176 0.03229166567325592 0.08611111342906952
0 0.6273437738418579 0.47870370745658875 0.05260416492819786 0.07037036865949631
0 0.3460937440395355 0.5134259462356567 0.04843749850988388 0.08796296268701553
0 0.5299479365348816 0.427314817905426 0.03177083283662796 0.0824074074625969
0 0.667187511920929 0.2907407283782959 0.03333333507180214 0.06111111119389534
0 0.4390625059604645 0.7004629373550415 0.03229166567325592 0.09351851791143417
0 0.46041667461395264 0.19675925374031067 0.05104166641831398 0.06018518656492233