1 0.6109374761581421 0.19861111044883728 0.015625 0.026851851493120193
1 0.4166666567325592 0.25648146867752075 0.01666666753590107 0.024074073880910873
1 0.6463541388511658 0.25462964177131653 0.01770833320915699 0.02777777798473835
1 0.6330729126930237 0.47361111640930176 0.01614583283662796 0.028703704476356506
1 0.3596354126930237 0.25 0.01614583283662796 0.024074073880910873
1 0.7033854126930237 0.47685185074806213 0.01822916604578495 0.025925925001502037
1 0.40312498807907104 0.48148149251937866 0.01666666753590107 0.029629629105329514
1 0.4036458432674408 0.20092593133449554 0.014583333395421505 0.024074073880910873
1 0.5731770992279053 0.40833333134651184 0.01822916604578495 0.03333333507180214
1 0.45703125 0.16111111640930176 0.01614583283662796 0.024074073880910873
1 0.3114583194255829 0.5824074149131775 0.01770833320915699 0.025925925001502037
1 0.3619791567325592 0.5166666507720947 0.015625 0.025925925001502037
0 0.6002604365348816 0.18518517911434174 0.03489583358168602 0.05370370298624039
0 0.4229166805744171 0.2796296179294586 0.03125 0.08518518507480621
0 0.4098958373069763 0.18611110746860504 0.03020833246409893 0.0555555559694767
0 0.7046874761581421 0.4967592656612396 0.02604166604578495 0.07314814627170563
0 0.640625 0.494907408952713 0.0364583320915699 0.08611111342906952
0 0.3656249940395355 0.2351851910352707 0.02916666679084301 0.0555555559694767
0 0.6388021111488342 0.23796296119689941 0.03593749925494194 0.06481481343507767
0 0.3125 0.605555534362793 0.02916666679084301 0.07962962985038757
0 0.4124999940395355 0.4601851999759674 0.04374999925494194 0.0833333358168602
0 0.37187498807907104 0.5333333611488342 0.04062499850988388 0.06851851940155029
0 0.5833333134651184 0.42592594027519226 0.04479166492819786 0.0833333358168602
0 0.4658854305744171 0.14814814925193787 0.03697916492819786 0.051851850003004074