1 0.36380207538604736 0.2532407343387604 0.013020833022892475 0.021296296268701553
1 0.5627604126930237 0.8050925731658936 0.01822916604578495 0.028703704476356506
1 0.30807292461395264 0.41620370745658875 0.015104166232049465 0.023148147389292717
1 0.33203125 0.5249999761581421 0.01614583283662796 0.031481482088565826
1 0.5380208492279053 0.3203703761100769 0.01979166641831398 0.03333333507180214
1 0.38203126192092896 0.7310185432434082 0.01718750037252903 0.026851851493120193
1 0.30807292461395264 0.5212963223457336 0.01718750037252903 0.025925925001502037
1 0.4190104305744171 0.5842592716217041 0.01822916604578495 0.03333333507180214
1 0.6276041865348816 0.4277777671813965 0.014583333395421505 0.029629629105329514
1 0.6588541865348816 0.7162036895751953 0.01666666753590107 0.028703704476356506
1 0.4244791567325592 0.17499999701976776 0.01666666753590107 0.02777777798473835
1 0.6364583373069763 0.3490740656852722 0.01875000074505806 0.029629629105329514
0 0.3057291805744171 0.5453703999519348 0.02708333358168602 0.08148147910833359
0 0.36145833134651184 0.24259258806705475 0.02812499925494194 0.06111111119389534
0 0.4388020932674408 0.16435185074806213 0.04531250149011612 0.05462963134050369
0 0.6669270992279053 0.699999988079071 0.03489583358168602 0.07777778059244156
0 0.3127604126930237 0.4000000059604645 0.03489583358168602 0.07037036865949631
0 0.5604166388511658 0.8185185194015503 0.02812499925494194 0.05925925821065903
0 0.34375 0.5078703761100769 0.04583333432674408 0.0824074074625969
0 0.5486978888511658 0.3402777910232544 0.0442708320915699 0.08611111342906952
0 0.6411458253860474 0.4296296238899231 0.0520833320915699 0.06851851940155029
0 0.6325520873069763 0.3263888955116272 0.0338541679084301 0.0972222238779068
0 0.4281249940395355 0.6037036776542664 0.04374999925494194 0.09074074029922485
0 0.38593751192092896 0.7537037134170532 0.03541666641831398 0.08888889104127884