1 0.4908854067325592 0.6226851940155029 0.01822916604578495 0.023148147389292717
1 0.45390623807907104 0.7976852059364319 0.013020833022892475 0.026851851493120193
0 0.4973958432674408 0.5939815044403076 0.04062499850988388 0.05648148059844971
1 0.6171875 0.4773148000240326 0.01354166679084301 0.028703704476356506
3 0.4963541626930237 0.6518518328666687 0.03854166716337204 0.0962962955236435
1 0.5096353888511658 0.5810185074806213 0.01406249962747097 0.02500000037252903
0 0.4971354305744171 0.657870352268219 0.03281249850988388 0.07500000298023224
1 0.5354166626930237 0.4680555462837219 0.01666666753590107 0.026851851493120193
1 0.5114583373069763 0.5282407402992249 0.01666666753590107 0.026851851493120193
1 0.43437498807907104 0.6953703761100769 0.01770833320915699 0.02777777798473835
1 0.36119791865348816 0.7388888597488403 0.015104166232049465 0.024074073880910873
1 0.42890626192092896 0.34861111640930176 0.01718750037252903 0.028703704476356506
1 0.31979167461395264 0.6337962746620178 0.01770833320915699 0.02500000037252903
1 0.5872395634651184 0.5513888597488403 0.01614583283662796 0.03055555559694767
1 0.3088541626930237 0.5249999761581421 0.01770833320915699 0.025925925001502037
0 0.4364583194255829 0.8013888597488403 0.03750000149011612 0.043518517166376114
0 0.30807292461395264 0.550000011920929 0.02447916753590107 0.08148147910833359
0 0.43567708134651184 0.32685184478759766 0.03072916716337204 0.08148147910833359
0 0.6333333253860474 0.48472222685813904 0.046875 0.05833333358168602
0 0.5335937738418579 0.49074074625968933 0.02656250074505806 0.07407407462596893
0 0.49791666865348816 0.5393518805503845 0.03958333283662796 0.043518517166376114
0 0.3239583373069763 0.6555555462837219 0.0364583320915699 0.07962962985038757
0 0.5997396111488342 0.5629629492759705 0.04322916641831398 0.05740740895271301
0 0.4388020932674408 0.7166666388511658 0.03072916716337204 0.07962962985038757
0 0.3671875 0.7560185194015503 0.03333333507180214 0.06574074178934097