3 0.39244791865348816 0.44212964177131653 0.05677083507180214 0.06018518656492233
0 0.43437498807907104 0.5013889074325562 0.03020833246409893 0.05092592537403107
0 0.7106770873069763 0.4166666567325592 0.02864583395421505 0.05925925821065903
0 0.6968749761581421 0.35462963581085205 0.02604166604578495 0.06481481343507767
1 0.44062501192092896 0.5134259462356567 0.01354166679084301 0.023148147389292717
1 0.5588541626930237 0.5351851582527161 0.015625 0.025925925001502037
1 0.6955729126930237 0.34074074029922485 0.01927083358168602 0.02777777798473835
1 0.5570312738418579 0.7361111044883728 0.01614583283662796 0.025925925001502037
1 0.578125 0.6921296119689941 0.014583333395421505 0.023148147389292717
3 0.70703125 0.4541666805744171 0.0338541679084301 0.1268518567085266
3 0.4260416626930237 0.47870370745658875 0.04479166492819786 0.10000000149011612
1 0.617968738079071 0.24166665971279144 0.01718750037252903 0.029629629105329514
1 0.585156261920929 0.17037037014961243 0.01718750037252903 0.03703703731298447
1 0.663281261920929 0.7050926089286804 0.01406249962747097 0.028703704476356506
0 0.3997395932674408 0.5189814567565918 0.0390625 0.05648148059844971
0 0.3830729126930237 0.4347222149372101 0.0390625 0.049074072390794754
0 0.5895833373069763 0.6689814925193787 0.0364583320915699 0.07314814627170563
3 0.7057291865348816 0.38055557012557983 0.03854166716337204 0.11851851642131805
0 0.707812488079071 0.48055556416511536 0.02916666679084301 0.07777778059244156
0 0.5583333373069763 0.7106481194496155 0.02812499925494194 0.08611111342906952
0 0.5684896111488342 0.5222222208976746 0.04322916641831398 0.07407407462596893
0 0.5981770753860474 0.17222222685813904 0.0442708320915699 0.06111111119389534
0 0.6760416626930237 0.6972222328186035 0.04583333432674408 0.06111111119389534
0 0.6291666626930237 0.24953703582286835 0.04583333432674408 0.06759259104728699