1 0.37578123807907104 0.7699074149131775 0.013020833022892475 0.021296296268701553
1 0.35885417461395264 0.24722221493721008 0.01666666753590107 0.02222222276031971
3 0.3596354126930237 0.6851851940155029 0.0390625 0.08888889104127884
1 0.4596354067325592 0.8074073791503906 0.01614583283662796 0.02777777798473835
1 0.6841145753860474 0.6495370268821716 0.01614583283662796 0.026851851493120193
1 0.3630208373069763 0.7092592716217041 0.01770833320915699 0.029629629105329514
1 0.5713541507720947 0.3662036955356598 0.01875000074505806 0.026851851493120193
0 0.39375001192092896 0.7939814925193787 0.02500000037252903 0.03611111268401146
1 0.653124988079071 0.730555534362793 0.01666666753590107 0.029629629105329514
1 0.3619791567325592 0.5157407522201538 0.01666666753590107 0.02777777798473835
1 0.6859375238418579 0.35648149251937866 0.01875000074505806 0.02777777798473835
0 0.3684895932674408 0.7597222328186035 0.02968749962747097 0.04722222313284874
0 0.35885417461395264 0.6851851940155029 0.0364583320915699 0.08518518507480621
0 0.3440104126930237 0.28101852536201477 0.03072916716337204 0.06203703582286835
0 0.6885416507720947 0.6287037134170532 0.03020833246409893 0.07407407462596893
0 0.6617187261581421 0.7157407402992249 0.0338541679084301 0.07222222536802292
0 0.4768229126930237 0.8185185194015503 0.04531250149011612 0.04259259253740311
0 0.3687500059604645 0.22453702986240387 0.02916666679084301 0.05833333358168602
0 0.682812511920929 0.3296296298503876 0.03333333507180214 0.08148147910833359
0 0.5752604007720947 0.3907407522201538 0.03489583358168602 0.09814814478158951
0 0.37109375 0.5300925970077515 0.04322916641831398 0.07500000298023224