0 0.6802083253860474 0.5537037253379822 0.04791666567325592 0.08888889104127884
0 0.47604167461395264 0.8449074029922485 0.02916666679084301 0.04537037014961243
1 0.62109375 0.7685185074806213 0.01614583283662796 0.03333333507180214
1 0.6713541746139526 0.5768518447875977 0.01666666753590107 0.029629629105329514
1 0.5372396111488342 0.5185185074806213 0.01718750037252903 0.025925925001502037
1 0.4338541626930237 0.3324074149131775 0.01666666753590107 0.02777777798473835
1 0.6239583492279053 0.4819444417953491 0.014583333395421505 0.03055555559694767
1 0.47317707538604736 0.6435185074806213 0.01614583283662796 0.02777777798473835
1 0.6838541626930237 0.6495370268821716 0.01770833320915699 0.028703704476356506
1 0.3723958432674408 0.7638888955116272 0.015625 0.025925925001502037
1 0.6226562261581421 0.5893518328666687 0.015104166232049465 0.026851851493120193
0 0.3635416626930237 0.6532407402992249 0.03333333507180214 0.08611111342906952
3 0.6791666746139526 0.552314817905426 0.04791666567325592 0.08611111342906952
0 0.6299479007720947 0.7606481313705444 0.03802083432674408 0.06203703582286835
1 0.3635416626930237 0.6837962865829468 0.01979166641831398 0.02500000037252903
0 0.6401041746139526 0.48055556416511536 0.04895833507180214 0.06481481343507767
0 0.36927083134651184 0.7393518686294556 0.03229166567325592 0.08796296268701553
0 0.6895833611488342 0.6310185194015503 0.03125 0.07685185223817825
0 0.5338541865348816 0.5444444417953491 0.03333333507180214 0.0962962955236435
0 0.6341145634651184 0.5800926089286804 0.04218750074505806 0.05462963134050369
0 0.4385416805744171 0.3106481432914734 0.03020833246409893 0.0824074074625969
0 0.4674479067325592 0.6615740656852722 0.0338541679084301 0.07870370149612427