0 0.5054687261581421 0.8814814686775208 0.02656250074505806 0.040740739554166794
1 0.5653645992279053 0.5375000238418579 0.01718750037252903 0.02500000037252903
3 0.4859375059604645 0.8217592835426331 0.0885416641831398 0.05277777835726738
1 0.49140626192092896 0.8199074268341064 0.015104166232049465 0.03055555559694767
3 0.3643229305744171 0.6592592597007751 0.07656250149011612 0.05740740895271301
0 0.46302083134651184 0.831944465637207 0.04270833358168602 0.04722222313284874
0 0.38463541865348816 0.6537036895751953 0.03802083432674408 0.04814814776182175
1 0.3359375 0.6620370149612427 0.01770833320915699 0.03333333507180214
1 0.5651041865348816 0.5055555701255798 0.01979166641831398 0.025925925001502037
0 0.5096353888511658 0.8194444179534912 0.03593749925494194 0.03333333507180214
0 0.5252603888511658 0.8699073791503906 0.03802083432674408 0.037962961941957474
1 0.6825520992279053 0.7166666388511658 0.01927083358168602 0.02777777798473835
1 0.4544270932674408 0.8342592716217041 0.01927083358168602 0.035185184329748154
1 0.5861979126930237 0.27731481194496155 0.01822916604578495 0.03055555559694767
1 0.4700520932674408 0.6481481194496155 0.01718750037252903 0.029629629105329514
0 0.5653645992279053 0.8745370507240295 0.02864583395421505 0.0416666679084301
0 0.34453123807907104 0.6625000238418579 0.03697916492819786 0.04722222313284874
0 0.5796874761581421 0.5425925850868225 0.0416666679084301 0.051851850003004074
0 0.5604166388511658 0.47685185074806213 0.02916666679084301 0.07592592388391495
0 0.4283854067325592 0.6643518805503845 0.04114583507180214 0.05277777835726738
0 0.6768229007720947 0.7384259104728699 0.0338541679084301 0.07500000298023224
0 0.598437488079071 0.25740739703178406 0.04374999925494194 0.07407407462596893
3 0.573437511920929 0.5050926208496094 0.0572916679084301 0.13240741193294525
0 0.48359376192092896 0.6365740895271301 0.04322916641831398 0.06388889253139496