0 0.5523437261581421 0.8120370507240295 0.04531250149011612 0.035185184329748154
0 0.5497395992279053 0.760185182094574 0.02031249925494194 0.05925925821065903
3 0.5518229007720947 0.7847222089767456 0.03489583358168602 0.09351851791143417
3 0.5309895873069763 0.7300925850868225 0.05781250074505806 0.07685185223817825
0 0.5270833373069763 0.7277777791023254 0.02916666679084301 0.06481481343507767
3 0.5841146111488342 0.6018518805503845 0.07447917014360428 0.05370370298624039
1 0.3453125059604645 0.4662036895751953 0.015625 0.026851851493120193
3 0.5096353888511658 0.7268518805503845 0.0651041641831398 0.06481481343507767
1 0.4229166805744171 0.835185170173645 0.012500000186264515 0.024074073880910873
1 0.6408854126930237 0.33009257912635803 0.01406249962747097 0.026851851493120193
3 0.5408853888511658 0.7620370388031006 0.04322916641831398 0.10000000149011612
1 0.32083332538604736 0.31898146867752075 0.01770833320915699 0.026851851493120193
0 0.4950520694255829 0.7300925850868225 0.0390625 0.043518517166376114
1 0.6333333253860474 0.41018518805503845 0.014583333395421505 0.029629629105329514
1 0.5502604246139526 0.5949074029922485 0.01718750037252903 0.03055555559694767
0 0.5614583492279053 0.5916666388511658 0.03541666641831398 0.04259259253740311
0 0.3528645932674408 0.48240742087364197 0.0390625 0.08148147910833359
0 0.3187499940395355 0.33703702688217163 0.03020833246409893 0.07962962985038757
0 0.5992187261581421 0.605555534362793 0.03802083432674408 0.05000000074505806
0 0.628125011920929 0.3231481611728668 0.0416666679084301 0.05925925821065903
0 0.40937501192092896 0.8273147940635681 0.03437500074505806 0.05833333358168602
0 0.6408854126930237 0.4236111044883728 0.03802083432674408 0.07685185223817825