1 0.3973958194255829 0.33287036418914795 0.01875000074505806 0.032407406717538834
1 0.7749999761581421 0.25046294927597046 0.02187499962747097 0.03611111268401146
1 0.16770833730697632 0.6495370268821716 0.02500000037252903 0.03611111268401146
1 0.6026041507720947 0.6967592835426331 0.02291666716337204 0.034259259700775146
1 0.40807291865348816 0.2907407283782959 0.02447916753590107 0.03888889029622078
1 0.5674479007720947 0.7875000238418579 0.02656250074505806 0.03981481492519379
0 0.6013020873069763 0.7212963104248047 0.0338541679084301 0.08518518507480621
1 0.7729166746139526 0.34074074029922485 0.02083333395421505 0.029629629105329514
0 0.17526040971279144 0.6282407641410828 0.0442708320915699 0.07870370149612427
0 0.38489583134651184 0.34166666865348816 0.04374999925494194 0.0555555559694767
0 0.7841145992279053 0.23425926268100739 0.04010416567325592 0.06296296417713165
0 0.2044270783662796 0.8083333373069763 0.04843749850988388 0.06666667014360428
0 0.7708333134651184 0.3643518388271332 0.03437500074505806 0.08611111342906952
0 0.5570312738418579 0.7518518567085266 0.05156249925494194 0.10555555671453476
0 0.41458332538604736 0.2648148238658905 0.04270833358168602 0.07592592388391495