1 0.3960937559604645 0.2708333432674408 0.01718750037252903 0.028703704476356506
1 0.4885416626930237 0.4981481432914734 0.01770833320915699 0.02777777798473835
1 0.4872395694255829 0.3203703761100769 0.01822916604578495 0.031481482088565826
1 0.3335937559604645 0.29305556416511536 0.01718750037252903 0.023148147389292717
1 0.4450520873069763 0.16111111640930176 0.01822916604578495 0.029629629105329514
1 0.5864583253860474 0.5671296119689941 0.01666666753590107 0.03055555559694767
1 0.30390626192092896 0.6712962985038757 0.01614583283662796 0.024074073880910873
1 0.44479167461395264 0.7185184955596924 0.01770833320915699 0.02777777798473835
1 0.5210937261581421 0.45185184478759766 0.01822916604578495 0.025925925001502037
1 0.36901041865348816 0.8050925731658936 0.015104166232049465 0.026851851493120193
1 0.5010416507720947 0.16342592239379883 0.01666666753590107 0.026851851493120193
1 0.5703125 0.2361111044883728 0.01875000074505806 0.02777777798473835
1 0.6278645992279053 0.28240740299224854 0.015104166232049465 0.02777777798473835
0 0.3382812440395355 0.27546295523643494 0.02552083320915699 0.05833333358168602
0 0.4372395873069763 0.6967592835426331 0.03489583358168602 0.07870370149612427
0 0.48229166865348816 0.5189814567565918 0.03229166567325592 0.07314814627170563
0 0.3877604305744171 0.2916666567325592 0.03177083283662796 0.06481481343507767
0 0.5093749761581421 0.16527777910232544 0.03437500074505806 0.03981481492519379
0 0.5981770753860474 0.5810185074806213 0.04843749850988388 0.05833333358168602
0 0.4385416805744171 0.18472221493721008 0.02916666679084301 0.07500000298023224
0 0.3072916567325592 0.6916666626930237 0.02708333358168602 0.07777778059244156
0 0.5755208134651184 0.21574074029922485 0.03229166567325592 0.07407407462596893
0 0.6388021111488342 0.2907407283782959 0.03697916492819786 0.06481481343507767
0 0.47187501192092896 0.3166666626930237 0.04895833507180214 0.0555555559694767
0 0.5236979126930237 0.427314817905426 0.03177083283662796 0.08796296268701553
0 0.37968748807907104 0.8208333253860474 0.03958333283662796 0.06574074178934097