1 0.4124999940395355 0.4819444417953491 0.015625 0.023148147389292717
0 0.37682291865348816 0.4226851761341095 0.01614583283662796 0.04722222313284874
1 0.3578124940395355 0.44675925374031067 0.01354166679084301 0.021296296268701553
3 0.3929687440395355 0.46759259700775146 0.04322916641831398 0.05370370298624039
0 0.3791666626930237 0.4592592716217041 0.02187499962747097 0.03888889029622078
3 0.39401042461395264 0.40046295523643494 0.05052083358168602 0.05277777835726738
0 0.3505208194255829 0.43101853132247925 0.02604166604578495 0.049074072390794754
1 0.653124988079071 0.5925925970077515 0.014583333395421505 0.024074073880910873
1 0.3138020932674408 0.4662036895751953 0.01614583283662796 0.023148147389292717
1 0.37421876192092896 0.6768518686294556 0.01406249962747097 0.02777777798473835
1 0.598437488079071 0.7194444537162781 0.014583333395421505 0.02777777798473835
0 0.3148437440395355 0.48842594027519226 0.02239583246409893 0.07129629701375961
0 0.6458333134651184 0.6060185432434082 0.03541666641831398 0.06388889253139496
0 0.6067708134651184 0.710185170173645 0.03437500074505806 0.05740740895271301
0 0.3856770694255829 0.6805555820465088 0.04010416567325592 0.05740740895271301