0 0.5026041865348816 0.8708333373069763 0.03750000149011612 0.03981481492519379
1 0.6244791746139526 0.2560185194015503 0.01770833320915699 0.026851851493120193
1 0.6752604246139526 0.6092592477798462 0.01927083358168602 0.02777777798473835
1 0.2867187559604645 0.5680555701255798 0.01927083358168602 0.026851851493120193
1 0.6312500238418579 0.7152777910232544 0.01666666753590107 0.026851851493120193
1 0.46432292461395264 0.47083333134651184 0.01614583283662796 0.03055555559694767
1 0.3960937559604645 0.7541666626930237 0.01718750037252903 0.028703704476356506
1 0.5651041865348816 0.7518518567085266 0.01770833320915699 0.029629629105329514
1 0.484375 0.5148147940635681 0.01770833320915699 0.03333333507180214
1 0.5791666507720947 0.3870370388031006 0.01770833320915699 0.031481482088565826
1 0.4880208373069763 0.32777777314186096 0.01770833320915699 0.02777777798473835
1 0.3528645932674408 0.28842592239379883 0.01718750037252903 0.028703704476356506
1 0.6546875238418579 0.4046296179294586 0.01770833320915699 0.025925925001502037
0 0.44843751192092896 0.4694444537162781 0.05000000074505806 0.046296294778585434
0 0.2841145694255829 0.5435185432434082 0.02864583395421505 0.08518518507480621
0 0.6794270873069763 0.592129647731781 0.03072916716337204 0.07870370149612427
0 0.5541666746139526 0.7634259462356567 0.04374999925494194 0.05462963134050369
0 0.6388021111488342 0.6921296119689941 0.03177083283662796 0.07314814627170563
0 0.6557291746139526 0.42916667461395264 0.02916666679084301 0.08796296268701553
0 0.49921876192092896 0.5055555701255798 0.0494791679084301 0.0555555559694767
0 0.6200520992279053 0.27824074029922485 0.03072916716337204 0.07870370149612427
0 0.38593751192092896 0.7736111283302307 0.0416666679084301 0.07500000298023224
0 0.36640626192092896 0.2736110985279083 0.04218750074505806 0.06018518656492233
0 0.4911458194255829 0.3064814805984497 0.02812499925494194 0.0833333358168602
0 0.5640624761581421 0.3777777850627899 0.05000000074505806 0.06111111119389534