1 0.3411458432674408 0.29120370745658875 0.01770833320915699 0.034259259700775146
1 0.3190104067325592 0.380092591047287 0.01822916604578495 0.028703704476356506
1 0.33151042461395264 0.5356481671333313 0.01614583283662796 0.028703704476356506
1 0.6127604246139526 0.47175925970077515 0.01614583283662796 0.03055555559694767
1 0.5322916507720947 0.40416666865348816 0.01875000074505806 0.028703704476356506
1 0.4919270873069763 0.39120370149612427 0.015104166232049465 0.02500000037252903
1 0.4359374940395355 0.6796296238899231 0.01666666753590107 0.025925925001502037
1 0.46171873807907104 0.41620370745658875 0.01718750037252903 0.02500000037252903
1 0.4231770932674408 0.3717592656612396 0.015104166232049465 0.026851851493120193
0 0.47968751192092896 0.40324074029922485 0.03541666641831398 0.05277777835726738
1 0.503125011920929 0.48564815521240234 0.014583333395421505 0.028703704476356506
0 0.45364582538604736 0.43796294927597046 0.03854166716337204 0.06481481343507767
1 0.44453126192092896 0.1944444477558136 0.01614583283662796 0.029629629105329514
0 0.33385416865348816 0.3087962865829468 0.03333333507180214 0.07500000298023224
0 0.5153645873069763 0.5027777552604675 0.0390625 0.05925925821065903
0 0.6273437738418579 0.47870370745658875 0.05260416492819786 0.07037036865949631
0 0.5296875238418579 0.427314817905426 0.03125 0.08055555820465088
0 0.4281249940395355 0.35046297311782837 0.03333333507180214 0.0824074074625969
0 0.3151041567325592 0.40231481194496155 0.03125 0.08981481194496155
0 0.6677083373069763 0.2925925850868225 0.03333333507180214 0.06111111119389534
0 0.34322917461395264 0.5171296000480652 0.046875 0.08425925672054291
0 0.4390625059604645 0.7004629373550415 0.03229166567325592 0.09351851791143417
0 0.46041667461395264 0.19722221791744232 0.05104166641831398 0.06111111119389534