0 0.608593761920929 0.18194444477558136 0.05781250074505806 0.06388889253139496
3 0.6104166507720947 0.18472221493721008 0.05937499925494194 0.06574074178934097
0 0.5687500238418579 0.1578703671693802 0.03229166567325592 0.034259259700775146
3 0.6333333253860474 0.2083333283662796 0.04374999925494194 0.10370370000600815
0 0.6356770992279053 0.21898147463798523 0.03697916492819786 0.0824074074625969
0 0.6239583492279053 0.1884259283542633 0.02604166604578495 0.05092592537403107
0 0.5994791388511658 0.17314815521240234 0.03333333507180214 0.046296294778585434
1 0.6424478888511658 0.24629630148410797 0.01822916604578495 0.025925925001502037
0 0.6403645873069763 0.6495370268821716 0.03281249850988388 0.05648148059844971
1 0.5453125238418579 0.14444445073604584 0.01770833320915699 0.031481482088565826
1 0.5744791626930237 0.7731481194496155 0.01770833320915699 0.031481482088565826
1 0.4932291805744171 0.8791666626930237 0.014583333395421505 0.03055555559694767
1 0.5575520992279053 0.529629647731781 0.01718750037252903 0.035185184329748154
1 0.60546875 0.5217592716217041 0.01927083358168602 0.028703704476356506
1 0.5861979126930237 0.2759259343147278 0.01927083358168602 0.029629629105329514
0 0.6447916626930237 0.22777777910232544 0.02187499962747097 0.06481481343507767
0 0.5833333134651184 0.7597222328186035 0.03229166567325592 0.06388889253139496
0 0.53125 0.14074073731899261 0.03958333283662796 0.040740739554166794
3 0.5874999761581421 0.7310185432434082 0.04062499850988388 0.11574073880910873
0 0.569531261920929 0.5231481194496155 0.04114583507180214 0.05740740895271301
0 0.48255208134651184 0.8782407641410828 0.03697916492819786 0.05833333358168602
3 0.6291666626930237 0.6592592597007751 0.05624999850988388 0.08148147910833359
0 0.610156238079071 0.4967592656612396 0.02760416641831398 0.07685185223817825
0 0.598437488079071 0.26435184478759766 0.04374999925494194 0.05092592537403107