1 0.4947916567325592 0.5041666626930237 0.01145833358168602 0.023148147389292717
1 0.4205729067325592 0.7740740776062012 0.01406249962747097 0.02777777798473835
1 0.5088541507720947 0.3620370328426361 0.014583333395421505 0.024074073880910873
0 0.47864583134651184 0.8157407641410828 0.01770833320915699 0.024074073880910873
1 0.4585937559604645 0.6064814925193787 0.01197916641831398 0.018518518656492233
1 0.6377604007720947 0.6560184955596924 0.010937499813735485 0.023148147389292717
1 0.5028645992279053 0.7444444298744202 0.010937499813735485 0.020370369777083397
0 0.4533854126930237 0.8078703880310059 0.01822916604578495 0.03611111268401146
0 0.5127604007720947 0.7972221970558167 0.0234375 0.03888889029622078
0 0.40052083134651184 0.7379629611968994 0.02708333358168602 0.05000000074505806
0 0.4205729067325592 0.762499988079071 0.01614583283662796 0.05462963134050369
0 0.4507812559604645 0.7879629731178284 0.01927083358168602 0.06111111119389534
0 0.4937500059604645 0.7546296119689941 0.03125 0.04444444552063942
0 0.5127604007720947 0.3768518567085266 0.02447916753590107 0.06296296417713165
0 0.6026041507720947 0.7509258985519409 0.02708333358168602 0.046296294778585434
0 0.45364582538604736 0.6175925731658936 0.02916666679084301 0.05370370298624039
0 0.4867187440395355 0.5129629373550415 0.0338541679084301 0.0555555559694767
0 0.6260416507720947 0.6629629731178284 0.03541666641831398 0.0555555559694767