1 0.4997395873069763 0.8921296000480652 0.02239583246409893 0.034259259700775146
1 0.3278645873069763 0.46666666865348816 0.01822916604578495 0.035185184329748154
1 0.3921875059604645 0.2648148238658905 0.01666666753590107 0.025925925001502037
1 0.04322916641831398 0.29722222685813904 0.01666666753590107 0.025925925001502037
0 0.4997395873069763 0.9037036895751953 0.02656250074505806 0.05925925821065903
1 0.015104166232049465 0.5263888835906982 0.01770833320915699 0.028703704476356506
0 0.3486979305744171 0.7365740537643433 0.0234375 0.05833333358168602
1 0.36770832538604736 0.7708333134651184 0.01666666753590107 0.02500000037252903
1 0.47447916865348816 0.1875 0.01770833320915699 0.03055555559694767
1 0.6625000238418579 0.7976852059364319 0.01770833320915699 0.028703704476356506
0 0.014583333395421505 0.1893518567085266 0.02812499925494194 0.037962961941957474
1 0.04531250149011612 0.38657405972480774 0.01770833320915699 0.026851851493120193
1 0.6627604365348816 0.5824074149131775 0.01822916604578495 0.03703703731298447
0 0.04453124850988388 0.3717592656612396 0.02552083320915699 0.07500000298023224
1 0.03541666641831398 0.23055554926395416 0.012500000186264515 0.02222222276031971
1 0.5684896111488342 0.24629630148410797 0.01822916604578495 0.035185184329748154
1 0.46666666865348816 0.8509259223937988 0.01979166641831398 0.03333333507180214
0 0.39791667461395264 0.25555557012557983 0.02916666679084301 0.04814814776182175
0 0.4309895932674408 0.21990740299224854 0.03177083283662796 0.05648148059844971
3 0.41614583134651184 0.23935185372829437 0.06562499701976776 0.08981481194496155
0 0.01406249962747097 0.5078703761100769 0.02708333358168602 0.07870370149612427
0 0.3257812559604645 0.4870370328426361 0.02447916753590107 0.08518518507480621
0 0.671875 0.8078703880310059 0.03541666641831398 0.06203703582286835
0 0.04140625149011612 0.31388887763023376 0.0234375 0.06666667014360428
0 0.5794270634651184 0.2620370388031006 0.0442708320915699 0.07407407462596893
0 0.03072916716337204 0.24351851642131805 0.02916666679084301 0.05740740895271301
0 0.3713541626930237 0.7902777791023254 0.02708333358168602 0.07314814627170563
0 0.4815104305744171 0.8393518328666687 0.05572916567325592 0.06388889253139496
0 0.6752604246139526 0.5814814567565918 0.05572916567325592 0.06666667014360428
0 0.48645833134651184 0.18518517911434174 0.04479166492819786 0.05925925821065903