0 0.39244791865348816 0.8361111283302307 0.03281249850988388 0.03888889029622078
3 0.66796875 0.39259257912635803 0.04218750074505806 0.1259259283542633
1 0.46692708134651184 0.1615740805864334 0.01822916604578495 0.03611111268401146
1 0.6747395992279053 0.40740740299224854 0.01927083358168602 0.024074073880910873
1 0.45755207538604736 0.8768518567085266 0.015104166232049465 0.029629629105329514
0 0.3997395932674408 0.8449074029922485 0.05156249925494194 0.05277777835726738
1 0.31718748807907104 0.30324074625968933 0.01666666753590107 0.02500000037252903
1 0.2958333194255829 0.4018518626689911 0.01770833320915699 0.025925925001502037
1 0.5677083134651184 0.20000000298023224 0.014583333395421505 0.029629629105329514
0 0.3492187559604645 0.23472222685813904 0.0338541679084301 0.06203703582286835
0 0.42786458134651184 0.8541666865348816 0.03489583358168602 0.05833333358168602
1 0.653124988079071 0.3578703701496124 0.015625 0.026851851493120193
0 0.6752604246139526 0.4254629611968994 0.03281249850988388 0.07314814627170563
1 0.5252603888511658 0.3768518567085266 0.01614583283662796 0.025925925001502037
1 0.30026042461395264 0.6652777791023254 0.01927083358168602 0.028703704476356506
0 0.6619791388511658 0.36157408356666565 0.03229166567325592 0.06574074178934097
1 0.38489583134651184 0.8324074149131775 0.015625 0.025925925001502037
0 0.4684895873069763 0.8745370507240295 0.03697916492819786 0.0416666679084301
3 0.3382812440395355 0.2578703761100769 0.05885416641831398 0.10462962836027145
0 0.3203125 0.28935185074806213 0.02812499925494194 0.05833333358168602
0 0.2992187440395355 0.4203703701496124 0.02968749962747097 0.08888889104127884
0 0.5270833373069763 0.35555556416511536 0.03125 0.08703703433275223
0 0.3057291805744171 0.6870370507240295 0.03541666641831398 0.07777778059244156
0 0.5778645873069763 0.2023148089647293 0.04010416567325592 0.06018518656492233
0 0.4710937440395355 0.1606481522321701 0.0338541679084301 0.06018518656492233