0 0.34192708134651184 0.3273148238658905 0.03489583358168602 0.0824074074625969
1 0.5583333373069763 0.5356481671333313 0.014583333395421505 0.026851851493120193
1 0.6091145873069763 0.592129647731781 0.01718750037252903 0.026851851493120193
3 0.34583333134651184 0.31712964177131653 0.04270833358168602 0.1101851835846901
0 0.6044270992279053 0.6416666507720947 0.02968749962747097 0.07037036865949631
1 0.6997395753860474 0.664814829826355 0.01927083358168602 0.02777777798473835
1 0.6000000238418579 0.6597222089767456 0.01875000074505806 0.02500000037252903
1 0.573437511920929 0.6925926208496094 0.015625 0.02777777798473835
1 0.3375000059604645 0.49444442987442017 0.01979166641831398 0.025925925001502037
1 0.6552083492279053 0.7939814925193787 0.015625 0.026851851493120193
1 0.6401041746139526 0.2439814805984497 0.014583333395421505 0.028703704476356506
1 0.3372395932674408 0.3532407283782959 0.01927083358168602 0.028703704476356506
1 0.5296875238418579 0.6518518328666687 0.014583333395421505 0.02777777798473835
3 0.3661458194255829 0.2611111104488373 0.0572916679084301 0.08518518507480621
0 0.5611979365348816 0.6833333373069763 0.0390625 0.05370370298624039
3 0.5861979126930237 0.6208333373069763 0.05885416641831398 0.08425925672054291
0 0.5145833492279053 0.6509259343147278 0.04479166492819786 0.05000000074505806
0 0.3778645694255829 0.23935185372829437 0.03489583358168602 0.05277777835726738
0 0.6937500238418579 0.6884258985519409 0.0364583320915699 0.07685185223817825
0 0.33645832538604736 0.4662036895751953 0.03229166567325592 0.08425925672054291
0 0.6541666388511658 0.25138887763023376 0.04270833358168602 0.07314814627170563
0 0.5697916746139526 0.5249999761581421 0.04062499850988388 0.06111111119389534
0 0.5953124761581421 0.5916666388511658 0.04062499850988388 0.046296294778585434
0 0.6424478888511658 0.7990740537643433 0.04218750074505806 0.06296296417713165