1 0.6486979126930237 0.364814817905426 0.01822916604578495 0.029629629105329514
1 0.6645833253860474 0.3620370328426361 0.01666666753590107 0.02222222276031971
3 0.64453125 0.3203703761100769 0.04010416567325592 0.13518518209457397
3 0.6596354246139526 0.375 0.05260416492819786 0.09259258955717087
0 0.671093761920929 0.3847222328186035 0.03281249850988388 0.0694444477558136
1 0.5994791388511658 0.5680555701255798 0.014583333395421505 0.028703704476356506
3 0.6255208253860474 0.762499988079071 0.05416666716337204 0.09537036716938019
1 0.6489583253860474 0.5009258985519409 0.01979166641831398 0.024074073880910873
1 0.34375 0.5412036776542664 0.01875000074505806 0.026851851493120193
1 0.3046875 0.5023148059844971 0.01770833320915699 0.023148147389292717
0 0.6109374761581421 0.7856481671333313 0.02812499925494194 0.043518517166376114
0 0.5760416388511658 0.7912036776542664 0.02083333395421505 0.0824074074625969
1 0.5658854246139526 0.6699073910713196 0.01927083358168602 0.026851851493120193
0 0.639843761920929 0.3004629611968994 0.02864583395421505 0.07500000298023224
0 0.6364583373069763 0.7384259104728699 0.03541666641831398 0.05462963134050369
0 0.34453123807907104 0.5111111402511597 0.02864583395421505 0.09814814478158951
0 0.40156251192092896 0.19490741193294525 0.02812499925494194 0.05277777835726738
0 0.5651041865348816 0.6439814567565918 0.03020833246409893 0.08055555820465088
0 0.64453125 0.47361111640930176 0.02968749962747097 0.07870370149612427
0 0.4283854067325592 0.7916666865348816 0.02968749962747097 0.07777778059244156
0 0.30807292461395264 0.47083333134651184 0.02552083320915699 0.08611111342906952
0 0.6130208373069763 0.581944465637207 0.04270833358168602 0.06388889253139496