3 0.6403645873069763 0.6203703880310059 0.05677083507180214 0.10740740597248077
0 0.598437488079071 0.6800925731658936 0.03437500074505806 0.043518517166376114
1 0.3072916567325592 0.41898149251937866 0.015625 0.02500000037252903
1 0.5401041507720947 0.7749999761581421 0.01770833320915699 0.029629629105329514
1 0.6614583134651184 0.5694444179534912 0.01666666753590107 0.024074073880910873
0 0.5630208253860474 0.6726852059364319 0.03750000149011612 0.03981481492519379
1 0.3205729126930237 0.7013888955116272 0.015104166232049465 0.028703704476356506
1 0.5520833134651184 0.6398147940635681 0.01875000074505806 0.024074073880910873
1 0.6229166388511658 0.41712963581085205 0.01875000074505806 0.02500000037252903
1 0.6705729365348816 0.49444442987442017 0.01822916604578495 0.025925925001502037
1 0.28567707538604736 0.5273148417472839 0.01822916604578495 0.02500000037252903
0 0.5356770753860474 0.7847222089767456 0.03281249850988388 0.05277777835726738
3 0.6148437261581421 0.6564815044403076 0.06614582985639572 0.07407407462596893
0 0.6299479007720947 0.6472222208976746 0.0338541679084301 0.05370370298624039
0 0.5479166507720947 0.6097221970558167 0.02291666716337204 0.07500000298023224
0 0.655468761920929 0.5893518328666687 0.03072916716337204 0.06203703582286835
0 0.31328123807907104 0.3986110985279083 0.03593749925494194 0.0824074074625969
0 0.6700521111488342 0.5143518447875977 0.02968749962747097 0.07685185223817825
0 0.3151041567325592 0.6842592358589172 0.03333333507180214 0.07777778059244156
0 0.6200520992279053 0.38749998807907104 0.03177083283662796 0.0824074074625969
3 0.5609375238418579 0.6356481313705444 0.046875 0.11574073880910873
0 0.2864583432674408 0.5050926208496094 0.03125 0.08611111342906952