1 0.4872395694255829 0.27638888359069824 0.01718750037252903 0.028703704476356506
3 0.48776042461395264 0.8027777671813965 0.04843749850988388 0.05000000074505806
1 0.66796875 0.2726851999759674 0.013020833022892475 0.01944444514811039
3 0.49140626192092896 0.34351852536201477 0.03802083432674408 0.10740740597248077
0 0.44739583134651184 0.7935185432434082 0.03541666641831398 0.04444444552063942
0 0.49010416865348816 0.8041666746139526 0.0416666679084301 0.04537037014961243
1 0.5044270753860474 0.8472222089767456 0.02031249925494194 0.031481482088565826
1 0.6502603888511658 0.23055554926395416 0.01822916604578495 0.025925925001502037
1 0.6273437738418579 0.5629629492759705 0.02135416679084301 0.03703703731298447
0 0.4963541626930237 0.255092591047287 0.03750000149011612 0.07685185223817825
3 0.4958333373069763 0.2689814865589142 0.0416666679084301 0.10092592239379883
1 0.38619792461395264 0.41805556416511536 0.01822916604578495 0.032407406717538834
1 0.3968749940395355 0.20324073731899261 0.015625 0.03055555559694767
3 0.4401041567325592 0.7745370268821716 0.05520833283662796 0.0824074074625969
0 0.4906249940395355 0.36342594027519226 0.02916666679084301 0.0694444477558136
1 0.4205729067325592 0.7523148059844971 0.01822916604578495 0.028703704476356506
0 0.6734374761581421 0.2569444477558136 0.02395833283662796 0.05462963134050369
0 0.6421874761581421 0.2074074000120163 0.03541666641831398 0.06481481343507767
0 0.42265623807907104 0.772685170173645 0.02447916753590107 0.0824074074625969
0 0.37552082538604736 0.43703705072402954 0.04479166492819786 0.07962962985038757
0 0.6364583373069763 0.5796296000480652 0.04270833358168602 0.07962962985038757
0 0.3843750059604645 0.20972222089767456 0.0416666679084301 0.06388889253139496