1 0.5403645634651184 0.779629647731781 0.0234375 0.03703703731298447
1 0.4632812440395355 0.8402777910232544 0.01197916641831398 0.02500000037252903
1 0.4963541626930237 0.4592592716217041 0.014583333395421505 0.020370369777083397
3 0.4867187440395355 0.4384259283542633 0.03177083283662796 0.06388889253139496
1 0.29765623807907104 0.4194444417953491 0.01927083358168602 0.020370369777083397
0 0.5403645634651184 0.7875000238418579 0.02135416679084301 0.049074072390794754
0 0.4528645873069763 0.8402777910232544 0.02760416641831398 0.03981481492519379
3 0.5028645992279053 0.4694444537162781 0.06093750149011612 0.09814814478158951
1 0.5674479007720947 0.5587962865829468 0.01718750037252903 0.026851851493120193
0 0.4867187440395355 0.4393518567085266 0.03177083283662796 0.06388889253139496
1 0.5255208611488342 0.5097222328186035 0.015625 0.02500000037252903
3 0.3023437559604645 0.4245370328426361 0.03281249850988388 0.125
3 0.49270832538604736 0.39722222089767456 0.03437500074505806 0.11296296119689941
1 0.6104166507720947 0.5777778029441833 0.01770833320915699 0.029629629105329514
1 0.33385416865348816 0.27453702688217163 0.01666666753590107 0.026851851493120193
0 0.30416667461395264 0.45694443583488464 0.02812499925494194 0.0694444477558136
1 0.5520833134651184 0.21944443881511688 0.01666666753590107 0.031481482088565826
0 0.4947916567325592 0.3689814805984497 0.02916666679084301 0.06759259104728699
0 0.5317708253860474 0.7958333492279053 0.04062499850988388 0.06759259104728699
0 0.515625 0.4930555522441864 0.0364583320915699 0.05648148059844971
0 0.6044270992279053 0.5995370149612427 0.03177083283662796 0.06759259104728699
0 0.5588541626930237 0.5467592477798462 0.04062499850988388 0.05833333358168602
0 0.5369791388511658 0.21898147463798523 0.04270833358168602 0.05277777835726738
0 0.2955729067325592 0.3939814865589142 0.02447916753590107 0.07129629701375961
3 0.5158854126930237 0.35277777910232544 0.06614582985639572 0.08518518507480621
0 0.34322917461395264 0.25740739703178406 0.03958333283662796 0.06111111119389534
0 0.532031238079071 0.33101850748062134 0.03802083432674408 0.05277777835726738