1 0.4880208373069763 0.2759259343147278 0.01770833320915699 0.02777777798473835
3 0.5013020634651184 0.7912036776542664 0.06718750298023224 0.05092592537403107
0 0.44453126192092896 0.8037037253379822 0.02864583395421505 0.05370370298624039
3 0.4932291805744171 0.3412036895751953 0.03958333283662796 0.10462962836027145
3 0.4596354067325592 0.8064814805984497 0.05260416492819786 0.051851850003004074
3 0.4325520694255829 0.7791666388511658 0.0442708320915699 0.0972222238779068
0 0.49817708134651184 0.25231480598449707 0.03593749925494194 0.07129629701375961
3 0.49687498807907104 0.2657407522201538 0.0416666679084301 0.0962962955236435
1 0.6497395634651184 0.23055554926395416 0.01822916604578495 0.025925925001502037
1 0.4989583194255829 0.8509259223937988 0.01666666753590107 0.02777777798473835
1 0.66796875 0.27314814925193787 0.01406249962747097 0.020370369777083397
1 0.6270833611488342 0.5620370507240295 0.01875000074505806 0.031481482088565826
1 0.3864583373069763 0.41712963581085205 0.01770833320915699 0.032407406717538834
1 0.3968749940395355 0.20324073731899261 0.015625 0.03055555559694767
1 0.42135417461395264 0.7527777552604675 0.01770833320915699 0.02777777798473835
0 0.42135417461395264 0.7740740776062012 0.02291666716337204 0.08518518507480621
0 0.6419270634651184 0.2074074000120163 0.03489583358168602 0.06481481343507767
0 0.4924479126930237 0.3629629611968994 0.03072916716337204 0.06111111119389534
0 0.672656238079071 0.25648146867752075 0.0234375 0.05370370298624039
0 0.5140625238418579 0.7875000238418579 0.04062499850988388 0.0416666679084301
0 0.3760416805744171 0.4347222149372101 0.04270833358168602 0.07500000298023224
0 0.63671875 0.5800926089286804 0.04218750074505806 0.07870370149612427
0 0.3841145932674408 0.2101851850748062 0.04218750074505806 0.06296296417713165