1 0.45885416865348816 0.8050925731658936 0.01354166679084301 0.03055555559694767
0 0.4416666626930237 0.8282407522201538 0.02812499925494194 0.04537037014961243
1 0.3505208194255829 0.7134259343147278 0.015625 0.026851851493120193
1 0.6450520753860474 0.2796296179294586 0.015104166232049465 0.031481482088565826
0 0.5140625238418579 0.8458333611488342 0.03437500074505806 0.037962961941957474
1 0.4609375 0.4217592477798462 0.01666666753590107 0.03055555559694767
1 0.3125 0.40416666865348816 0.015625 0.02500000037252903
1 0.5601562261581421 0.34583333134651184 0.01718750037252903 0.028703704476356506
1 0.3903645873069763 0.7824074029922485 0.01614583283662796 0.02777777798473835
1 0.6070312261581421 0.19629628956317902 0.015104166232049465 0.031481482088565826
1 0.6010416746139526 0.4523148238658905 0.01875000074505806 0.026851851493120193
0 0.639843761920929 0.23055554926395416 0.02656250074505806 0.05925925821065903
0 0.6596354246139526 0.2837963104248047 0.03802083432674408 0.04537037014961243
0 0.31718748807907104 0.385185182094574 0.03541666641831398 0.07592592388391495
0 0.36015623807907104 0.24166665971279144 0.02760416641831398 0.05925925821065903
0 0.39661458134651184 0.7958333492279053 0.03281249850988388 0.06018518656492233
0 0.5989583134651184 0.47592592239379883 0.03020833246409893 0.09259258955717087
0 0.590624988079071 0.1953703761100769 0.04583333432674408 0.051851850003004074
0 0.5653645992279053 0.36851853132247925 0.03281249850988388 0.0962962955236435
0 0.4729166626930237 0.43611112236976624 0.05000000074505806 0.07962962985038757
0 0.3411458432674408 0.7023147940635681 0.03958333283662796 0.07870370149612427