4 0.5914062261581421 0.4731481373310089 0.0546875 0.12037037312984467
1 0.5583333373069763 0.8472222089767456 0.02187499962747097 0.031481482088565826
0 0.5859375 0.49166667461395264 0.04583333432674408 0.08148147910833359
3 0.590624988079071 0.45972222089767456 0.0572916679084301 0.14537036418914795
1 0.6044270992279053 0.4009259343147278 0.02031249925494194 0.02777777798473835
1 0.01536458358168602 0.5273148417472839 0.01822916604578495 0.028703704476356506
1 0.5276041626930237 0.852314829826355 0.01770833320915699 0.028703704476356506
1 0.04531250149011612 0.3847222328186035 0.015625 0.02500000037252903
1 0.6036458611488342 0.2888889014720917 0.01770833320915699 0.03333333507180214
1 0.43411457538604736 0.5671296119689941 0.01927083358168602 0.028703704476356506
1 0.03463541716337204 0.2611111104488373 0.013020833022892475 0.02777777798473835
1 0.39140623807907104 0.6189814805984497 0.015104166232049465 0.03611111268401146
0 0.014583333395421505 0.18888889253139496 0.02916666679084301 0.046296294778585434
0 0.5158854126930237 0.8703703880310059 0.03802083432674408 0.05925925821065903
0 0.6067708134651184 0.41805556416511536 0.03229166567325592 0.06574074178934097
0 0.5752604007720947 0.842129647731781 0.03593749925494194 0.037962961941957474
0 0.7119791507720947 0.7268518805503845 0.03437500074505806 0.07037036865949631
0 0.014583333395421505 0.5092592835426331 0.02812499925494194 0.07777778059244156
0 0.02447916753590107 0.25462964177131653 0.03854166716337204 0.06111111119389534
0 0.43177083134651184 0.5888888835906982 0.03333333507180214 0.09444444626569748
0 0.046875 0.3740740716457367 0.03125 0.07037036865949631
0 0.02656250074505806 0.4416666626930237 0.0416666679084301 0.07037036865949631
0 0.5893229246139526 0.28425925970077515 0.04739583283662796 0.06666667014360428
0 0.6348958611488342 0.7546296119689941 0.02812499925494194 0.08888889104127884
0 0.3786458373069763 0.6245370507240295 0.04791666567325592 0.07870370149612427