1 0.4598958194255829 0.6041666865348816 0.01145833358168602 0.01944444514811039
0 0.47317707538604736 0.8148148059844971 0.02031249925494194 0.02777777798473835
1 0.4674479067325592 0.5004629492759705 0.00989583320915699 0.01944444514811039
1 0.5182291865348816 0.5064814686775208 0.014583333395421505 0.020370369777083397
1 0.528124988079071 0.3055555522441864 0.015625 0.02777777798473835
0 0.45781248807907104 0.489814817905426 0.03020833246409893 0.04814814776182175
1 0.45260417461395264 0.7162036895751953 0.01145833358168602 0.01944444514811039
1 0.4320312440395355 0.7518518567085266 0.01406249962747097 0.018518518656492233
0 0.48750001192092896 0.5129629373550415 0.02500000037252903 0.04259259253740311
0 0.5122395753860474 0.7981481552124023 0.0234375 0.040740739554166794
0 0.46145832538604736 0.7037037014961243 0.02916666679084301 0.046296294778585434
0 0.507031261920929 0.6967592835426331 0.02656250074505806 0.0416666679084301
0 0.4541666805744171 0.6180555820465088 0.02916666679084301 0.05648148059844971
0 0.5179687738418579 0.5199074149131775 0.02031249925494194 0.06018518656492233
0 0.538281261920929 0.30787035822868347 0.0338541679084301 0.05833333358168602
0 0.40234375 0.7384259104728699 0.02968749962747097 0.04722222313284874
0 0.42890626192092896 0.7689814567565918 0.02447916753590107 0.05277777835726738