0 0.6403645873069763 0.7416666746139526 0.0390625 0.06666667014360428
1 0.6489583253860474 0.7263888716697693 0.015625 0.026851851493120193
1 0.41354167461395264 0.39351850748062134 0.01666666753590107 0.025925925001502037
1 0.4247395694255829 0.6902777552604675 0.01614583283662796 0.02500000037252903
1 0.3695312440395355 0.6847222447395325 0.013020833022892475 0.026851851493120193
1 0.35859376192092896 0.727314829826355 0.015104166232049465 0.023148147389292717
1 0.5182291865348816 0.6805555820465088 0.01875000074505806 0.02777777798473835
0 0.4221354126930237 0.7097222208976746 0.02552083320915699 0.0694444477558136
1 0.6356770992279053 0.35277777910232544 0.01614583283662796 0.02777777798473835
1 0.5526041388511658 0.15925925970077515 0.01666666753590107 0.031481482088565826
1 0.3674479126930237 0.5685185194015503 0.01927083358168602 0.02777777798473835
3 0.40546876192092896 0.7180555462837219 0.0546875 0.08055555820465088
0 0.3929687440395355 0.7393518686294556 0.0338541679084301 0.04537037014961243
1 0.6994791626930237 0.4236111044883728 0.01875000074505806 0.026851851493120193
0 0.38203126192092896 0.6745370626449585 0.0390625 0.05648148059844971
0 0.703125 0.4453703761100769 0.02812499925494194 0.08148147910833359
0 0.35989582538604736 0.7416666746139526 0.02395833283662796 0.06111111119389534
0 0.4088541567325592 0.41435185074806213 0.03437500074505806 0.09166666865348816
0 0.5135416388511658 0.7046296000480652 0.0364583320915699 0.0833333358168602
0 0.3687500059604645 0.5416666865348816 0.03437500074505806 0.0962962955236435
0 0.6309896111488342 0.32777777314186096 0.03072916716337204 0.09259258955717087
0 0.6622396111488342 0.2736110985279083 0.0338541679084301 0.06203703582286835
0 0.5401041507720947 0.1527777761220932 0.04791666567325592 0.05925925821065903