3 0.6768229007720947 0.5166666507720947 0.03177083283662796 0.10555555671453476
1 0.6778646111488342 0.5407407283782959 0.01614583283662796 0.018518518656492233
1 0.4622395932674408 0.8462963104248047 0.01614583283662796 0.02777777798473835
1 0.6794270873069763 0.4694444537162781 0.01614583283662796 0.024074073880910873
1 0.4007812440395355 0.18611110746860504 0.01614583283662796 0.02777777798473835
1 0.5041666626930237 0.3671296238899231 0.01666666753590107 0.028703704476356506
1 0.5247395634651184 0.3768518567085266 0.01927083358168602 0.02777777798473835
1 0.4388020932674408 0.16249999403953552 0.015104166232049465 0.03055555559694767
1 0.3929687440395355 0.8347222208976746 0.01927083358168602 0.032407406717538834
1 0.6526041626930237 0.33703702688217163 0.014583333395421505 0.025925925001502037
1 0.3036458194255829 0.6708333492279053 0.01770833320915699 0.026851851493120193
1 0.3580729067325592 0.22870370745658875 0.01614583283662796 0.025925925001502037
0 0.6781250238418579 0.48750001192092896 0.03020833246409893 0.07500000298023224
0 0.6781250238418579 0.5652777552604675 0.02916666679084301 0.08055555820465088
0 0.4085937440395355 0.1745370328426361 0.0338541679084301 0.05092592537403107
0 0.6591145992279053 0.3490740656852722 0.03281249850988388 0.07222222536802292
0 0.4507812559604645 0.15740740299224854 0.03802083432674408 0.04259259253740311
0 0.5216146111488342 0.8620370626449585 0.03281249850988388 0.046296294778585434
0 0.5283854007720947 0.3541666567325592 0.02552083320915699 0.08055555820465088
0 0.4606770873069763 0.8245370388031006 0.02656250074505806 0.07500000298023224
0 0.3682291805744171 0.2212962955236435 0.03437500074505806 0.04444444552063942
0 0.30807292461395264 0.6916666626930237 0.03177083283662796 0.07777778059244156
0 0.49036458134651184 0.3768518567085266 0.04114583507180214 0.05925925821065903
0 0.4091145694255829 0.845370352268219 0.05156249925494194 0.06851851940155029