1 0.571093738079071 0.5703703761100769 0.015104166232049465 0.031481482088565826
1 0.2958333194255829 0.385185182094574 0.014583333395421505 0.02222222276031971
1 0.30807292461395264 0.668055534362793 0.01718750037252903 0.028703704476356506
1 0.2890625 0.5412036776542664 0.01770833320915699 0.02500000037252903
1 0.5075520873069763 0.4782407283782959 0.015104166232049465 0.028703704476356506
1 0.6585937738418579 0.6074073910713196 0.01822916604578495 0.02777777798473835
1 0.518750011920929 0.5606481432914734 0.01666666753590107 0.028703704476356506
1 0.5247395634651184 0.3324074149131775 0.01718750037252903 0.02777777798473835
1 0.359375 0.23425926268100739 0.015625 0.025925925001502037
1 0.5440104007720947 0.19675925374031067 0.01614583283662796 0.026851851493120193
1 0.5989583134651184 0.3611111044883728 0.02083333395421505 0.029629629105329514
1 0.629687488079071 0.48379629850387573 0.01875000074505806 0.026851851493120193
1 0.6802083253860474 0.5601851940155029 0.01770833320915699 0.024074073880910873
0 0.6518229246139526 0.6310185194015503 0.03281249850988388 0.07870370149612427
0 0.5572916865348816 0.5731481313705444 0.04270833358168602 0.05000000074505806
0 0.555468738079071 0.21296297013759613 0.03593749925494194 0.06296296417713165
0 0.28437501192092896 0.5666666626930237 0.03125 0.07962962985038757
0 0.5044270753860474 0.5513888597488403 0.04114583507180214 0.05462963134050369
0 0.6348958611488342 0.5055555701255798 0.03125 0.0833333358168602
0 0.30078125 0.37453705072402954 0.03072916716337204 0.06203703582286835
0 0.5153645873069763 0.3152777850627899 0.03697916492819786 0.06759259104728699
0 0.6841145753860474 0.5458333492279053 0.02864583395421505 0.0694444477558136
0 0.5190104246139526 0.4611110985279083 0.04114583507180214 0.07037036865949631
0 0.5947916507720947 0.3351851999759674 0.03125 0.08518518507480621
0 0.37031251192092896 0.21944443881511688 0.03541666641831398 0.05370370298624039
0 0.3205729126930237 0.6527777910232544 0.04322916641831398 0.06666667014360428