1 0.5361979007720947 0.2750000059604645 0.015104166232049465 0.02777777798473835
1 0.5861979126930237 0.8185185194015503 0.01406249962747097 0.02222222276031971
1 0.3880208432674408 0.720370352268219 0.015625 0.025925925001502037
1 0.58984375 0.4990740716457367 0.01718750037252903 0.02777777798473835
1 0.5888020992279053 0.5717592835426331 0.01718750037252903 0.028703704476356506
0 0.5127604007720947 0.31203705072402954 0.04010416567325592 0.07222222536802292
1 0.35078126192092896 0.25046294927597046 0.01927083358168602 0.026851851493120193
1 0.5533854365348816 0.3046296238899231 0.01718750037252903 0.024074073880910873
0 0.5736979246139526 0.8222222328186035 0.02968749962747097 0.03703703731298447
1 0.6104166507720947 0.772685170173645 0.01770833320915699 0.028703704476356506
1 0.3817708194255829 0.5185185074806213 0.01875000074505806 0.025925925001502037
1 0.43671876192092896 0.22083333134651184 0.01927083358168602 0.034259259700775146
1 0.6479166746139526 0.32870370149612427 0.01666666753590107 0.02777777798473835
0 0.604687511920929 0.792129635810852 0.03229166567325592 0.0694444477558136
1 0.49609375 0.1657407432794571 0.01822916604578495 0.029629629105329514
0 0.3760416805744171 0.5458333492279053 0.03333333507180214 0.0824074074625969
1 0.3031249940395355 0.48842594027519226 0.01770833320915699 0.026851851493120193
0 0.5479166507720947 0.28611111640930176 0.02916666679084301 0.06481481343507767
0 0.5091145634651184 0.16342592239379883 0.04531250149011612 0.04722222313284874
0 0.3473958373069763 0.27407407760620117 0.02708333358168602 0.07592592388391495
0 0.44921875 0.2273148149251938 0.05052083358168602 0.04722222313284874
0 0.6583333611488342 0.3453703820705414 0.03541666641831398 0.07222222536802292
0 0.5791666507720947 0.5555555820465088 0.03437500074505806 0.06296296417713165
0 0.3854166567325592 0.6935185194015503 0.03020833246409893 0.08888889104127884
0 0.5989583134651184 0.48055556416511536 0.0364583320915699 0.06666667014360428
0 0.30677083134651184 0.5152778029441833 0.03020833246409893 0.08796296268701553