1 0.4281249940395355 0.862500011920929 0.014583333395421505 0.028703704476356506
0 0.5052083134651184 0.9023148417472839 0.03229166567325592 0.05833333358168602
1 0.04296875 0.29629629850387573 0.01718750037252903 0.025925925001502037
1 0.6898437738418579 0.7643518447875977 0.01927083358168602 0.026851851493120193
1 0.6640625 0.27731481194496155 0.015625 0.032407406717538834
0 0.4164062440395355 0.855555534362793 0.04114583507180214 0.0555555559694767
1 0.5536458492279053 0.32870370149612427 0.01875000074505806 0.02777777798473835
1 0.015104166232049465 0.5259259343147278 0.01770833320915699 0.02777777798473835
1 0.4494791626930237 0.8560185432434082 0.01979166641831398 0.03055555559694767
0 0.4934895932674408 0.8736110925674438 0.03802083432674408 0.04722222313284874
1 0.04583333432674408 0.38425925374031067 0.01770833320915699 0.02777777798473835
3 0.4229166805744171 0.8513888716697693 0.06145833432674408 0.07314814627170563
0 0.014322916977107525 0.1884259283542633 0.02760416641831398 0.03981481492519379
1 0.6213541626930237 0.21666666865348816 0.01354166679084301 0.029629629105329514
1 0.633593738079071 0.727314829826355 0.01718750037252903 0.02500000037252903
1 0.6187499761581421 0.28333333134651184 0.015625 0.029629629105329514
1 0.03541666641831398 0.2291666716337204 0.012500000186264515 0.021296296268701553
0 0.04505208507180214 0.37268519401550293 0.02656250074505806 0.07685185223817825
0 0.44088542461395264 0.8388888835906982 0.03072916716337204 0.05740740895271301
0 0.633593738079071 0.28425925970077515 0.04114583507180214 0.04259259253740311
0 0.6742187738418579 0.27546295523643494 0.03489583358168602 0.04537037014961243
0 0.01406249962747097 0.5078703761100769 0.02708333358168602 0.07870370149612427
0 0.6846354007720947 0.7888888716697693 0.03593749925494194 0.08148147910833359
0 0.6328125 0.21759259700775146 0.03437500074505806 0.05000000074505806
0 0.03072916716337204 0.24351851642131805 0.02916666679084301 0.0555555559694767
0 0.04114583507180214 0.31296294927597046 0.02395833283662796 0.06666667014360428
0 0.5614583492279053 0.3087962865829468 0.03125 0.0824074074625969
0 0.6346353888511658 0.7569444179534912 0.02656250074505806 0.08796296268701553