0 0.27638888359069824 0.3066037595272064 0.08611111342906952 0.050314463675022125
0 0.3592592477798462 0.29441824555397034 0.040740739554166794 0.03537735715508461
0 0.4337962865829468 0.26690250635147095 0.07685185223817825 0.038522012531757355
0 0.3314814865589142 0.2582547068595886 0.05740740895271301 0.07311321049928665
1 0.3643518388271332 0.2987421452999115 0.028703704476356506 0.022012578323483467
0 0.3324074149131775 0.3478773534297943 0.05740740895271301 0.057389937341213226
4 0.2750000059604645 0.3073899447917938 0.07962962985038757 0.050314463675022125
1 0.33657407760620117 0.3270440399646759 0.03055555559694767 0.020440252497792244
1 0.47083333134651184 0.24842767417430878 0.026851851493120193 0.02358490601181984
0 0.5009258985519409 0.24842767417430878 0.08703703433275223 0.039308175444602966
0 0.4842592477798462 0.30188679695129395 0.046296294778585434 0.06132075563073158
1 0.08472222089767456 0.4587264060974121 0.032407406717538834 0.02437106892466545
1 0.4643518626689911 0.276729553937912 0.028703704476356506 0.022012578323483467
1 0.4893518388271332 0.2779088020324707 0.03055555559694767 0.021226415410637856
1 0.7282407283782959 0.5770440101623535 0.03055555559694767 0.026729559525847435
1 0.592129647731781 0.32232704758644104 0.032407406717538834 0.025157231837511063
1 0.3097222149372101 0.2932389974594116 0.028703704476356506 0.020440252497792244
1 0.32499998807907104 0.23309747874736786 0.031481482088565826 0.02279874123632908
1 0.15833333134651184 0.5196540951728821 0.03333333507180214 0.025157231837511063
1 0.3930555582046509 0.5400943160057068 0.037962961941957474 0.02358490601181984
1 0.11435185372829437 0.30974844098091125 0.034259259700775146 0.028301887214183807
1 0.7412037253379822 0.5436320900917053 0.03055555559694767 0.02437106892466545
1 0.7370370626449585 0.5035377144813538 0.03333333507180214 0.021226415410637856
1 0.3018518388271332 0.49056604504585266 0.031481482088565826 0.028301887214183807
0 0.23749999701976776 0.3895440399646759 0.0824074074625969 0.04638364911079407
0 0.7407407164573669 0.4795597493648529 0.046296294778585434 0.06446541100740433
0 0.6152777671813965 0.3411949574947357 0.08055555820465088 0.06761006265878677
0 0.14814814925193787 0.4984276592731476 0.06111111119389534 0.06761006265878677
0 0.38749998807907104 0.5695754885673523 0.05462963134050369 0.07783018797636032
0 0.7675926089286804 0.5377358198165894 0.07592592388391495 0.04245283082127571
0 0.7027778029441833 0.5652515888214111 0.07777778059244156 0.05817610025405884
0 0.2736110985279083 0.4795597493648529 0.08611111342906952 0.05974842607975006
0 0.08611111342906952 0.43985849618911743 0.05925925821065903 0.06996855139732361
0 0.1259259283542633 0.3183962404727936 0.07222222536802292 0.05817610025405884