1 0.546875 0.1935185194015503 0.03854166716337204 0.04444444552063942
1 0.5302083492279053 0.17870371043682098 0.02187499962747097 0.03333333507180214
1 0.6361979246139526 0.6587963104248047 0.01406249962747097 0.026851851493120193
0 0.6497395634651184 0.6532407402992249 0.03072916716337204 0.09351851791143417
1 0.6072916388511658 0.7773148417472839 0.01979166641831398 0.026851851493120193
1 0.5213541388511658 0.17037037014961243 0.015625 0.031481482088565826
1 0.53515625 0.1875 0.015104166232049465 0.03055555559694767
1 0.6502603888511658 0.6819444298744202 0.01822916604578495 0.028703704476356506
1 0.36666667461395264 0.7907407283782959 0.014583333395421505 0.024074073880910873
1 0.6447916626930237 0.5476852059364319 0.01770833320915699 0.026851851493120193
1 0.5861979126930237 0.5342592597007751 0.01614583283662796 0.03333333507180214
1 0.3877604305744171 0.3097222149372101 0.01822916604578495 0.034259259700775146
1 0.32109373807907104 0.7083333134651184 0.01614583283662796 0.024074073880910873
1 0.4281249940395355 0.3837963044643402 0.01666666753590107 0.032407406717538834
1 0.6192708611488342 0.2518518567085266 0.01875000074505806 0.02777777798473835
0 0.6380208134651184 0.5699074268341064 0.03020833246409893 0.0694444477558136
1 0.6151041388511658 0.3282407522201538 0.01770833320915699 0.03055555559694767
3 0.6466146111488342 0.6518518328666687 0.04114583507180214 0.09814814478158951
0 0.6111978888511658 0.2361111044883728 0.03593749925494194 0.06111111119389534
0 0.600781261920929 0.7976852059364319 0.02864583395421505 0.06759259104728699
0 0.41458332538604736 0.39120370149612427 0.04791666567325592 0.05462963134050369
0 0.5484374761581421 0.19398148357868195 0.04062499850988388 0.04722222313284874
0 0.573437511920929 0.5458333492279053 0.04479166492819786 0.06574074178934097
0 0.37421876192092896 0.3162037134170532 0.04531250149011612 0.06018518656492233
0 0.32734376192092896 0.730555534362793 0.03697916492819786 0.07592592388391495
0 0.6208333373069763 0.3513889014720917 0.03020833246409893 0.08796296268701553
0 0.3606770932674408 0.8004629611968994 0.03281249850988388 0.05833333358168602
0 0.5098958611488342 0.1648148149251938 0.03541666641831398 0.046296294778585434