3 0.5330728888511658 0.27453702688217163 0.0755208358168602 0.06018518656492233
3 0.5622395873069763 0.3231481611728668 0.06093750149011612 0.10185185074806213
1 0.5598958134651184 0.2935185134410858 0.014583333395421505 0.025925925001502037
1 0.38854166865348816 0.7208333611488342 0.01666666753590107 0.026851851493120193
1 0.6114583611488342 0.572685182094574 0.01770833320915699 0.026851851493120193
1 0.5213541388511658 0.2648148238658905 0.01666666753590107 0.03333333507180214
1 0.6143229007720947 0.772685170173645 0.01718750037252903 0.028703704476356506
1 0.5846354365348816 0.5532407164573669 0.01927083358168602 0.023148147389292717
1 0.3760416805744171 0.3601851761341095 0.02083333395421505 0.029629629105329514
1 0.4296875 0.1865740716457367 0.01666666753590107 0.028703704476356506
0 0.5484374761581421 0.34490740299224854 0.03750000149011612 0.06018518656492233
1 0.5960937738418579 0.3499999940395355 0.01822916604578495 0.02777777798473835
0 0.5479166507720947 0.28935185074806213 0.03958333283662796 0.043518517166376114
1 0.6625000238418579 0.667129635810852 0.01875000074505806 0.026851851493120193
0 0.5901041626930237 0.33009257912635803 0.02916666679084301 0.06759259104728699
1 0.2906250059604645 0.5004629492759705 0.01875000074505806 0.028703704476356506
0 0.6026041507720947 0.5949074029922485 0.03541666641831398 0.0694444477558136
1 0.5184895992279053 0.16342592239379883 0.01718750037252903 0.03055555559694767
0 0.5062500238418579 0.2606481611728668 0.0416666679084301 0.04537037014961243
0 0.6596354246139526 0.6875 0.02968749962747097 0.06759259104728699
0 0.5802083611488342 0.5300925970077515 0.03125 0.07314814627170563
0 0.6057291626930237 0.7916666865348816 0.03437500074505806 0.07037036865949631
0 0.2877604067325592 0.4791666567325592 0.02968749962747097 0.08425925672054291
0 0.44218748807907104 0.17175926268100739 0.03958333283662796 0.06018518656492233
0 0.5078125 0.15833333134651184 0.03958333283662796 0.046296294778585434
0 0.3739583194255829 0.3324074149131775 0.02812499925494194 0.09074074029922485
0 0.38671875 0.6930555701255798 0.03072916716337204 0.09351851791143417