1 0.6322916746139526 0.7291666865348816 0.01770833320915699 0.02500000037252903
1 0.3776041567325592 0.2995370328426361 0.01770833320915699 0.023148147389292717
1 0.04322916641831398 0.38240739703178406 0.01770833320915699 0.025925925001502037
1 0.5583333373069763 0.8467592597007751 0.01770833320915699 0.032407406717538834
1 0.5270833373069763 0.8527777791023254 0.01875000074505806 0.029629629105329514
1 0.03437500074505806 0.26157405972480774 0.012500000186264515 0.028703704476356506
1 0.01536458358168602 0.5263888835906982 0.01822916604578495 0.028703704476356506
1 0.71875 0.7152777910232544 0.01770833320915699 0.028703704476356506
1 0.5286458134651184 0.18425926566123962 0.01666666753590107 0.031481482088565826
0 0.5960937738418579 0.30416667461395264 0.02864583395421505 0.07129629701375961
0 0.6028645634651184 0.3810185194015503 0.02552083320915699 0.07314814627170563
0 0.5192708373069763 0.8662037253379822 0.03437500074505806 0.05833333358168602
1 0.5966145992279053 0.2837963104248047 0.01927083358168602 0.03055555559694767
1 0.39140623807907104 0.6185185313224792 0.015104166232049465 0.031481482088565826
0 0.02994791604578495 0.40046295523643494 0.04010416567325592 0.0824074074625969
0 0.014583333395421505 0.18796296417713165 0.02916666679084301 0.046296294778585434
3 0.6010416746139526 0.34768518805503845 0.03229166567325592 0.14537036418914795
0 0.04635416716337204 0.3740740716457367 0.02604166604578495 0.07037036865949631
0 0.5723958611488342 0.8425925970077515 0.04062499850988388 0.04259259253740311
0 0.014583333395421505 0.5060185194015503 0.02812499925494194 0.08425925672054291
0 0.7111979126930237 0.7319444417953491 0.04010416567325592 0.07500000298023224
0 0.02447916753590107 0.2537037134170532 0.03854166716337204 0.06296296417713165
0 0.37682291865348816 0.28611111640930176 0.02864583395421505 0.06111111119389534
0 0.5390625 0.17870371043682098 0.04062499850988388 0.05740740895271301
0 0.6346353888511658 0.7541666626930237 0.02760416641831398 0.08611111342906952
0 0.3786458373069763 0.6268518567085266 0.0520833320915699 0.07777778059244156