0 0.4791666567325592 0.864814817905426 0.02500000037252903 0.06851851940155029
1 0.5395833253860474 0.9004629850387573 0.014583333395421505 0.028703704476356506
1 0.3385416567325592 0.27222222089767456 0.01666666753590107 0.024074073880910873
3 0.3408854305744171 0.2671296298503876 0.04114583507180214 0.10833333432674408
0 0.5932291746139526 0.8472222089767456 0.02395833283662796 0.05370370298624039
1 0.4752604067325592 0.8481481671333313 0.01927083358168602 0.029629629105329514
1 0.5880208611488342 0.8273147940635681 0.01666666753590107 0.02500000037252903
1 0.4479166567325592 0.4268518388271332 0.01770833320915699 0.029629629105329514
1 0.6872395873069763 0.6523148417472839 0.01614583283662796 0.028703704476356506
1 0.37317708134651184 0.3662036955356598 0.01614583283662796 0.02500000037252903
1 0.39010417461395264 0.4375 0.01770833320915699 0.026851851493120193
0 0.39765626192092896 0.4115740656852722 0.03697916492819786 0.07314814627170563
1 0.6356770992279053 0.33287036418914795 0.01822916604578495 0.028703704476356506
1 0.6833333373069763 0.3662036955356598 0.01770833320915699 0.028703704476356506
1 0.5005208253860474 0.14166666567325592 0.015625 0.031481482088565826
1 0.37578123807907104 0.8157407641410828 0.01614583283662796 0.02777777798473835
1 0.42369791865348816 0.24722221493721008 0.01927083358168602 0.031481482088565826
0 0.6888020634651184 0.38935184478759766 0.03072916716337204 0.08796296268701553
1 0.3244791626930237 0.4444444477558136 0.01875000074505806 0.02777777798473835
0 0.31848958134651184 0.3106481432914734 0.03281249850988388 0.06574074178934097
0 0.3460937440395355 0.25 0.02864583395421505 0.06851851940155029
0 0.3734374940395355 0.3421296179294586 0.02916666679084301 0.08611111342906952
0 0.3296875059604645 0.41805556416511536 0.0364583320915699 0.08055555820465088
0 0.4138020873069763 0.2611111104488373 0.0390625 0.06666667014360428
0 0.38489583134651184 0.8277778029441833 0.03750000149011612 0.06111111119389534
0 0.4502604305744171 0.39814814925193787 0.03177083283662796 0.0962962955236435
0 0.6304687261581421 0.30416667461395264 0.0338541679084301 0.09166666865348816
0 0.6744791865348816 0.6699073910713196 0.046875 0.07314814627170563
0 0.48828125 0.13703703880310059 0.04322916641831398 0.06481481343507767