1 0.3049479126930237 0.6634259223937988 0.02135416679084301 0.034259259700775146
1 0.5744791626930237 0.5731481313705444 0.01666666753590107 0.031481482088565826
1 0.62109375 0.4486111104488373 0.01718750037252903 0.02500000037252903
1 0.5296875238418579 0.5722222328186035 0.01354166679084301 0.02777777798473835
1 0.3583333194255829 0.25555557012557983 0.01770833320915699 0.02777777798473835
1 0.2893229126930237 0.5416666865348816 0.01718750037252903 0.024074073880910873
1 0.508593738079071 0.4990740716457367 0.01718750037252903 0.025925925001502037
1 0.6541666388511658 0.602314829826355 0.01875000074505806 0.026851851493120193
1 0.6770833134651184 0.6027777791023254 0.01875000074505806 0.024074073880910873
1 0.5583333373069763 0.35277777910232544 0.01666666753590107 0.02777777798473835
0 0.5598958134651184 0.5763888955116272 0.04374999925494194 0.04722222313284874
1 0.5986979007720947 0.3601851761341095 0.02031249925494194 0.02777777798473835
0 0.3658854067325592 0.23472222685813904 0.03281249850988388 0.06574074178934097
0 0.6486979126930237 0.6296296119689941 0.02864583395421505 0.07592592388391495
1 0.5440104007720947 0.19629628956317902 0.01718750037252903 0.02777777798473835
0 0.5151041746139526 0.5601851940155029 0.03854166716337204 0.05000000074505806
0 0.30026042461395264 0.3708333373069763 0.02968749962747097 0.05648148059844971
0 0.2848958373069763 0.5662037134170532 0.03020833246409893 0.07870370149612427
0 0.3049479126930237 0.6689814925193787 0.02968749962747097 0.06574074178934097
0 0.6830729246139526 0.5837963223457336 0.02447916753590107 0.07129629701375961
0 0.6252604126930237 0.47175925970077515 0.03177083283662796 0.07685185223817825
0 0.5552083253860474 0.21250000596046448 0.0364583320915699 0.06388889253139496
0 0.5953124761581421 0.33472222089767456 0.03020833246409893 0.08425925672054291
0 0.5140625238418579 0.47777777910232544 0.03125 0.07407407462596893
0 0.543749988079071 0.3402777910232544 0.04479166492819786 0.05648148059844971