1 0.29479166865348816 0.6087962985038757 0.014583333395421505 0.02500000037252903
1 0.6635416746139526 0.46666666865348816 0.01666666753590107 0.02777777798473835
1 0.5763021111488342 0.6513888835906982 0.015104166232049465 0.028703704476356506
1 0.6158854365348816 0.6041666865348816 0.015104166232049465 0.02500000037252903
1 0.3283854126930237 0.3967592716217041 0.01718750037252903 0.02500000037252903
0 0.63671875 0.5643518567085266 0.03281249850988388 0.06018518656492233
1 0.32239583134651184 0.3064814805984497 0.015625 0.024074073880910873
1 0.3526041805744171 0.23842592537403107 0.01666666753590107 0.026851851493120193
1 0.34296876192092896 0.7416666746139526 0.013020833022892475 0.024074073880910873
1 0.5570312738418579 0.4592592716217041 0.01614583283662796 0.029629629105329514
0 0.3161458373069763 0.3245370388031006 0.03125 0.07314814627170563
0 0.6585937738418579 0.4939814805984497 0.02656250074505806 0.06388889253139496
0 0.6666666865348816 0.41990742087364197 0.02812499925494194 0.06759259104728699
0 0.3213541805744171 0.4138889014720917 0.0364583320915699 0.07592592388391495
0 0.5609375238418579 0.6569444537162781 0.04583333432674408 0.05277777835726738
0 0.6072916388511658 0.6194444298744202 0.03229166567325592 0.051851850003004074
0 0.36119791865348816 0.22638888657093048 0.03697916492819786 0.05462963134050369
0 0.3031249940395355 0.6009259223937988 0.04062499850988388 0.06851851940155029
0 0.3335937559604645 0.7342592477798462 0.03593749925494194 0.06481481343507767
0 0.5679687261581421 0.47175925970077515 0.04322916641831398 0.07314814627170563