3 0.46692708134651184 0.16805554926395416 0.07864583283662796 0.05277777835726738
1 0.33776041865348816 0.2750000059604645 0.015104166232049465 0.024074073880910873
1 0.4937500059604645 0.16527777910232544 0.015625 0.028703704476356506
1 0.5276041626930237 0.2907407283782959 0.014583333395421505 0.029629629105329514
1 0.58984375 0.5023148059844971 0.01718750037252903 0.028703704476356506
1 0.38854166865348816 0.720370352268219 0.01666666753590107 0.02777777798473835
1 0.6005208492279053 0.6189814805984497 0.01875000074505806 0.03055555559694767
1 0.628125011920929 0.27407407760620117 0.015625 0.025925925001502037
1 0.6143229007720947 0.7736111283302307 0.01718750037252903 0.028703704476356506
1 0.43151041865348816 0.18101851642131805 0.01718750037252903 0.03055555559694767
0 0.484375 0.16805554926395416 0.03437500074505806 0.037962961941957474
1 0.6619791388511658 0.6675925850868225 0.01979166641831398 0.02777777798473835
1 0.3786458373069763 0.3541666567325592 0.01979166641831398 0.03055555559694767
0 0.4427083432674408 0.16851851344108582 0.03854166716337204 0.05000000074505806
1 0.4427083432674408 0.24768517911434174 0.01666666753590107 0.032407406717538834
1 0.5596354007720947 0.3083333373069763 0.01822916604578495 0.031481482088565826
0 0.5140625238418579 0.3083333373069763 0.03958333283662796 0.07037036865949631
1 0.32343751192092896 0.3064814805984497 0.01875000074505806 0.025925925001502037
0 0.6598958373069763 0.6898148059844971 0.02916666679084301 0.06851851940155029
0 0.5533854365348816 0.29490742087364197 0.02968749962747097 0.06759259104728699
0 0.6059895753860474 0.792129635810852 0.03489583358168602 0.06759259104728699
0 0.6393229365348816 0.28935185074806213 0.03593749925494194 0.06388889253139496
0 0.3296875059604645 0.28703704476356506 0.03020833246409893 0.06296296417713165
0 0.43020832538604736 0.25 0.046875 0.04444444552063942
0 0.5932291746139526 0.5990740656852722 0.03958333283662796 0.07962962985038757
0 0.3708333373069763 0.33379629254341125 0.03541666641831398 0.07500000298023224
0 0.5994791388511658 0.48564815521240234 0.0416666679084301 0.07685185223817825
0 0.3864583373069763 0.6944444179534912 0.03229166567325592 0.09074074029922485