0 0.4713541567325592 0.8782407641410828 0.02812499925494194 0.037962961941957474
0 0.6195312738418579 0.7759259343147278 0.04114583507180214 0.03333333507180214
1 0.5445312261581421 0.8379629850387573 0.015104166232049465 0.02222222276031971
1 0.4007812440395355 0.831944465637207 0.01718750037252903 0.03055555559694767
1 0.6322916746139526 0.7745370268821716 0.014583333395421505 0.026851851493120193
0 0.3460937440395355 0.7597222328186035 0.02864583395421505 0.03611111268401146
1 0.4958333373069763 0.8407407402992249 0.015625 0.02777777798473835
1 0.6890624761581421 0.3499999940395355 0.01770833320915699 0.029629629105329514
0 0.3565104305744171 0.7879629731178284 0.04843749850988388 0.08148147910833359
1 0.5330728888511658 0.8754629492759705 0.01718750037252903 0.026851851493120193
3 0.6270833611488342 0.7439814805984497 0.05937499925494194 0.07685185223817825
1 0.43437498807907104 0.8597221970558167 0.01875000074505806 0.03055555559694767
0 0.3695312440395355 0.7157407402992249 0.04635416716337204 0.06851851940155029
1 0.32760417461395264 0.7277777791023254 0.01770833320915699 0.025925925001502037
1 0.5934895873069763 0.7962962985038757 0.01614583283662796 0.029629629105329514
1 0.4078125059604645 0.6550925970077515 0.01770833320915699 0.03055555559694767
3 0.3580729067325592 0.7865740656852722 0.05364583432674408 0.08611111342906952
0 0.44062501192092896 0.8796296119689941 0.02395833283662796 0.06851851940155029
1 0.641406238079071 0.23287037014961243 0.01614583283662796 0.028703704476356506
3 0.36328125 0.7231481671333313 0.0546875 0.07777778059244156
1 0.3346354067325592 0.35092592239379883 0.01718750037252903 0.025925925001502037
1 0.6481770873069763 0.7527777552604675 0.01614583283662796 0.025925925001502037
0 0.6434895992279053 0.7370370626449585 0.0338541679084301 0.06481481343507767
0 0.4088541567325592 0.845370352268219 0.03437500074505806 0.051851850003004074
0 0.32343751192092896 0.710185170173645 0.02604166604578495 0.06111111119389534
0 0.5796874761581421 0.8046296238899231 0.03854166716337204 0.046296294778585434
0 0.6908854246139526 0.3578703701496124 0.03072916716337204 0.0824074074625969
0 0.40156251192092896 0.6365740895271301 0.03854166716337204 0.08055555820465088
0 0.6341145634651184 0.21388888359069824 0.04010416567325592 0.07222222536802292
0 0.3411458432674408 0.37453705072402954 0.03541666641831398 0.08796296268701553