1 0.7028645873069763 0.7365740537643433 0.02031249925494194 0.02500000037252903
1 0.5179687738418579 0.9236111044883728 0.010937499813735485 0.028703704476356506
1 0.42526042461395264 0.29398149251937866 0.01822916604578495 0.023148147389292717
1 0.4984374940395355 0.8898147940635681 0.01770833320915699 0.031481482088565826
0 0.4820312559604645 0.9009259343147278 0.04114583507180214 0.06296296417713165
0 0.5369791388511658 0.9087963104248047 0.02916666679084301 0.03981481492519379
0 0.49921876192092896 0.8999999761581421 0.01822916604578495 0.05370370298624039
1 0.04348958283662796 0.2967592477798462 0.01718750037252903 0.026851851493120193
1 0.04505208507180214 0.38425925374031067 0.01718750037252903 0.025925925001502037
1 0.01536458358168602 0.5259259343147278 0.01822916604578495 0.029629629105329514
0 0.4713541567325592 0.2847222089767456 0.04270833358168602 0.05648148059844971
1 0.723437488079071 0.6851851940155029 0.01666666753590107 0.02777777798473835
1 0.03515625 0.23055554926395416 0.01197916641831398 0.02222222276031971
0 0.01406249962747097 0.18888889253139496 0.02812499925494194 0.03888889029622078
1 0.589062511920929 0.852314829826355 0.01875000074505806 0.028703704476356506
1 0.6351562738418579 0.7282407283782959 0.01927083358168602 0.026851851493120193
0 0.0442708320915699 0.3722222149372101 0.02604166604578495 0.07592592388391495
1 0.6986979246139526 0.5810185074806213 0.02135416679084301 0.032407406717538834
3 0.46562498807907104 0.28148147463798523 0.0520833320915699 0.0833333358168602
0 0.4309895932674408 0.2699074149131775 0.02864583395421505 0.06388889253139496
0 0.7236979007720947 0.6972222328186035 0.02552083320915699 0.05740740895271301
0 0.01406249962747097 0.5083333253860474 0.02708333358168602 0.07777778059244156
0 0.7015625238418579 0.7518518567085266 0.03333333507180214 0.06111111119389534
0 0.35624998807907104 0.7574074268341064 0.03229166567325592 0.07037036865949631
0 0.04062499850988388 0.3152777850627899 0.02708333358168602 0.07129629701375961
0 0.03072916716337204 0.24351851642131805 0.03020833246409893 0.0555555559694767
0 0.6354166865348816 0.7560185194015503 0.02812499925494194 0.08425925672054291
0 0.5825520753860474 0.8671296238899231 0.03697916492819786 0.06203703582286835
0 0.6937500238418579 0.5541666746139526 0.03750000149011612 0.09166666865348816