1 0.47604167461395264 0.2958333194255829 0.015625 0.034259259700775146
0 0.5927083492279053 0.8175926208496094 0.02500000037252903 0.035185184329748154
1 0.522656261920929 0.5453703999519348 0.015104166232049465 0.02777777798473835
1 0.5138021111488342 0.3888888955116272 0.01406249962747097 0.025925925001502037
1 0.43697917461395264 0.5106481313705444 0.01770833320915699 0.026851851493120193
1 0.4791666567325592 0.3583333194255829 0.01145833358168602 0.02222222276031971
1 0.4348958432674408 0.4356481432914734 0.01666666753590107 0.02500000037252903
1 0.36510416865348816 0.40046295523643494 0.014583333395421505 0.028703704476356506
1 0.62890625 0.6199073791503906 0.01718750037252903 0.026851851493120193
1 0.2825520932674408 0.5615741014480591 0.013020833022892475 0.02500000037252903
1 0.5846354365348816 0.5476852059364319 0.01406249962747097 0.028703704476356506
1 0.28463542461395264 0.4851851761341095 0.01718750037252903 0.025925925001502037
0 0.4429687559604645 0.5277777910232544 0.03177083283662796 0.05925925821065903
0 0.5052083134651184 0.37731480598449707 0.03437500074505806 0.05833333358168602
0 0.4546875059604645 0.39120370149612427 0.02708333358168602 0.04722222313284874
0 0.4716145694255829 0.3412036895751953 0.02760416641831398 0.05277777835726738
3 0.4416666626930237 0.5578703880310059 0.03854166716337204 0.11759259551763535
0 0.42916667461395264 0.45509257912635803 0.02812499925494194 0.06574074178934097
0 0.44140625 0.5805555582046509 0.03072916716337204 0.06111111119389534
0 0.5111979246139526 0.5546296238899231 0.04114583507180214 0.05370370298624039
0 0.6247395873069763 0.6435185074806213 0.03072916716337204 0.07962962985038757
0 0.4789062440395355 0.2726851999759674 0.02552083320915699 0.06759259104728699
0 0.2848958373069763 0.4625000059604645 0.02812499925494194 0.08055555820465088
0 0.5723958611488342 0.5393518805503845 0.04374999925494194 0.06203703582286835
0 0.35468751192092896 0.38425925374031067 0.04479166492819786 0.06851851940155029
0 0.29479166865348816 0.5652777552604675 0.04374999925494194 0.06203703582286835