3 0.4036458432674408 0.7773148417472839 0.03333333507180214 0.10648148506879807
1 0.3843750059604645 0.7337962985038757 0.01875000074505806 0.028703704476356506
1 0.66015625 0.2796296179294586 0.01822916604578495 0.03333333507180214
1 0.640625 0.28518518805503845 0.01770833320915699 0.029629629105329514
1 0.4085937440395355 0.7805555462837219 0.01822916604578495 0.025925925001502037
1 0.30807292461395264 0.41620370745658875 0.01406249962747097 0.023148147389292717
0 0.3604166805744171 0.7504629492759705 0.02604166604578495 0.05092592537403107
1 0.6781250238418579 0.3421296179294586 0.01770833320915699 0.028703704476356506
0 0.6723958253860474 0.3115740716457367 0.03854166716337204 0.09166666865348816
1 0.43697917461395264 0.6004629731178284 0.01875000074505806 0.028703704476356506
1 0.3447916805744171 0.4749999940395355 0.015625 0.029629629105329514
1 0.5403645634651184 0.3296296298503876 0.01614583283662796 0.031481482088565826
0 0.4098958373069763 0.7972221970558167 0.02291666716337204 0.05925925821065903
0 0.3880208432674408 0.7527777552604675 0.02187499962747097 0.06851851940155029
3 0.6692708134651184 0.30509260296821594 0.04374999925494194 0.10833333432674408
0 0.62890625 0.26620370149612427 0.0338541679084301 0.06574074178934097
0 0.3127604126930237 0.3986110985279083 0.03489583358168602 0.06759259104728699
0 0.36015623807907104 0.24120371043682098 0.02864583395421505 0.06018518656492233
0 0.43437498807907104 0.6273148059844971 0.03437500074505806 0.08981481194496155
0 0.5505208373069763 0.3472222089767456 0.04479166492819786 0.08518518507480621
0 0.699999988079071 0.4749999940395355 0.03437500074505806 0.06851851940155029
0 0.36015623807907104 0.46851852536201477 0.05572916567325592 0.07592592388391495