0 0.47473958134651184 0.5759259462356567 0.02239583246409893 0.05925925821065903
0 0.5346354246139526 0.8601852059364319 0.03177083283662796 0.035185184329748154
0 0.4921875 0.6199073791503906 0.02395833283662796 0.06018518656492233
1 0.4739583432674408 0.5601851940155029 0.01666666753590107 0.025925925001502037
1 0.2901041805744171 0.3782407343387604 0.014583333395421505 0.02500000037252903
3 0.5520833134651184 0.28935185074806213 0.06875000149011612 0.09166666865348816
0 0.573437511920929 0.8361111283302307 0.04062499850988388 0.046296294778585434
3 0.4815104305744171 0.5995370149612427 0.04843749850988388 0.10092592239379883
3 0.4880208373069763 0.6953703761100769 0.0520833320915699 0.0962962955236435
0 0.4789062440395355 0.7245370149612427 0.03802083432674408 0.04722222313284874
3 0.49401041865348816 0.6490740776062012 0.03802083432674408 0.1111111119389534
1 0.578906238079071 0.32499998807907104 0.01718750037252903 0.029629629105329514
1 0.4403645694255829 0.5050926208496094 0.01614583283662796 0.028703704476356506
1 0.3864583373069763 0.48379629850387573 0.01666666753590107 0.03055555559694767
1 0.6026041507720947 0.23796296119689941 0.01666666753590107 0.02777777798473835
1 0.5291666388511658 0.1648148149251938 0.01666666753590107 0.031481482088565826
0 0.5338541865348816 0.2708333432674408 0.03229166567325592 0.06018518656492233
0 0.4494791626930237 0.5185185074806213 0.03541666641831398 0.0555555559694767
1 0.5299479365348816 0.8638888597488403 0.01718750037252903 0.03333333507180214
0 0.5942708253860474 0.22175925970077515 0.03437500074505806 0.06759259104728699
0 0.5713541507720947 0.31296294927597046 0.03541666641831398 0.05925925821065903
0 0.2971354126930237 0.3680555522441864 0.03593749925494194 0.06203703582286835
0 0.3971354067325592 0.47083333134651184 0.04531250149011612 0.0694444477558136
0 0.516406238079071 0.1597222238779068 0.04531250149011612 0.05648148059844971