3 0.6036458611488342 0.5694444179534912 0.0364583320915699 0.13703703880310059
1 0.5328124761581421 0.875 0.01770833320915699 0.025925925001502037
1 0.44192707538604736 0.854629635810852 0.02135416679084301 0.029629629105329514
1 0.6893228888511658 0.3523148000240326 0.01822916604578495 0.026851851493120193
1 0.47968751192092896 0.14351852238178253 0.01875000074505806 0.03333333507180214
1 0.3278645873069763 0.7291666865348816 0.01406249962747097 0.026851851493120193
1 0.5986979007720947 0.5861111283302307 0.015104166232049465 0.02222222276031971
1 0.43437498807907104 0.8564814925193787 0.01666666753590107 0.031481482088565826
1 0.49270832538604736 0.4185185134410858 0.01666666753590107 0.02777777798473835
0 0.41067707538604736 0.8467592597007751 0.03072916716337204 0.05092592537403107
0 0.4802083373069763 0.14074073731899261 0.07083333283662796 0.05925925821065903
1 0.39765626192092896 0.6412037014961243 0.01614583283662796 0.028703704476356506
0 0.44088542461395264 0.8782407641410828 0.02552083320915699 0.07129629701375961
1 0.3695312440395355 0.6106481552124023 0.01822916604578495 0.028703704476356506
3 0.3622395694255829 0.5537037253379822 0.03489583358168602 0.14444445073604584
1 0.5096353888511658 0.4208333194255829 0.01614583283662796 0.02500000037252903
1 0.6109374761581421 0.5625 0.01666666753590107 0.02500000037252903
1 0.40546876192092896 0.8393518328666687 0.01718750037252903 0.028703704476356506
0 0.3606770932674408 0.5166666507720947 0.02864583395421505 0.07037036865949631
0 0.49791666865348816 0.13518518209457397 0.03541666641831398 0.04444444552063942
0 0.36666667461395264 0.5916666388511658 0.02812499925494194 0.09259258955717087
0 0.6057291626930237 0.5393518805503845 0.03229166567325592 0.0824074074625969
0 0.46406251192092896 0.1467592567205429 0.03750000149011612 0.04722222313284874
0 0.6028645634651184 0.6138888597488403 0.02968749962747097 0.07777778059244156
0 0.6919270753860474 0.36574074625968933 0.02968749962747097 0.07962962985038757
0 0.4791666567325592 0.4296296238899231 0.0364583320915699 0.051851850003004074
0 0.39635416865348816 0.6208333373069763 0.02708333358168602 0.08981481194496155
0 0.5083333253860474 0.40046295523643494 0.02916666679084301 0.07685185223817825
0 0.3239583373069763 0.7138888835906982 0.03229166567325592 0.07592592388391495