1 0.4075520932674408 0.6615740656852722 0.01197916641831398 0.01944444514811039
3 0.4177083373069763 0.7736111283302307 0.04479166492819786 0.05833333358168602
3 0.4296875 0.7888888716697693 0.0625 0.06111111119389534
1 0.5403645634651184 0.7143518328666687 0.015104166232049465 0.023148147389292717
1 0.4593749940395355 0.6069444417953491 0.01145833358168602 0.01944444514811039
1 0.5101562738418579 0.5240740776062012 0.01197916641831398 0.02222222276031971
0 0.4039062559604645 0.7574074268341064 0.02031249925494194 0.035185184329748154
0 0.4466145932674408 0.8083333373069763 0.02760416641831398 0.035185184329748154
0 0.4020833373069763 0.6981481313705444 0.01875000074505806 0.05740740895271301
0 0.4221354126930237 0.7814815044403076 0.02239583246409893 0.03888889029622078
0 0.45520833134651184 0.6203703880310059 0.02604166604578495 0.05000000074505806
0 0.64453125 0.5060185194015503 0.02968749962747097 0.05277777835726738
0 0.44713541865348816 0.7083333134651184 0.0234375 0.04814814776182175
0 0.41614583134651184 0.6509259343147278 0.03020833246409893 0.046296294778585434
0 0.5442708134651184 0.7004629373550415 0.02395833283662796 0.05648148059844971
0 0.5013020634651184 0.5171296000480652 0.03489583358168602 0.049074072390794754
0 0.63671875 0.6282407641410828 0.03697916492819786 0.0694444477558136