4 0.5908854007720947 0.47592592239379883 0.0494791679084301 0.10740740597248077
0 0.5601562261581421 0.8458333611488342 0.02447916753590107 0.03055555559694767
0 0.5083333253860474 0.8777777552604675 0.05104166641831398 0.06851851940155029
1 0.6041666865348816 0.40046295523643494 0.02083333395421505 0.03055555559694767
1 0.7166666388511658 0.7189815044403076 0.01979166641831398 0.037962961941957474
0 0.5864583253860474 0.489814817905426 0.04479166492819786 0.07592592388391495
1 0.632031261920929 0.730555534362793 0.02031249925494194 0.029629629105329514
1 0.01588541641831398 0.5273148417472839 0.01822916604578495 0.028703704476356506
1 0.5276041626930237 0.8518518805503845 0.01770833320915699 0.029629629105329514
1 0.4359374940395355 0.47962963581085205 0.01770833320915699 0.025925925001502037
1 0.04505208507180214 0.3847222328186035 0.015104166232049465 0.02500000037252903
0 0.5184895992279053 0.8657407164573669 0.0338541679084301 0.0555555559694767
3 0.5911458134651184 0.45601850748062134 0.05312500149011612 0.1379629671573639
1 0.03463541716337204 0.2611111104488373 0.013020833022892475 0.02777777798473835
1 0.5786458253860474 0.19120369851589203 0.02187499962747097 0.034259259700775146
1 0.39140623807907104 0.6180555820465088 0.015104166232049465 0.034259259700775146
0 0.014583333395421505 0.1884259283542633 0.02916666679084301 0.04722222313284874
0 0.577343761920929 0.842129647731781 0.03177083283662796 0.03611111268401146
0 0.6059895753860474 0.41620370745658875 0.03072916716337204 0.06388889253139496
0 0.014583333395421505 0.5092592835426331 0.02812499925494194 0.07777778059244156
0 0.7114583253860474 0.7282407283782959 0.03437500074505806 0.07314814627170563
0 0.5752604007720947 0.20555555820465088 0.03177083283662796 0.06481481343507767
0 0.02421874925494194 0.25462964177131653 0.0390625 0.06111111119389534
0 0.43671876192092896 0.5032407641410828 0.02864583395421505 0.0972222238779068
0 0.04661458358168602 0.3740740716457367 0.03177083283662796 0.07037036865949631
0 0.02656250074505806 0.4416666626930237 0.04270833358168602 0.07037036865949631
0 0.6343749761581421 0.7564814686775208 0.02916666679084301 0.08518518507480621
0 0.37890625 0.6273148059844971 0.05156249925494194 0.08055555820465088