1 0.37578123807907104 0.7671296000480652 0.01197916641831398 0.01944444514811039
1 0.35598957538604736 0.2736110985279083 0.01406249962747097 0.026851851493120193
1 0.6700521111488342 0.6916666626930237 0.01614583283662796 0.024074073880910873
0 0.645312488079071 0.7444444298744202 0.03541666641831398 0.06111111119389534
1 0.4593749940395355 0.8083333373069763 0.01666666753590107 0.029629629105329514
1 0.3630208373069763 0.24722221493721008 0.014583333395421505 0.020370369777083397
1 0.40182292461395264 0.6930555701255798 0.015104166232049465 0.03055555559694767
1 0.6343749761581421 0.7541666626930237 0.015625 0.026851851493120193
1 0.571093738079071 0.3662036955356598 0.01822916604578495 0.028703704476356506
1 0.3617187440395355 0.5157407522201538 0.01718750037252903 0.02777777798473835
1 0.6908854246139526 0.38055557012557983 0.01822916604578495 0.024074073880910873
0 0.39375001192092896 0.7939814925193787 0.02500000037252903 0.0416666679084301
0 0.4768229126930237 0.8189814686775208 0.04739583283662796 0.049074072390794754
0 0.3682291805744171 0.22685185074806213 0.02812499925494194 0.06296296417713165
0 0.3684895932674408 0.7629629373550415 0.0338541679084301 0.05370370298624039
0 0.34453123807907104 0.28518518805503845 0.03489583358168602 0.05740740895271301
0 0.37109375 0.529629647731781 0.0442708320915699 0.08148147910833359
0 0.690625011920929 0.3550925850868225 0.03333333507180214 0.07870370149612427
0 0.6770833134651184 0.6694444417953491 0.03229166567325592 0.07407407462596893
0 0.574999988079071 0.39120370149612427 0.0364583320915699 0.10277777910232544
0 0.3877604305744171 0.6856481432914734 0.05052083358168602 0.06759259104728699