1 0.45364582538604736 0.8412036895751953 0.01875000074505806 0.026851851493120193
0 0.4507812559604645 0.8430555462837219 0.0234375 0.026851851493120193
1 0.5377604365348816 0.6722221970558167 0.015104166232049465 0.029629629105329514
1 0.5052083134651184 0.29814815521240234 0.01666666753590107 0.02777777798473835
1 0.45364582538604736 0.4268518388271332 0.015625 0.024074073880910873
0 0.5223958492279053 0.7476851940155029 0.02291666716337204 0.05277777835726738
3 0.5093749761581421 0.7583333253860474 0.0520833320915699 0.07222222536802292
1 0.5986979007720947 0.22083333134651184 0.015104166232049465 0.026851851493120193
1 0.5747395753860474 0.6629629731178284 0.015104166232049465 0.02777777798473835
1 0.39010417461395264 0.8050925731658936 0.01145833358168602 0.021296296268701553
0 0.49921876192092896 0.762499988079071 0.03177083283662796 0.04722222313284874
1 0.5111979246139526 0.19768518209457397 0.01406249962747097 0.026851851493120193
0 0.5239583253860474 0.6782407164573669 0.04062499850988388 0.049074072390794754
0 0.5330728888511658 0.8055555820465088 0.02760416641831398 0.05740740895271301
3 0.5294271111488342 0.7782407402992249 0.03697916492819786 0.1101851835846901
0 0.49817708134651184 0.31805557012557983 0.03593749925494194 0.08055555820465088
0 0.4572916626930237 0.4472222328186035 0.03125 0.08888889104127884
0 0.49947917461395264 0.18425926566123962 0.0416666679084301 0.06481481343507767
0 0.5885416865348816 0.6532407402992249 0.04374999925494194 0.06574074178934097
0 0.38229167461395264 0.7981481552124023 0.0364583320915699 0.06481481343507767
0 0.608593761920929 0.23333333432674408 0.03802083432674408 0.06481481343507767