1 0.03541666641831398 0.447685182094574 0.01354166679084301 0.028703704476356506
0 0.3283854126930237 0.6166666746139526 0.03177083283662796 0.10185185074806213
0 0.3322916626930237 0.5898148417472839 0.03125 0.04444444552063942
0 0.4984374940395355 0.897685170173645 0.01875000074505806 0.04722222313284874
1 0.6528645753860474 0.6675925850868225 0.02031249925494194 0.029629629105329514
1 0.7161458134651184 0.7157407402992249 0.01979166641831398 0.025925925001502037
1 0.01536458358168602 0.5273148417472839 0.01822916604578495 0.028703704476356506
1 0.3382812440395355 0.5856481194496155 0.01927083358168602 0.03055555559694767
1 0.6278645992279053 0.7194444537162781 0.015104166232049465 0.020370369777083397
0 0.6429687738418579 0.7226851582527161 0.03593749925494194 0.1268518567085266
0 0.32630208134651184 0.6291666626930237 0.02239583246409893 0.06018518656492233
1 0.5161458253860474 0.8509259223937988 0.015625 0.02777777798473835
1 0.0455729179084301 0.3861111104488373 0.015104166232049465 0.024074073880910873
1 0.36536458134651184 0.6509259343147278 0.01718750037252903 0.02777777798473835
1 0.03463541716337204 0.2606481611728668 0.013020833022892475 0.026851851493120193
1 0.4606770873069763 0.4611110985279083 0.01822916604578495 0.03333333507180214
0 0.014322916977107525 0.1884259283542633 0.02864583395421505 0.043518517166376114
1 0.7333333492279053 0.5884259343147278 0.01770833320915699 0.028703704476356506
1 0.577343761920929 0.647685170173645 0.01614583283662796 0.03055555559694767
3 0.328125 0.6162037253379822 0.03229166567325592 0.10277777910232544
0 0.6479166746139526 0.6814814805984497 0.02916666679084301 0.06666667014360428
0 0.5289062261581421 0.8574073910713196 0.0442708320915699 0.04814814776182175
0 0.014583333395421505 0.510185182094574 0.02812499925494194 0.07592592388391495
0 0.3578124940395355 0.6407407522201538 0.03437500074505806 0.05925925821065903
0 0.714062511920929 0.7287036776542664 0.03333333507180214 0.06481481343507767
0 0.586718738079071 0.6291666626930237 0.0390625 0.07500000298023224
0 0.02447916753590107 0.2541666626930237 0.03854166716337204 0.05833333358168602
0 0.44713541865348816 0.4541666805744171 0.05052083358168602 0.06574074178934097
0 0.04635416716337204 0.3740740716457367 0.02916666679084301 0.07037036865949631
0 0.6333333253860474 0.7453703880310059 0.02708333358168602 0.07962962985038757
0 0.02578124962747097 0.44212964177131653 0.04114583507180214 0.0694444477558136
0 0.7364583611488342 0.5685185194015503 0.03125 0.08703703433275223