1 0.19114583730697632 0.7981481552124023 0.01875000074505806 0.031481482088565826
1 0.7744791507720947 0.2509259283542633 0.02187499962747097 0.03703703731298447
1 0.16718749701976776 0.6499999761581421 0.02500000037252903 0.035185184329748154
1 0.602343738079071 0.7009259462356567 0.02239583246409893 0.031481482088565826
0 0.17552083730697632 0.6296296119689941 0.04374999925494194 0.07777778059244156
1 0.7734375 0.34166666865348816 0.02083333395421505 0.029629629105329514
1 0.6611979007720947 0.6842592358589172 0.02135416679084301 0.035185184329748154
1 0.35859376192092896 0.2819444537162781 0.02135416679084301 0.037962961941957474
0 0.598437488079071 0.7236111164093018 0.03854166716337204 0.08425925672054291
0 0.18932291865348816 0.7777777910232544 0.03593749925494194 0.07962962985038757
0 0.7833333611488342 0.2351851910352707 0.03958333283662796 0.06296296417713165
0 0.7716146111488342 0.3643518388271332 0.0338541679084301 0.08425925672054291
0 0.39270833134651184 0.3361110985279083 0.0520833320915699 0.06666667014360428
0 0.3424479067325592 0.2708333432674408 0.05677083507180214 0.08796296268701553
0 0.6497395634651184 0.6583333611488342 0.05052083358168602 0.08518518507480621