1 0.5528646111488342 0.1578703671693802 0.01718750037252903 0.03055555559694767
1 0.3531250059604645 0.2666666805744171 0.01666666753590107 0.02222222276031971
1 0.33802083134651184 0.3393518626689911 0.01770833320915699 0.026851851493120193
0 0.3283854126930237 0.3921296298503876 0.05572916567325592 0.07314814627170563
3 0.32734376192092896 0.3967592716217041 0.06093750149011612 0.07500000298023224
1 0.5567708611488342 0.34166666865348816 0.01770833320915699 0.02777777798473835
0 0.3440104126930237 0.3166666626930237 0.03281249850988388 0.07592592388391495
3 0.6604166626930237 0.6833333373069763 0.05104166641831398 0.07407407462596893
1 0.7007812261581421 0.4879629611968994 0.01718750037252903 0.025925925001502037
1 0.6661458611488342 0.6625000238418579 0.01770833320915699 0.028703704476356506
0 0.3388020694255829 0.3837963044643402 0.0390625 0.04537037014961243
1 0.31953126192092896 0.37453705072402954 0.01614583283662796 0.028703704476356506
1 0.6145833134651184 0.7800925970077515 0.015625 0.028703704476356506
1 0.534375011920929 0.7504629492759705 0.01666666753590107 0.028703704476356506
1 0.686718761920929 0.614814817905426 0.02031249925494194 0.02777777798473835
0 0.3083333373069763 0.40416666865348816 0.02708333358168602 0.07500000298023224
3 0.34427082538604736 0.30000001192092896 0.03854166716337204 0.10185185074806213
0 0.6263020634651184 0.772685170173645 0.04010416567325592 0.05648148059844971
0 0.35468751192092896 0.24675926566123962 0.02604166604578495 0.05277777835726738
0 0.7005208134651184 0.46574074029922485 0.03229166567325592 0.08703703433275223
0 0.6617187261581421 0.6824073791503906 0.0494791679084301 0.07407407462596893
0 0.563281238079071 0.35879629850387573 0.03177083283662796 0.09351851791143417
0 0.69140625 0.5879629850387573 0.03489583358168602 0.08703703433275223
0 0.5260416865348816 0.7736111283302307 0.03958333283662796 0.08611111342906952
0 0.5492187738418579 0.1518518477678299 0.03281249850988388 0.05740740895271301