1 0.5302083492279053 0.14907407760620117 0.02083333395421505 0.029629629105329514
1 0.5880208611488342 0.8273147940635681 0.015625 0.02500000037252903
1 0.6781250238418579 0.5675926208496094 0.01979166641831398 0.029629629105329514
1 0.30000001192092896 0.38055557012557983 0.01875000074505806 0.025925925001502037
0 0.2979166805744171 0.3671296238899231 0.03125 0.08055555820465088
1 0.44713541865348816 0.427314817905426 0.01614583283662796 0.03055555559694767
1 0.3265624940395355 0.44999998807907104 0.01875000074505806 0.02777777798473835
1 0.3570312559604645 0.2282407432794571 0.01718750037252903 0.02500000037252903
1 0.3882812559604645 0.43796294927597046 0.01614583283662796 0.02777777798473835
1 0.28697916865348816 0.550000011920929 0.01666666753590107 0.025925925001502037
1 0.5197916626930237 0.1458333283662796 0.01875000074505806 0.034259259700775146
1 0.3713541626930237 0.3717592656612396 0.01770833320915699 0.02500000037252903
1 0.43177083134651184 0.24675926566123962 0.01770833320915699 0.032407406717538834
1 0.5424479246139526 0.29212963581085205 0.01822916604578495 0.032407406717538834
0 0.39765626192092896 0.4166666567325592 0.03593749925494194 0.07592592388391495
0 0.2932291626930237 0.41018518805503845 0.03125 0.07407407462596893
0 0.37317708134651184 0.3481481373310089 0.02968749962747097 0.09444444626569748
0 0.3033854067325592 0.3462963104248047 0.03072916716337204 0.05740740895271301
0 0.44921875 0.39953702688217163 0.03281249850988388 0.0972222238779068
0 0.2828125059604645 0.5249999761581421 0.03125 0.08888889104127884
0 0.5328124761581421 0.27731481194496155 0.04062499850988388 0.07685185223817825
0 0.5052083134651184 0.13518518209457397 0.04583333432674408 0.0555555559694767
0 0.33151042461395264 0.4254629611968994 0.03177083283662796 0.0824074074625969
0 0.6734374761581421 0.5962963104248047 0.03541666641831398 0.09814814478158951
0 0.5463541746139526 0.1587962955236435 0.03437500074505806 0.05462963134050369
0 0.36640626192092896 0.21203704178333282 0.0390625 0.06296296417713165
0 0.41848957538604736 0.25740739703178406 0.04635416716337204 0.06111111119389534