1 0.63671875 0.7875000238418579 0.01822916604578495 0.02500000037252903
1 0.3539062440395355 0.7791666388511658 0.01927083358168602 0.021296296268701553
1 0.49557292461395264 0.8407407402992249 0.01614583283662796 0.02777777798473835
1 0.3427083194255829 0.7453703880310059 0.01354166679084301 0.024074073880910873
1 0.5328124761581421 0.8745370507240295 0.014583333395421505 0.026851851493120193
1 0.4000000059604645 0.8365740776062012 0.01666666753590107 0.028703704476356506
1 0.43437498807907104 0.8597221970558167 0.01770833320915699 0.028703704476356506
1 0.40156251192092896 0.7259259223937988 0.01666666753590107 0.025925925001502037
1 0.30156248807907104 0.385185182094574 0.01770833320915699 0.025925925001502037
0 0.4403645694255829 0.8805555701255798 0.02656250074505806 0.06666667014360428
1 0.5705729126930237 0.8638888597488403 0.01614583283662796 0.031481482088565826
0 0.6333333253860474 0.8037037253379822 0.03750000149011612 0.06666667014360428
1 0.7041666507720947 0.6134259104728699 0.01770833320915699 0.026851851493120193
1 0.4104166626930237 0.6601851582527161 0.015625 0.02777777798473835
1 0.6216145753860474 0.7458333373069763 0.015104166232049465 0.028703704476356506
0 0.3226562440395355 0.7185184955596924 0.02760416641831398 0.05370370298624039
1 0.600781261920929 0.27037036418914795 0.01822916604578495 0.03333333507180214
0 0.4088541567325592 0.8500000238418579 0.03437500074505806 0.06111111119389534
0 0.35078126192092896 0.730555534362793 0.02968749962747097 0.06296296417713165
0 0.7075520753860474 0.5930555462837219 0.03072916716337204 0.08796296268701553
0 0.2971354126930237 0.40925925970077515 0.03281249850988388 0.0962962955236435
0 0.6304687261581421 0.7287036776542664 0.04114583507180214 0.07222222536802292
0 0.3565104305744171 0.7962962985038757 0.03072916716337204 0.06481481343507767
0 0.5833333134651184 0.8574073910713196 0.0364583320915699 0.05740740895271301
0 0.3942708373069763 0.7421296238899231 0.03750000149011612 0.07314814627170563
0 0.6143229007720947 0.2606481611728668 0.04843749850988388 0.06388889253139496
0 0.4026041626930237 0.6412037014961243 0.04270833358168602 0.08425925672054291