1 0.4973958432674408 0.8879629373550415 0.01979166641831398 0.031481482088565826
1 0.04479166492819786 0.2967592477798462 0.014583333395421505 0.02500000037252903
0 0.5200520753860474 0.9134259223937988 0.02447916753590107 0.049074072390794754
1 0.6651041507720947 0.7967592477798462 0.01770833320915699 0.028703704476356506
0 0.4984374940395355 0.895370364189148 0.01875000074505806 0.051851850003004074
1 0.5895833373069763 0.3601851761341095 0.01979166641831398 0.029629629105329514
1 0.01536458358168602 0.5259259343147278 0.01822916604578495 0.029629629105329514
1 0.5580729246139526 0.48842594027519226 0.01822916604578495 0.03055555559694767
1 0.0455729179084301 0.38425925374031067 0.01822916604578495 0.02777777798473835
1 0.5559895634651184 0.9162036776542664 0.01927083358168602 0.034259259700775146
0 0.46302083134651184 0.28518518805503845 0.0416666679084301 0.046296294778585434
1 0.4908854067325592 0.2606481611728668 0.01927083358168602 0.02500000037252903
0 0.014843749813735485 0.1893518567085266 0.02864583395421505 0.037962961941957474
1 0.3239583373069763 0.5476852059364319 0.01770833320915699 0.02500000037252903
1 0.03541666641831398 0.23055554926395416 0.012500000186264515 0.02222222276031971
1 0.4494791626930237 0.28935185074806213 0.01770833320915699 0.032407406717538834
0 0.04505208507180214 0.3722222149372101 0.02656250074505806 0.07592592388391495
0 0.546875 0.9152777791023254 0.0416666679084301 0.05092592537403107
0 0.6351562738418579 0.8125 0.04218750074505806 0.04722222313284874
1 0.4138020873069763 0.8064814805984497 0.01822916604578495 0.03333333507180214
0 0.6721354126930237 0.8050925731658936 0.0338541679084301 0.05462963134050369
0 0.5682291388511658 0.5018518567085266 0.04270833358168602 0.07037036865949631
0 0.5859375 0.38333332538604736 0.03125 0.08148147910833359
0 0.01406249962747097 0.5074074268341064 0.02708333358168602 0.07962962985038757
3 0.4697916805744171 0.2569444477558136 0.05624999850988388 0.10833333432674408
0 0.3239583373069763 0.5273148417472839 0.02708333358168602 0.08981481194496155
0 0.0416666679084301 0.31296294927597046 0.02395833283662796 0.06851851940155029
0 0.03098958358168602 0.24351851642131805 0.02968749962747097 0.0555555559694767
0 0.4255208373069763 0.8157407641410828 0.0520833320915699 0.06851851940155029
0 0.4859375059604645 0.23564815521240234 0.02708333358168602 0.07314814627170563