1 0.5174478888511658 0.14907407760620117 0.015104166232049465 0.02777777798473835
0 0.5726562738418579 0.15648147463798523 0.03802083432674408 0.03333333507180214
1 0.4749999940395355 0.15416666865348816 0.01770833320915699 0.03055555559694767
1 0.3434895873069763 0.3152777850627899 0.01718750037252903 0.023148147389292717
1 0.5570312738418579 0.1578703671693802 0.01406249962747097 0.026851851493120193
0 0.526562511920929 0.8828703761100769 0.02500000037252903 0.04722222313284874
1 0.39244791865348816 0.25833332538604736 0.01822916604578495 0.03333333507180214
1 0.4455729126930237 0.16388888657093048 0.01718750037252903 0.029629629105329514
1 0.5492187738418579 0.5208333134651184 0.01718750037252903 0.034259259700775146
1 0.5765625238418579 0.1944444477558136 0.014583333395421505 0.031481482088565826
1 0.5169270634651184 0.6078703999519348 0.01614583283662796 0.028703704476356506
1 0.4182291626930237 0.27638888359069824 0.01979166641831398 0.032407406717538834
1 0.5536458492279053 0.8763889074325562 0.015625 0.026851851493120193
0 0.4869791567325592 0.14629629254341125 0.03750000149011612 0.040740739554166794
1 0.6968749761581421 0.3472222089767456 0.01770833320915699 0.029629629105329514
0 0.5911458134651184 0.19907407462596893 0.04062499850988388 0.040740739554166794
0 0.45260417461395264 0.16018518805503845 0.03437500074505806 0.040740739554166794
0 0.5562499761581421 0.8652777671813965 0.02187499962747097 0.05462963134050369
0 0.5283854007720947 0.1449074000120163 0.0390625 0.034259259700775146
0 0.41744792461395264 0.2560185194015503 0.02760416641831398 0.08055555820465088
0 0.38671875 0.27731481194496155 0.02864583395421505 0.09166666865348816
0 0.3427083194255829 0.30000001192092896 0.03020833246409893 0.05925925821065903
0 0.5153645873069763 0.5861111283302307 0.03177083283662796 0.09074074029922485
0 0.6872395873069763 0.3282407522201538 0.04322916641831398 0.07129629701375961
0 0.5627604126930237 0.5300925970077515 0.05260416492819786 0.07129629701375961