1 0.6880208253860474 0.36851853132247925 0.015625 0.02222222276031971
1 0.6854166388511658 0.3578703701496124 0.01875000074505806 0.026851851493120193
1 0.30416667461395264 0.46203702688217163 0.014583333395421505 0.024074073880910873
1 0.3296875059604645 0.32685184478759766 0.015625 0.024074073880910873
1 0.3617187440395355 0.2509259283542633 0.01614583283662796 0.031481482088565826
1 0.3296875059604645 0.5282407402992249 0.01666666753590107 0.02500000037252903
1 0.4528645873069763 0.29120370745658875 0.01822916604578495 0.03055555559694767
0 0.5169270634651184 0.15138888359069824 0.04322916641831398 0.037962961941957474
1 0.5005208253860474 0.15324074029922485 0.014583333395421505 0.028703704476356506
1 0.563281238079071 0.35092592239379883 0.01927083358168602 0.031481482088565826
0 0.3122395873069763 0.39722222089767456 0.02760416641831398 0.07037036865949631
0 0.3296875059604645 0.3375000059604645 0.02812499925494194 0.06388889253139496
0 0.5083333253860474 0.20416666567325592 0.03541666641831398 0.05833333358168602
0 0.3031249940395355 0.4773148000240326 0.02916666679084301 0.06388889253139496
0 0.4440104067325592 0.3125 0.03489583358168602 0.07500000298023224
0 0.35208332538604736 0.2606481611728668 0.03750000149011612 0.0694444477558136
0 0.42239582538604736 0.7976852059364319 0.04479166492819786 0.06018518656492233
0 0.6776041388511658 0.32175925374031067 0.03229166567325592 0.0694444477558136
0 0.3401041626930237 0.5083333253860474 0.04062499850988388 0.0833333358168602
0 0.690625011920929 0.39537036418914795 0.03125 0.07962962985038757
0 0.5679687261581421 0.37638887763023376 0.03281249850988388 0.09166666865348816