0 0.3411458432674408 0.7564814686775208 0.02291666716337204 0.03888889029622078
0 0.35598957538604736 0.7861111164093018 0.03802083432674408 0.06666667014360428
3 0.3518229126930237 0.7754629850387573 0.0442708320915699 0.08425925672054291
1 0.5986979007720947 0.7962962985038757 0.01614583283662796 0.031481482088565826
3 0.610156238079071 0.7875000238418579 0.04010416567325592 0.06759259104728699
1 0.49557292461395264 0.8407407402992249 0.01614583283662796 0.02777777798473835
1 0.4010416567325592 0.8333333134651184 0.01770833320915699 0.029629629105329514
1 0.5330728888511658 0.8754629492759705 0.01822916604578495 0.026851851493120193
1 0.6880208253860474 0.34259259700775146 0.01666666753590107 0.02222222276031971
0 0.43958333134651184 0.8773148059844971 0.02708333358168602 0.06018518656492233
1 0.4346354305744171 0.8601852059364319 0.01822916604578495 0.029629629105329514
0 0.617968738079071 0.7902777791023254 0.02760416641831398 0.05462963134050369
1 0.4065104126930237 0.6541666388511658 0.01614583283662796 0.028703704476356506
1 0.6510416865348816 0.25925925374031067 0.015625 0.024074073880910873
0 0.3596354126930237 0.7185184955596924 0.02552083320915699 0.07407407462596893
1 0.3317708373069763 0.33009257912635803 0.01666666753590107 0.02500000037252903
0 0.40052083134651184 0.635185182094574 0.0364583320915699 0.07777778059244156
3 0.3466145694255829 0.7388888597488403 0.05052083358168602 0.11851851642131805
0 0.5854166746139526 0.8157407641410828 0.03958333283662796 0.04444444552063942
1 0.647656261920929 0.7541666626930237 0.015104166232049465 0.02500000037252903
0 0.32343751192092896 0.7087963223457336 0.02916666679084301 0.06018518656492233
0 0.4085937440395355 0.8449074029922485 0.0338541679084301 0.05092592537403107
0 0.6898437738418579 0.3578703701496124 0.02864583395421505 0.08055555820465088
0 0.6458333134651184 0.2361111044883728 0.03541666641831398 0.07037036865949631
0 0.6442708373069763 0.7365740537643433 0.03541666641831398 0.07129629701375961
0 0.33776041865348816 0.35185185074806213 0.0338541679084301 0.08518518507480621