1 0.6736978888511658 0.5810185074806213 0.01718750037252903 0.023148147389292717
3 0.4554687440395355 0.7351852059364319 0.06718750298023224 0.07222222536802292
0 0.6796875 0.5745370388031006 0.02395833283662796 0.05277777835726738
1 0.4716145694255829 0.5388888716697693 0.01718750037252903 0.02777777798473835
1 0.581250011920929 0.5712962746620178 0.015625 0.025925925001502037
0 0.4346354305744171 0.8569444417953491 0.04218750074505806 0.043518517166376114
1 0.4247395694255829 0.8527777791023254 0.01822916604578495 0.029629629105329514
1 0.4294270873069763 0.7162036895751953 0.013020833022892475 0.026851851493120193
1 0.4598958194255829 0.7282407283782959 0.014583333395421505 0.026851851493120193
0 0.6651041507720947 0.532870352268219 0.046875 0.09166666865348816
1 0.2786458432674408 0.4486111104488373 0.015625 0.023148147389292717
1 0.33776041865348816 0.7361111044883728 0.015104166232049465 0.029629629105329514
1 0.4515624940395355 0.17222222685813904 0.01875000074505806 0.03333333507180214
1 0.35624998807907104 0.5939815044403076 0.01666666753590107 0.02500000037252903
0 0.47343748807907104 0.8694444298744202 0.03854166716337204 0.04444444552063942
0 0.43802082538604736 0.7148148417472839 0.03125 0.03703703731298447
1 0.528124988079071 0.17083333432674408 0.015625 0.03055555559694767
0 0.4710937440395355 0.7439814805984497 0.03593749925494194 0.06018518656492233
0 0.47343748807907104 0.5625 0.03229166567325592 0.0972222238779068
0 0.5763021111488342 0.552314817905426 0.03489583358168602 0.0824074074625969
0 0.35598957538604736 0.614814817905426 0.03281249850988388 0.09259258955717087
0 0.28046876192092896 0.4671296179294586 0.03072916716337204 0.08425925672054291
0 0.43932291865348816 0.18333333730697632 0.04114583507180214 0.06851851940155029
0 0.5166666507720947 0.16388888657093048 0.04374999925494194 0.06111111119389534
0 0.3486979305744171 0.7384259104728699 0.04114583507180214 0.06203703582286835