1 0.559374988079071 0.8217592835426331 0.01979166641831398 0.03055555559694767
1 0.30807292461395264 0.4541666805744171 0.015104166232049465 0.02500000037252903
1 0.6442708373069763 0.7467592358589172 0.01770833320915699 0.028703704476356506
1 0.6841145753860474 0.3375000059604645 0.01718750037252903 0.023148147389292717
1 0.30807292461395264 0.5569444298744202 0.01822916604578495 0.026851851493120193
1 0.6971353888511658 0.40740740299224854 0.01822916604578495 0.024074073880910873
1 0.36145833134651184 0.24259258806705475 0.015625 0.024074073880910873
1 0.5708333253860474 0.3717592656612396 0.01666666753590107 0.03055555559694767
1 0.3463541567325592 0.33796295523643494 0.014583333395421505 0.02777777798473835
1 0.3140625059604645 0.375 0.015625 0.025925925001502037
1 0.5888020992279053 0.18194444477558136 0.01718750037252903 0.028703704476356506
1 0.36250001192092896 0.5166666507720947 0.01666666753590107 0.02777777798473835
0 0.3177083432674408 0.3481481373310089 0.03125 0.07037036865949631
0 0.6963541507720947 0.3828703761100769 0.02812499925494194 0.07870370149612427
0 0.3658854067325592 0.2282407432794571 0.02864583395421505 0.06203703582286835
0 0.3072916567325592 0.43101853132247925 0.03020833246409893 0.07870370149612427
0 0.542187511920929 0.8203703761100769 0.05312500149011612 0.051851850003004074
0 0.6518229246139526 0.7324073910713196 0.0338541679084301 0.06666667014360428
0 0.30546873807907104 0.5351851582527161 0.03177083283662796 0.0833333358168602
0 0.678906261920929 0.3134259283542633 0.03281249850988388 0.07129629701375961
0 0.35989582538604736 0.31990739703178406 0.04270833358168602 0.0694444477558136
0 0.37187498807907104 0.5300925970077515 0.04270833358168602 0.07314814627170563
0 0.5757812261581421 0.3921296298503876 0.03593749925494194 0.0972222238779068
0 0.5776041746139526 0.16944444179534912 0.04374999925494194 0.06666667014360428