0 0.5921875238418579 0.17592592537403107 0.03333333507180214 0.05000000074505806
0 0.5736979246139526 0.8564814925193787 0.03281249850988388 0.04444444552063942
3 0.5927083492279053 0.23749999701976776 0.0625 0.10462962836027145
3 0.5908854007720947 0.8402777910232544 0.07968749850988388 0.06759259104728699
1 0.5885416865348816 0.16435185074806213 0.015625 0.028703704476356506
1 0.5661458373069763 0.19490741193294525 0.014583333395421505 0.026851851493120193
1 0.686718761920929 0.3430555462837219 0.01718750037252903 0.028703704476356506
1 0.56640625 0.5129629373550415 0.01822916604578495 0.029629629105329514
0 0.5903645753860474 0.2518518567085266 0.02968749962747097 0.0555555559694767
1 0.6033853888511658 0.7458333373069763 0.01822916604578495 0.034259259700775146
0 0.54296875 0.8527777791023254 0.0390625 0.04444444552063942
0 0.7205728888511658 0.4087963104248047 0.02760416641831398 0.06388889253139496
0 0.6216145753860474 0.21898147463798523 0.02968749962747097 0.05462963134050369
0 0.6955729126930237 0.35092592239379883 0.0338541679084301 0.05370370298624039
1 0.49609375 0.4958333373069763 0.01927083358168602 0.032407406717538834
0 0.6080729365348816 0.8291666507720947 0.0390625 0.05462963134050369
3 0.707812488079071 0.3819444477558136 0.05833333358168602 0.11388888955116272
3 0.6091145873069763 0.19861111044883728 0.0598958320915699 0.09907407313585281
0 0.5903645753860474 0.7555555701255798 0.04218750074505806 0.05925925821065903
0 0.5739583373069763 0.5337963104248047 0.03541666641831398 0.08055555820465088
0 0.5096353888511658 0.5097222328186035 0.0494791679084301 0.07314814627170563
0 0.6276041865348816 0.28333333134651184 0.03854166716337204 0.051851850003004074