1 0.45651042461395264 0.7680555582046509 0.01614583283662796 0.034259259700775146
1 0.38203126192092896 0.7689814567565918 0.02031249925494194 0.03055555559694767
1 0.6171875 0.4763889014720917 0.014583333395421505 0.028703704476356506
0 0.4611979126930237 0.7791666388511658 0.03281249850988388 0.05277777835726738
1 0.43359375 0.6967592835426331 0.01718750037252903 0.028703704476356506
1 0.3502604067325592 0.7208333611488342 0.01718750037252903 0.026851851493120193
1 0.5122395753860474 0.5074074268341064 0.015104166232049465 0.031481482088565826
1 0.53515625 0.4671296179294586 0.01718750037252903 0.026851851493120193
1 0.43020832538604736 0.3430555462837219 0.01666666753590107 0.028703704476356506
1 0.5091145634651184 0.737500011920929 0.01718750037252903 0.028703704476356506
1 0.5096353888511658 0.5810185074806213 0.015104166232049465 0.026851851493120193
0 0.38880208134651184 0.7810184955596924 0.03489583358168602 0.05833333358168602
1 0.3148437440395355 0.6157407164573669 0.01822916604578495 0.029629629105329514
1 0.6145833134651184 0.5787037014961243 0.014583333395421505 0.029629629105329514
0 0.3557291626930237 0.7370370626449585 0.03333333507180214 0.05925925821065903
0 0.4398437440395355 0.7148148417472839 0.03072916716337204 0.07407407462596893
0 0.6309896111488342 0.48055556416511536 0.04843749850988388 0.06666667014360428
0 0.43671876192092896 0.32175925374031067 0.03281249850988388 0.0824074074625969
0 0.5002604126930237 0.5236111283302307 0.03697916492819786 0.05648148059844971
0 0.5338541865348816 0.49259260296821594 0.02916666679084301 0.08148147910833359
0 0.5140625238418579 0.7606481313705444 0.03229166567325592 0.07870370149612427
0 0.31979167461395264 0.6398147940635681 0.03229166567325592 0.08148147910833359
0 0.628125011920929 0.5856481194496155 0.046875 0.06574074178934097
0 0.49817708134651184 0.5995370149612427 0.04322916641831398 0.0694444477558136