1 0.3747395873069763 0.7810184955596924 0.02031249925494194 0.028703704476356506
0 0.6111978888511658 0.2638888955116272 0.04635416716337204 0.07777778059244156
1 0.557812511920929 0.5740740895271301 0.01770833320915699 0.029629629105329514
3 0.6187499761581421 0.5208333134651184 0.0364583320915699 0.10833333432674408
1 0.3294270932674408 0.6958333253860474 0.015104166232049465 0.021296296268701553
1 0.614062488079071 0.5291666388511658 0.01666666753590107 0.02500000037252903
1 0.6130208373069763 0.2874999940395355 0.015625 0.026851851493120193
1 0.6390625238418579 0.5578703880310059 0.015625 0.028703704476356506
3 0.612500011920929 0.2620370388031006 0.04895833507180214 0.07962962985038757
0 0.6255208253860474 0.5662037134170532 0.04791666567325592 0.049074072390794754
1 0.34036457538604736 0.6296296119689941 0.01614583283662796 0.02777777798473835
0 0.624218761920929 0.2509259283542633 0.03072916716337204 0.046296294778585434
1 0.45234376192092896 0.4564814865589142 0.015104166232049465 0.031481482088565826
0 0.6130208373069763 0.5083333253860474 0.02604166604578495 0.07962962985038757
1 0.5294271111488342 0.27037036418914795 0.01614583283662796 0.031481482088565826
1 0.2903645932674408 0.5587962865829468 0.01614583283662796 0.028703704476356506
1 0.35859376192092896 0.27546295523643494 0.01614583283662796 0.03055555559694767
0 0.5544270873069763 0.5560185313224792 0.03281249850988388 0.07685185223817825
0 0.35104167461395264 0.6425926089286804 0.03958333283662796 0.07037036865949631
0 0.3736979067325592 0.26759257912635803 0.04739583283662796 0.05740740895271301
0 0.33020833134651184 0.717129647731781 0.02916666679084301 0.06759259104728699
0 0.375 0.7944444417953491 0.03437500074505806 0.07037036865949631
0 0.2981770932674408 0.5481481552124023 0.04010416567325592 0.07222222536802292
0 0.4416666626930237 0.4625000059604645 0.046875 0.06388889253139496
0 0.5161458253860474 0.26157405972480774 0.04791666567325592 0.06574074178934097