1 0.503125011920929 0.16249999403953552 0.02083333395421505 0.032407406717538834
1 0.5518229007720947 0.7986111044883728 0.015104166232049465 0.034259259700775146
1 0.30130207538604736 0.38749998807907104 0.01614583283662796 0.02500000037252903
1 0.33020833134651184 0.28009259700775146 0.01666666753590107 0.02500000037252903
1 0.4091145694255829 0.8240740895271301 0.01406249962747097 0.025925925001502037
3 0.3695312440395355 0.2203703671693802 0.05052083358168602 0.07407407462596893
1 0.6166666746139526 0.7370370626449585 0.01666666753590107 0.031481482088565826
1 0.5739583373069763 0.19490741193294525 0.015625 0.028703704476356506
1 0.2927083373069763 0.5277777910232544 0.01770833320915699 0.025925925001502037
1 0.43958333134651184 0.2013888955116272 0.015625 0.028703704476356506
0 0.3010416626930237 0.3638888895511627 0.02708333358168602 0.07592592388391495
0 0.538281261920929 0.8004629611968994 0.0442708320915699 0.06018518656492233
0 0.38072916865348816 0.20972222089767456 0.02604166604578495 0.05277777835726738
0 0.5463541746139526 0.4268518388271332 0.03020833246409893 0.07592592388391495
0 0.3570312559604645 0.23657406866550446 0.02447916753590107 0.0416666679084301
0 0.4515624940395355 0.18796296417713165 0.03958333283662796 0.0555555559694767
0 0.32864582538604736 0.2916666567325592 0.02708333358168602 0.0555555559694767
0 0.6057291626930237 0.75 0.04479166492819786 0.06666667014360428
0 0.29348957538604736 0.5023148059844971 0.02968749962747097 0.08981481194496155
0 0.585156261920929 0.20648148655891418 0.0390625 0.06111111119389534
0 0.3973958194255829 0.8157407641410828 0.04062499850988388 0.06111111119389534
0 0.5072916746139526 0.16435185074806213 0.03020833246409893 0.05092592537403107