0 0.5023437738418579 0.8370370268821716 0.02656250074505806 0.05740740895271301
1 0.5044270753860474 0.37638887763023376 0.01927083358168602 0.026851851493120193
1 0.46875 0.7444444298744202 0.01666666753590107 0.02777777798473835
1 0.5171874761581421 0.6870370507240295 0.01666666753590107 0.02777777798473835
0 0.5763021111488342 0.7740740776062012 0.03593749925494194 0.07222222536802292
1 0.2835937440395355 0.4731481373310089 0.01718750037252903 0.025925925001502037
1 0.5669270753860474 0.7587962746620178 0.01614583283662796 0.026851851493120193
1 0.42578125 0.7523148059844971 0.015104166232049465 0.026851851493120193
1 0.520312488079071 0.32870370149612427 0.015625 0.03333333507180214
1 0.6403645873069763 0.6958333253860474 0.01614583283662796 0.026851851493120193
1 0.5286458134651184 0.17638888955116272 0.01666666753590107 0.03055555559694767
1 0.44140625 0.5578703880310059 0.01614583283662796 0.028703704476356506
1 0.5888020992279053 0.40601852536201477 0.01822916604578495 0.032407406717538834
1 0.3473958373069763 0.29490742087364197 0.01666666753590107 0.028703704476356506
0 0.41354167461395264 0.7652778029441833 0.0416666679084301 0.05092592537403107
0 0.5406249761581421 0.192592591047287 0.03854166716337204 0.06851851940155029
0 0.46145832538604736 0.7643518447875977 0.03333333507180214 0.06388889253139496
0 0.6518229246139526 0.6902777552604675 0.03802083432674408 0.049074072390794754
0 0.4997395873069763 0.4009259343147278 0.03281249850988388 0.07962962985038757
0 0.2828125059604645 0.4958333373069763 0.02395833283662796 0.08055555820465088
0 0.5268229246139526 0.6666666865348816 0.0390625 0.07407407462596893
0 0.5049479007720947 0.3212963044643402 0.0442708320915699 0.05370370298624039
0 0.6000000238418579 0.3939814865589142 0.04374999925494194 0.06574074178934097
0 0.3609375059604645 0.28148147463798523 0.04270833358168602 0.05925925821065903
0 0.45520833134651184 0.5453703999519348 0.04895833507180214 0.07037036865949631