0 0.33281248807907104 0.7546296119689941 0.05104166641831398 0.09814814478158951
0 0.32630208134651184 0.27453702688217163 0.02239583246409893 0.0416666679084301
1 0.32630208134651184 0.27453702688217163 0.02031249925494194 0.03611111268401146
1 0.6468750238418579 0.6962962746620178 0.01770833320915699 0.02777777798473835
1 0.610156238079071 0.7717592716217041 0.01718750037252903 0.02500000037252903
3 0.31953126192092896 0.31111112236976624 0.0338541679084301 0.1240740716457367
1 0.38984376192092896 0.8254629373550415 0.015104166232049465 0.026851851493120193
1 0.5276041626930237 0.5393518805503845 0.01666666753590107 0.028703704476356506
1 0.46953123807907104 0.4967592656612396 0.01406249962747097 0.03055555559694767
0 0.3190104067325592 0.3273148238658905 0.02760416641831398 0.08425925672054291
0 0.6041666865348816 0.7907407283782959 0.03125 0.07037036865949631
1 0.2789062559604645 0.5185185074806213 0.01718750037252903 0.025925925001502037
0 0.532031238079071 0.852314829826355 0.03281249850988388 0.037962961941957474
1 0.4507812559604645 0.17407406866550446 0.01718750037252903 0.031481482088565826
1 0.5916666388511658 0.22083333134651184 0.01666666753590107 0.026851851493120193
0 0.3265624940395355 0.7351852059364319 0.0364583320915699 0.046296294778585434
0 0.3817708194255829 0.8157407641410828 0.03020833246409893 0.0555555559694767
0 0.3492187559604645 0.7773148417472839 0.01927083358168602 0.05462963134050369
0 0.5236979126930237 0.519444465637207 0.03072916716337204 0.07777778059244156
0 0.2776041626930237 0.542129635810852 0.02395833283662796 0.07685185223817825
0 0.6388021111488342 0.7152777910232544 0.03489583358168602 0.06759259104728699
3 0.33385416865348816 0.7555555701255798 0.04895833507180214 0.0962962955236435
0 0.45781248807907104 0.5050926208496094 0.04374999925494194 0.05833333358168602
0 0.43828123807907104 0.18379630148410797 0.04322916641831398 0.06759259104728699
0 0.58203125 0.20694445073604584 0.04010416567325592 0.06388889253139496