0 0.33281248807907104 0.5884259343147278 0.03229166567325592 0.043518517166376114
0 0.32994791865348816 0.6143518686294556 0.0338541679084301 0.10462962836027145
1 0.628125011920929 0.7199074029922485 0.014583333395421505 0.01944444514811039
1 0.7161458134651184 0.7148148417472839 0.01979166641831398 0.025925925001502037
0 0.4973958432674408 0.8981481194496155 0.02395833283662796 0.04814814776182175
1 0.6526041626930237 0.6675925850868225 0.01979166641831398 0.02777777798473835
1 0.3401041626930237 0.5842592716217041 0.01979166641831398 0.031481482088565826
1 0.015625 0.5268518328666687 0.01770833320915699 0.02777777798473835
0 0.32630208134651184 0.6273148059844971 0.02031249925494194 0.06018518656492233
1 0.5158854126930237 0.8509259223937988 0.015104166232049465 0.02777777798473835
0 0.6416666507720947 0.7231481671333313 0.0364583320915699 0.12777778506278992
1 0.04505208507180214 0.3856481611728668 0.015104166232049465 0.023148147389292717
1 0.03489583358168602 0.2606481611728668 0.012500000186264515 0.026851851493120193
1 0.36536458134651184 0.6513888835906982 0.01822916604578495 0.028703704476356506
3 0.3296875059604645 0.6134259104728699 0.03437500074505806 0.10462962836027145
1 0.4609375 0.4611110985279083 0.01770833320915699 0.03333333507180214
1 0.7338541746139526 0.5893518328666687 0.01875000074505806 0.028703704476356506
0 0.014322916977107525 0.1884259283542633 0.02864583395421505 0.043518517166376114
1 0.5765625238418579 0.6495370268821716 0.01770833320915699 0.032407406717538834
0 0.6479166746139526 0.6814814805984497 0.02916666679084301 0.06666667014360428
0 0.3570312559604645 0.6398147940635681 0.03697916492819786 0.05925925821065903
0 0.5289062261581421 0.8569444417953491 0.0442708320915699 0.049074072390794754
0 0.014583333395421505 0.510185182094574 0.02812499925494194 0.07592592388391495
0 0.5856770873069763 0.6305555701255798 0.03802083432674408 0.07407407462596893
0 0.714062511920929 0.7282407283782959 0.03333333507180214 0.06574074178934097
0 0.44739583134651184 0.45370370149612427 0.05000000074505806 0.06481481343507767
0 0.02447916753590107 0.2537037134170532 0.03854166716337204 0.05925925821065903
0 0.04635416716337204 0.3731481432914734 0.02916666679084301 0.07037036865949631
0 0.6333333253860474 0.7453703880310059 0.02708333358168602 0.07962962985038757
0 0.02604166604578495 0.4416666626930237 0.0416666679084301 0.07037036865949631
0 0.7369791865348816 0.5699074268341064 0.03333333507180214 0.08796296268701553