0 0.63671875 0.7379629611968994 0.0338541679084301 0.051851850003004074
0 0.5747395753860474 0.8388888835906982 0.03697916492819786 0.040740739554166794
0 0.6015625 0.7875000238418579 0.03541666641831398 0.05092592537403107
1 0.4455729126930237 0.35277777910232544 0.01406249962747097 0.029629629105329514
1 0.5653645992279053 0.7356481552124023 0.01614583283662796 0.03055555559694767
0 0.2927083373069763 0.37546294927597046 0.03020833246409893 0.06388889253139496
1 0.5807291865348816 0.41712963581085205 0.01666666753590107 0.028703704476356506
1 0.4619791805744171 0.3768518567085266 0.01666666753590107 0.02777777798473835
1 0.33515626192092896 0.6134259104728699 0.01614583283662796 0.026851851493120193
0 0.31067708134651184 0.31898146867752075 0.02239583246409893 0.06018518656492233
1 0.39244791865348816 0.8314814567565918 0.01718750037252903 0.029629629105329514
0 0.5799478888511658 0.7310185432434082 0.04531250149011612 0.04537037014961243
3 0.6283854246139526 0.7513889074325562 0.0546875 0.07314814627170563
0 0.5901041626930237 0.4333333373069763 0.03437500074505806 0.07407407462596893
0 0.43020832538604736 0.35370370745658875 0.04270833358168602 0.04814814776182175
3 0.30000001192092896 0.3499999940395355 0.04479166492819786 0.12037037312984467
0 0.4710937440395355 0.39444443583488464 0.03489583358168602 0.06851851940155029
0 0.34557291865348816 0.6263889074325562 0.04739583283662796 0.07870370149612427
0 0.4059895873069763 0.8435184955596924 0.05052083358168602 0.07777778059244156