1 0.66015625 0.3662036955356598 0.01822916604578495 0.021296296268701553
3 0.5197916626930237 0.2953703701496124 0.05416666716337204 0.06111111119389534
1 0.6528645753860474 0.35277777910232544 0.015104166232049465 0.02777777798473835
0 0.53125 0.8481481671333313 0.03541666641831398 0.040740739554166794
1 0.38854166865348816 0.720370352268219 0.01666666753590107 0.02777777798473835
1 0.504687488079071 0.1953703761100769 0.01666666753590107 0.029629629105329514
1 0.5127604007720947 0.16342592239379883 0.013020833022892475 0.02500000037252903
1 0.58984375 0.4990740716457367 0.01718750037252903 0.02777777798473835
1 0.5880208611488342 0.5712962746620178 0.01770833320915699 0.029629629105329514
1 0.3151041567325592 0.38055557012557983 0.01875000074505806 0.031481482088565826
1 0.5531250238418579 0.3037036955356598 0.01770833320915699 0.024074073880910873
1 0.37187498807907104 0.5583333373069763 0.01875000074505806 0.025925925001502037
1 0.6096354126930237 0.7740740776062012 0.01927083358168602 0.029629629105329514
1 0.30156248807907104 0.4962962865829468 0.01770833320915699 0.025925925001502037
0 0.5119791626930237 0.30000001192092896 0.03958333283662796 0.05000000074505806
0 0.5263020992279053 0.1615740805864334 0.0390625 0.0416666679084301
0 0.4898437559604645 0.1944444477558136 0.04531250149011612 0.04259259253740311
0 0.5484374761581421 0.2856481373310089 0.02916666679084301 0.06574074178934097
0 0.6033853888511658 0.7962962985038757 0.03177083283662796 0.06851851940155029
0 0.31067708134651184 0.4018518626689911 0.03177083283662796 0.07962962985038757
0 0.6614583134651184 0.3481481373310089 0.03229166567325592 0.06481481343507767
0 0.3674479126930237 0.582870364189148 0.03489583358168602 0.08425925672054291
0 0.578906238079071 0.5550925731658936 0.03593749925494194 0.06574074178934097
0 0.3088541626930237 0.519444465637207 0.03541666641831398 0.0833333358168602
0 0.3864583373069763 0.6935185194015503 0.03125 0.09074074029922485
0 0.5997396111488342 0.47962963581085205 0.03697916492819786 0.07037036865949631