1 0.5940104126930237 0.7092592716217041 0.015104166232049465 0.029629629105329514
0 0.6083333492279053 0.7134259343147278 0.04374999925494194 0.05462963134050369
1 0.6528645753860474 0.6666666865348816 0.01614583283662796 0.029629629105329514
1 0.3916666805744171 0.2152777761220932 0.015625 0.026851851493120193
1 0.30156248807907104 0.36944442987442017 0.01770833320915699 0.029629629105329514
1 0.6341145634651184 0.6032407283782959 0.01822916604578495 0.028703704476356506
1 0.33281248807907104 0.4782407283782959 0.01979166641831398 0.026851851493120193
1 0.5729166865348816 0.4365740716457367 0.01875000074505806 0.03055555559694767
1 0.65234375 0.4157407283782959 0.01927083358168602 0.031481482088565826
1 0.5843750238418579 0.7587962746620178 0.015625 0.028703704476356506
0 0.40156251192092896 0.20185184478759766 0.04062499850988388 0.06481481343507767
1 0.3734374940395355 0.38333332538604736 0.01979166641831398 0.029629629105329514
1 0.42395833134651184 0.28842592239379883 0.01979166641831398 0.032407406717538834
1 0.553906261920929 0.1875 0.01614583283662796 0.028703704476356506
0 0.5416666865348816 0.17777778208255768 0.0416666679084301 0.0555555559694767
0 0.5705729126930237 0.7495370507240295 0.04322916641831398 0.05277777835726738
0 0.6408854126930237 0.7388888597488403 0.03177083283662796 0.07037036865949631
0 0.2953124940395355 0.39027777314186096 0.03229166567325592 0.07500000298023224
0 0.6421874761581421 0.43287035822868347 0.03854166716337204 0.0694444477558136
0 0.3335937559604645 0.5069444179534912 0.0338541679084301 0.08981481194496155
0 0.5838541388511658 0.42222222685813904 0.0416666679084301 0.06481481343507767
0 0.4182291626930237 0.3097222149372101 0.03333333507180214 0.07500000298023224
0 0.3697916567325592 0.3560185134410858 0.03229166567325592 0.08981481194496155
0 0.6364583373069763 0.5773147940635681 0.03541666641831398 0.08796296268701553
0 0.6619791388511658 0.6625000238418579 0.0364583320915699 0.05462963134050369