1 0.4567708373069763 0.8041666746139526 0.012500000186264515 0.03055555559694767
3 0.3179687559604645 0.5694444179534912 0.03177083283662796 0.10740740597248077
1 0.3648437559604645 0.7648147940635681 0.013020833022892475 0.024074073880910873
1 0.38723957538604736 0.6643518805503845 0.01822916604578495 0.028703704476356506
1 0.3148437440395355 0.5287036895751953 0.01718750037252903 0.020370369777083397
3 0.3161458373069763 0.5180555582046509 0.02916666679084301 0.1120370402932167
1 0.37552082538604736 0.22499999403953552 0.015625 0.029629629105329514
1 0.4091145694255829 0.36851853132247925 0.015104166232049465 0.02777777798473835
1 0.3864583373069763 0.5236111283302307 0.015625 0.028703704476356506
1 0.698437511920929 0.42222222685813904 0.01875000074505806 0.02777777798473835
0 0.5200520753860474 0.8481481671333313 0.0338541679084301 0.035185184329748154
1 0.635937511920929 0.35277777910232544 0.01770833320915699 0.025925925001502037
1 0.3190104067325592 0.602314829826355 0.01927083358168602 0.026851851493120193
0 0.43828123807907104 0.8125 0.03489583358168602 0.06574074178934097
0 0.3161458373069763 0.49444442987442017 0.02708333358168602 0.07777778059244156
0 0.7018229365348816 0.44490739703178406 0.02968749962747097 0.08425925672054291
0 0.31718748807907104 0.5777778029441833 0.03020833246409893 0.08703703433275223
0 0.3671875 0.2361111044883728 0.03437500074505806 0.06851851940155029
0 0.3981770873069763 0.3513889014720917 0.04322916641831398 0.07314814627170563
0 0.3890624940395355 0.6865741014480591 0.03125 0.08425925672054291
0 0.6302083134651184 0.32499998807907104 0.03125 0.09074074029922485
0 0.6622396111488342 0.2726851999759674 0.03177083283662796 0.06018518656492233
0 0.3971354067325592 0.5402777791023254 0.04531250149011612 0.08425925672054291
0 0.3723958432674408 0.7699074149131775 0.03750000149011612 0.06018518656492233