3 0.5432291626930237 0.5884259343147278 0.04791666567325592 0.05462963134050369
1 0.4583333432674408 0.8402777910232544 0.015625 0.026851851493120193
0 0.4671874940395355 0.8458333611488342 0.02916666679084301 0.028703704476356506
0 0.5328124761581421 0.8055555820465088 0.03020833246409893 0.05000000074505806
1 0.4776041805744171 0.8560185432434082 0.014583333395421505 0.02500000037252903
0 0.5369791388511658 0.7962962985038757 0.01875000074505806 0.046296294778585434
0 0.5408853888511658 0.5865740776062012 0.04114583507180214 0.049074072390794754
1 0.5291666388511658 0.582870364189148 0.015625 0.026851851493120193
1 0.5684896111488342 0.592129647731781 0.013020833022892475 0.028703704476356506
1 0.6328125 0.4106481373310089 0.014583333395421505 0.028703704476356506
0 0.5432291626930237 0.7393518686294556 0.02708333358168602 0.06759259104728699
1 0.6403645873069763 0.3333333432674408 0.015104166232049465 0.025925925001502037
1 0.40234375 0.19305555522441864 0.01614583283662796 0.028703704476356506
1 0.3151041567325592 0.3282407522201538 0.01666666753590107 0.026851851493120193
0 0.5835937261581421 0.5976851582527161 0.04010416567325592 0.04722222313284874
3 0.5388020873069763 0.7574074268341064 0.03593749925494194 0.11851851642131805
0 0.5661458373069763 0.8060185313224792 0.02291666716337204 0.05277777835726738
0 0.3903645873069763 0.20648148655891418 0.0390625 0.05925925821065903
0 0.31640625 0.3444444537162781 0.02864583395421505 0.07407407462596893
0 0.6286458373069763 0.3231481611728668 0.03958333283662796 0.05925925821065903
0 0.640625 0.42407408356666565 0.0364583320915699 0.07592592388391495