1 0.5713541507720947 0.40925925970077515 0.02187499962747097 0.03703703731298447
1 0.5942708253860474 0.442592591047287 0.06562499701976776 0.09074074029922485
3 0.6552083492279053 0.4990740716457367 0.07916666567325592 0.05925925821065903
3 0.5872395634651184 0.7416666746139526 0.06197916716337204 0.06481481343507767
1 0.563281238079071 0.6606481671333313 0.01614583283662796 0.028703704476356506
0 0.6057291626930237 0.45509257912635803 0.03020833246409893 0.05462963134050369
3 0.6244791746139526 0.46851852536201477 0.06666667014360428 0.07222222536802292
0 0.6388021111488342 0.4870370328426361 0.04114583507180214 0.03888889029622078
1 0.5484374761581421 0.7666666507720947 0.01666666753590107 0.02777777798473835
1 0.5317708253860474 0.8787037134170532 0.01666666753590107 0.025925925001502037
1 0.5713541507720947 0.8199074268341064 0.01770833320915699 0.028703704476356506
0 0.58984375 0.739814817905426 0.0546875 0.0555555559694767
1 0.5651041865348816 0.7592592835426331 0.01354166679084301 0.029629629105329514
1 0.6692708134651184 0.49444442987442017 0.01354166679084301 0.024074073880910873
1 0.5395833253860474 0.5611110925674438 0.015625 0.031481482088565826
3 0.59375 0.43796294927597046 0.06458333134651184 0.09074074029922485
0 0.5294271111488342 0.8643518686294556 0.0234375 0.05277777835726738
1 0.5497395992279053 0.15925925970077515 0.02031249925494194 0.031481482088565826
0 0.5424479246139526 0.7884259223937988 0.02968749962747097 0.0694444477558136
0 0.5736979246139526 0.41712963581085205 0.03072916716337204 0.05833333358168602
0 0.5531250238418579 0.677314817905426 0.03437500074505806 0.06574074178934097
0 0.6307291388511658 0.5375000238418579 0.03333333507180214 0.06018518656492233
0 0.5731770992279053 0.8444444537162781 0.02552083320915699 0.07407407462596893
0 0.6848958134651184 0.4870370328426361 0.0416666679084301 0.051851850003004074
0 0.5572916865348816 0.18009258806705475 0.03333333507180214 0.08055555820465088
0 0.5544270873069763 0.5606481432914734 0.04635416716337204 0.05833333358168602