1 0.46692708134651184 0.8333333134651184 0.01406249962747097 0.024074073880910873
1 0.31692707538604736 0.3402777910232544 0.01406249962747097 0.023148147389292717
1 0.5505208373069763 0.3462963104248047 0.01875000074505806 0.025925925001502037
1 0.4026041626930237 0.22592592239379883 0.015625 0.02777777798473835
0 0.45703125 0.8300926089286804 0.03593749925494194 0.03611111268401146
1 0.508593738079071 0.2606481611728668 0.01614583283662796 0.028703704476356506
1 0.3005208373069763 0.42222222685813904 0.01770833320915699 0.025925925001502037
1 0.31822916865348816 0.6856481432914734 0.01875000074505806 0.026851851493120193
1 0.48229166865348816 0.3481481373310089 0.01354166679084301 0.02777777798473835
1 0.503125011920929 0.7578703761100769 0.01666666753590107 0.028703704476356506
1 0.640625 0.2944444417953491 0.015625 0.025925925001502037
0 0.5190104246139526 0.1587962955236435 0.02864583395421505 0.04537037014961243
0 0.3140625059604645 0.31990739703178406 0.02604166604578495 0.07129629701375961
0 0.3791666626930237 0.23472222685813904 0.03229166567325592 0.043518517166376114
0 0.41718751192092896 0.21481481194496155 0.0364583320915699 0.04444444552063942
0 0.3059895932674408 0.3976851999759674 0.03281249850988388 0.08425925672054291
0 0.5528646111488342 0.3254629671573639 0.02968749962747097 0.08425925672054291
0 0.49401041865348816 0.3569444417953491 0.04114583507180214 0.06388889253139496
0 0.516406238079071 0.24537037312984467 0.0338541679084301 0.06851851940155029
0 0.32109373807907104 0.7032407522201538 0.03281249850988388 0.0694444477558136
0 0.6486979126930237 0.31296294927597046 0.0338541679084301 0.07592592388391495
0 0.4906249940395355 0.7462962865829468 0.04479166492819786 0.06666667014360428