3 0.34765625 0.6310185194015503 0.03177083283662796 0.06759259104728699
3 0.35234373807907104 0.6736111044883728 0.03177083283662796 0.1268518567085266
3 0.3473958373069763 0.5962963104248047 0.03437500074505806 0.1259259283542633
1 0.35338541865348816 0.6634259223937988 0.02031249925494194 0.023148147389292717
1 0.5296875238418579 0.6870370507240295 0.014583333395421505 0.025925925001502037
1 0.3088541626930237 0.6425926089286804 0.01770833320915699 0.02222222276031971
1 0.3333333432674408 0.5865740776062012 0.014583333395421505 0.01944444514811039
0 0.34973958134651184 0.6291666626930237 0.02552083320915699 0.06759259104728699
1 0.5942708253860474 0.2171296328306198 0.01354166679084301 0.03055555559694767
1 0.6075521111488342 0.5240740776062012 0.015104166232049465 0.029629629105329514
0 0.2916666567325592 0.48564815521240234 0.02291666716337204 0.06018518656492233
3 0.2992187440395355 0.5777778029441833 0.03177083283662796 0.11666666716337204
1 0.46041667461395264 0.7240740656852722 0.015625 0.03333333507180214
0 0.542187511920929 0.6675925850868225 0.04479166492819786 0.0833333358168602
3 0.30416667461395264 0.6287037134170532 0.03333333507180214 0.13518518209457397
0 0.2966145873069763 0.6004629731178284 0.02864583395421505 0.06759259104728699
1 0.3942708373069763 0.7504629492759705 0.01666666753590107 0.03055555559694767
0 0.30937498807907104 0.6652777791023254 0.02395833283662796 0.0694444477558136
0 0.3372395932674408 0.5606481432914734 0.02552083320915699 0.06574074178934097
3 0.2932291626930237 0.5111111402511597 0.02916666679084301 0.1111111119389534
0 0.35729166865348816 0.699999988079071 0.02708333358168602 0.07037036865949631
0 0.6052083373069763 0.22453702986240387 0.03958333283662796 0.06759259104728699
0 0.6182291507720947 0.5171296000480652 0.04895833507180214 0.07500000298023224
0 0.41015625 0.7467592358589172 0.0494791679084301 0.06203703582286835
0 0.47343748807907104 0.7143518328666687 0.04791666567325592 0.07500000298023224