0 0.5432291626930237 0.36250001192092896 0.03437500074505806 0.05092592537403107
1 0.49817708134651184 0.8425925970077515 0.013020833022892475 0.025925925001502037
1 0.5630208253860474 0.8412036895751953 0.015625 0.032407406717538834
1 0.5239583253860474 0.46666666865348816 0.01875000074505806 0.031481482088565826
0 0.561718761920929 0.45509257912635803 0.03802083432674408 0.03981481492519379
0 0.5309895873069763 0.4703703820705414 0.03697916492819786 0.05740740895271301
1 0.526562511920929 0.8671296238899231 0.014583333395421505 0.023148147389292717
3 0.5481770634651184 0.4574074149131775 0.06302083283662796 0.07407407462596893
1 0.5005208253860474 0.5157407522201538 0.01979166641831398 0.02777777798473835
1 0.721875011920929 0.5671296119689941 0.01666666753590107 0.02500000037252903
1 0.4427083432674408 0.8337963223457336 0.015625 0.026851851493120193
1 0.4260416626930237 0.7865740656852722 0.01666666753590107 0.026851851493120193
3 0.5453125238418579 0.3898148238658905 0.04479166492819786 0.10925926268100739
1 0.4424479305744171 0.5458333492279053 0.01822916604578495 0.03055555559694767
1 0.3986979126930237 0.24583333730697632 0.01614583283662796 0.032407406717538834
0 0.42395833134651184 0.8087962865829468 0.02500000037252903 0.08055555820465088
3 0.530468761920929 0.3393518626689911 0.05156249925494194 0.10277777910232544
0 0.5010416507720947 0.49166667461395264 0.02395833283662796 0.07592592388391495
0 0.5182291865348816 0.31805557012557983 0.02916666679084301 0.05833333358168602
0 0.7236979007720947 0.550000011920929 0.02968749962747097 0.08518518507480621
0 0.5463541746139526 0.8217592835426331 0.04895833507180214 0.06759259104728699
0 0.43307292461395264 0.5625 0.04635416716337204 0.07500000298023224
0 0.4528645873069763 0.852314829826355 0.0338541679084301 0.06574074178934097
0 0.655468761920929 0.2101851850748062 0.0338541679084301 0.06111111119389534
0 0.3854166567325592 0.24120371043682098 0.04791666567325592 0.07129629701375961