0 0.653124988079071 0.6902777552604675 0.0520833320915699 0.10277777910232544
1 0.6369791626930237 0.7263888716697693 0.015625 0.026851851493120193
1 0.4856770932674408 0.4402777850627899 0.01614583283662796 0.03055555559694767
1 0.3765625059604645 0.36666667461395264 0.01875000074505806 0.029629629105329514
1 0.6481770873069763 0.31388887763023376 0.01718750037252903 0.024074073880910873
1 0.3333333432674408 0.4773148000240326 0.01979166641831398 0.026851851493120193
1 0.3929687440395355 0.21111111342906952 0.01718750037252903 0.031481482088565826
1 0.31302082538604736 0.6717592477798462 0.01875000074505806 0.026851851493120193
1 0.6611979007720947 0.42916667461395264 0.01822916604578495 0.032407406717538834
1 0.609375 0.793055534362793 0.01666666753590107 0.03055555559694767
1 0.28333333134651184 0.5495370626449585 0.01875000074505806 0.026851851493120193
0 0.40416666865348816 0.19490741193294525 0.03958333283662796 0.06203703582286835
1 0.5190104246139526 0.1666666716337204 0.01614583283662796 0.035185184329748154
3 0.6544271111488342 0.6856481432914734 0.05364583432674408 0.1101851835846901
0 0.6661458611488342 0.664814829826355 0.02812499925494194 0.06851851940155029
0 0.5 0.4435185194015503 0.05104166641831398 0.051851850003004074
0 0.6192708611488342 0.7842592597007751 0.03750000149011612 0.06481481343507767
0 0.2861979305744171 0.5712962746620178 0.03072916716337204 0.07777778059244156
0 0.3359375 0.5050926208496094 0.03020833246409893 0.08981481194496155
0 0.31041666865348816 0.6930555701255798 0.02708333358168602 0.08055555820465088
0 0.64453125 0.43009260296821594 0.04739583283662796 0.07685185223817825
0 0.6440104246139526 0.7175925970077515 0.03281249850988388 0.04814814776182175
0 0.5093749761581421 0.16111111640930176 0.04062499850988388 0.05740740895271301
0 0.6572916507720947 0.3296296298503876 0.03333333507180214 0.06851851940155029
0 0.3747395873069763 0.33981481194496155 0.02968749962747097 0.09444444626569748