1 0.4088541567325592 0.31712964177131653 0.02083333395421505 0.03055555559694767
1 0.5625 0.8037037253379822 0.02291666716337204 0.031481482088565826
1 0.7749999761581421 0.25046294927597046 0.02187499962747097 0.03611111268401146
1 0.16770833730697632 0.6495370268821716 0.02604166604578495 0.037962961941957474
1 0.21692708134651184 0.8092592358589172 0.01614583283662796 0.02777777798473835
0 0.6526041626930237 0.6703703999519348 0.04270833358168602 0.07592592388391495
1 0.7731770873069763 0.3402777910232544 0.02135416679084301 0.03055555559694767
0 0.17526040971279144 0.6291666626930237 0.04531250149011612 0.07870370149612427
1 0.37812501192092896 0.3652777671813965 0.01979166641831398 0.032407406717538834
0 0.7835937738418579 0.23472222685813904 0.04010416567325592 0.06388889253139496
0 0.7713541388511658 0.3643518388271332 0.03541666641831398 0.08055555820465088
0 0.203125 0.8050925731658936 0.04791666567325592 0.05833333358168602
0 0.4085937440395355 0.3333333432674408 0.03697916492819786 0.07407407462596893
0 0.36406248807907104 0.38935184478759766 0.04791666567325592 0.08425925672054291
0 0.5630208253860474 0.7768518328666687 0.0416666679084301 0.08888889104127884