1 0.6518229246139526 0.7050926089286804 0.01822916604578495 0.026851851493120193
1 0.6341145634651184 0.5416666865348816 0.01822916604578495 0.025925925001502037
1 0.5981770753860474 0.5699074268341064 0.015104166232049465 0.026851851493120193
1 0.6341145634651184 0.31388887763023376 0.01614583283662796 0.02222222276031971
1 0.5354166626930237 0.6666666865348816 0.015625 0.02777777798473835
1 0.5611979365348816 0.7166666388511658 0.01614583283662796 0.029629629105329514
1 0.657031238079071 0.3722222149372101 0.015104166232049465 0.025925925001502037
1 0.3049479126930237 0.5013889074325562 0.01718750037252903 0.023148147389292717
1 0.34375 0.5393518805503845 0.01770833320915699 0.02500000037252903
1 0.4205729067325592 0.1805555522441864 0.01614583283662796 0.031481482088565826
1 0.5744791626930237 0.31990739703178406 0.01875000074505806 0.03055555559694767
1 0.47968751192092896 0.7652778029441833 0.015625 0.028703704476356506
0 0.6502603888511658 0.7162036895751953 0.02656250074505806 0.05833333358168602
0 0.5744791626930237 0.7231481671333313 0.04270833358168602 0.05740740895271301
0 0.4046874940395355 0.8189814686775208 0.02708333358168602 0.06203703582286835
0 0.34557291865348816 0.5097222328186035 0.02968749962747097 0.09907407313585281
0 0.6369791626930237 0.512499988079071 0.02916666679084301 0.08611111342906952
0 0.3083333373069763 0.47083333134651184 0.02604166604578495 0.08796296268701553
0 0.546875 0.6532407402992249 0.04374999925494194 0.06759259104728699
0 0.4947916567325592 0.7717592716217041 0.046875 0.05462963134050369
0 0.6104166507720947 0.5837963223457336 0.04062499850988388 0.06574074178934097
0 0.6388021111488342 0.2958333194255829 0.03177083283662796 0.06388889253139496
0 0.667187511920929 0.3768518567085266 0.0364583320915699 0.06666667014360428
0 0.40963542461395264 0.1856481432914734 0.0390625 0.05462963134050369
0 0.5877603888511658 0.33009257912635803 0.04635416716337204 0.0694444477558136