0 0.6447916626930237 0.720370352268219 0.03541666641831398 0.1259259283542633
1 0.653124988079071 0.664814829826355 0.01979166641831398 0.029629629105329514
0 0.3343749940395355 0.5787037014961243 0.03229166567325592 0.04259259253740311
0 0.32864582538604736 0.6097221970558167 0.02916666679084301 0.10277777910232544
0 0.4971354305744171 0.897685170173645 0.02447916753590107 0.049074072390794754
1 0.6286458373069763 0.7199074029922485 0.014583333395421505 0.01944444514811039
1 0.7161458134651184 0.7148148417472839 0.01979166641831398 0.025925925001502037
0 0.3265624940395355 0.6254629492759705 0.01979166641831398 0.05462963134050369
1 0.015625 0.5268518328666687 0.01770833320915699 0.02777777798473835
3 0.3356770873069763 0.6129629611968994 0.04218750074505806 0.1111111119389534
1 0.5158854126930237 0.8509259223937988 0.015104166232049465 0.02777777798473835
1 0.5677083134651184 0.6606481671333313 0.01666666753590107 0.028703704476356506
1 0.34166666865348816 0.5759259462356567 0.01875000074505806 0.031481482088565826
1 0.04505208507180214 0.3856481611728668 0.015104166232049465 0.023148147389292717
1 0.03437500074505806 0.2606481611728668 0.012500000186264515 0.026851851493120193
1 0.36536458134651184 0.6513888835906982 0.01822916604578495 0.028703704476356506
1 0.4609375 0.4611110985279083 0.01770833320915699 0.03333333507180214
0 0.014322916977107525 0.1884259283542633 0.02864583395421505 0.043518517166376114
1 0.7341145873069763 0.5967592597007751 0.01822916604578495 0.026851851493120193
0 0.6481770873069763 0.6810185313224792 0.02968749962747097 0.06759259104728699
0 0.35729166865348816 0.6398147940635681 0.03750000149011612 0.05925925821065903
0 0.5291666388511658 0.8574073910713196 0.04479166492819786 0.046296294778585434
0 0.014583333395421505 0.510185182094574 0.02812499925494194 0.07592592388391495
0 0.714062511920929 0.7287036776542664 0.03333333507180214 0.06666667014360428
0 0.44739583134651184 0.4541666805744171 0.04895833507180214 0.06388889253139496
0 0.02447916753590107 0.2541666626930237 0.03854166716337204 0.05833333358168602
0 0.6338541507720947 0.7467592358589172 0.02604166604578495 0.07870370149612427
0 0.577343761920929 0.6435185074806213 0.04322916641831398 0.07222222536802292
0 0.04635416716337204 0.37361112236976624 0.02916666679084301 0.0694444477558136
0 0.7367187738418579 0.574999988079071 0.03072916716337204 0.08703703433275223
0 0.02630208246409893 0.4416666626930237 0.04114583507180214 0.06851851940155029