1 0.3388020694255829 0.7185184955596924 0.02447916753590107 0.03703703731298447
3 0.35208332538604736 0.7462962865829468 0.04374999925494194 0.09259258955717087
1 0.3630208373069763 0.772685170173645 0.015625 0.028703704476356506
1 0.40937501192092896 0.737500011920929 0.012500000186264515 0.03055555559694767
1 0.67578125 0.4208333194255829 0.01718750037252903 0.023148147389292717
1 0.36640626192092896 0.717129647731781 0.01718750037252903 0.032407406717538834
0 0.3526041805744171 0.7657407522201538 0.03541666641831398 0.0555555559694767
1 0.6578124761581421 0.3560185134410858 0.01770833320915699 0.028703704476356506
1 0.6299479007720947 0.6560184955596924 0.01406249962747097 0.028703704476356506
1 0.40833333134651184 0.5939815044403076 0.01666666753590107 0.021296296268701553
1 0.31848958134651184 0.6949074268341064 0.01718750037252903 0.028703704476356506
1 0.3828125 0.5736111402511597 0.01979166641831398 0.023148147389292717
1 0.3031249940395355 0.6032407283782959 0.01770833320915699 0.028703704476356506
0 0.675000011920929 0.40046295523643494 0.02812499925494194 0.07685185223817825
0 0.31328123807907104 0.6856481432914734 0.03072916716337204 0.06018518656492233
0 0.6520833373069763 0.3305555582046509 0.0364583320915699 0.07407407462596893
0 0.637499988079071 0.6402778029441833 0.03750000149011612 0.07685185223817825
0 0.3791666626930237 0.7087963223457336 0.04374999925494194 0.05462963134050369
0 0.38098958134651184 0.5481481552124023 0.02968749962747097 0.0833333358168602
0 0.41093748807907104 0.6162037253379822 0.02812499925494194 0.0824074074625969
0 0.30286458134651184 0.5814814567565918 0.03072916716337204 0.08518518507480621
0 0.42395833134651184 0.75 0.0416666679084301 0.0555555559694767
0 0.38593751192092896 0.8129629492759705 0.03020833246409893 0.04814814776182175