1 0.45885416865348816 0.8393518328666687 0.01354166679084301 0.023148147389292717
1 0.3695312440395355 0.7768518328666687 0.01822916604578495 0.02777777798473835
1 0.4976562559604645 0.8212962746620178 0.01406249962747097 0.031481482088565826
1 0.585156261920929 0.6518518328666687 0.01614583283662796 0.025925925001502037
1 0.2981770932674408 0.38333332538604736 0.01614583283662796 0.025925925001502037
1 0.550000011920929 0.19722221791744232 0.015625 0.029629629105329514
1 0.49791666865348816 0.18287037312984467 0.01666666753590107 0.03055555559694767
1 0.4895833432674408 0.7361111044883728 0.01354166679084301 0.029629629105329514
1 0.6463541388511658 0.30601853132247925 0.01666666753590107 0.03055555559694767
1 0.59765625 0.23472222685813904 0.01614583283662796 0.03055555559694767
0 0.3031249940395355 0.3638888895511627 0.03020833246409893 0.06481481343507767
0 0.3309895694255829 0.4194444417953491 0.03697916492819786 0.06111111119389534
0 0.6330729126930237 0.30787035822868347 0.04531250149011612 0.049074072390794754
0 0.5804687738418579 0.6296296119689941 0.03177083283662796 0.0833333358168602
0 0.5145833492279053 0.8115741014480591 0.04479166492819786 0.06388889253139496
0 0.5604166388511658 0.2083333283662796 0.04062499850988388 0.06111111119389534
0 0.6106770634651184 0.23935185372829437 0.03802083432674408 0.05648148059844971
0 0.3736979067325592 0.7912036776542664 0.03281249850988388 0.06574074178934097
0 0.5153645873069763 0.3782407343387604 0.0442708320915699 0.06574074178934097
0 0.4749999940395355 0.7347221970558167 0.046875 0.06018518656492233
0 0.4833333194255829 0.17777778208255768 0.04895833507180214 0.06111111119389534