1 0.4778645932674408 0.14027777314186096 0.01822916604578495 0.032407406717538834
1 0.5065104365348816 0.14305555820465088 0.02447916753590107 0.034259259700775146
0 0.5932291746139526 0.8458333611488342 0.02291666716337204 0.06018518656492233
1 0.5848958492279053 0.8296296000480652 0.014583333395421505 0.025925925001502037
0 0.4177083373069763 0.8726851940155029 0.03229166567325592 0.05277777835726738
0 0.4986979067325592 0.1398148089647293 0.04218750074505806 0.03888889029622078
1 0.5278645753860474 0.15416666865348816 0.01718750037252903 0.032407406717538834
1 0.5390625 0.9018518328666687 0.014583333395421505 0.02777777798473835
1 0.44739583134651184 0.4268518388271332 0.01666666753590107 0.02777777798473835
1 0.3020833432674408 0.36666667461395264 0.01666666753590107 0.025925925001502037
1 0.32734376192092896 0.4504629671573639 0.01614583283662796 0.02500000037252903
1 0.2984375059604645 0.4037036895751953 0.014583333395421505 0.029629629105329514
1 0.3713541626930237 0.3731481432914734 0.01875000074505806 0.024074073880910873
0 0.3994791805744171 0.41435185074806213 0.03437500074505806 0.08425925672054291
1 0.3908854126930237 0.43611112236976624 0.01614583283662796 0.029629629105329514
1 0.4156250059604645 0.6263889074325562 0.01979166641831398 0.03611111268401146
1 0.5986979007720947 0.7333333492279053 0.01927083358168602 0.035185184329748154
1 0.28567707538604736 0.5495370626449585 0.01927083358168602 0.03055555559694767
0 0.46406251192092896 0.13611111044883728 0.03541666641831398 0.04444444552063942
1 0.43046873807907104 0.24583333730697632 0.01927083358168602 0.034259259700775146
0 0.37447917461395264 0.34953704476356506 0.02916666679084301 0.09537036716938019
0 0.5432291626930237 0.15416666865348816 0.04374999925494194 0.04722222313284874
0 0.31041666865348816 0.3481481373310089 0.03541666641831398 0.06296296417713165
0 0.43177083134651184 0.6199073791503906 0.0572916679084301 0.06018518656492233
0 0.2927083373069763 0.42129629850387573 0.03437500074505806 0.07037036865949631
0 0.44921875 0.4009259343147278 0.03281249850988388 0.09814814478158951
0 0.28177082538604736 0.5249999761581421 0.03229166567325592 0.08888889104127884
0 0.4151041805744171 0.25648146867752075 0.05000000074505806 0.06481481343507767
0 0.3309895694255829 0.4263888895511627 0.03177083283662796 0.08055555820465088
0 0.582812488079071 0.7402777671813965 0.05416666716337204 0.06574074178934097