1 0.604687511920929 0.4055555462837219 0.01770833320915699 0.025925925001502037
1 0.48255208134651184 0.8416666388511658 0.01718750037252903 0.025925925001502037
0 0.5223958492279053 0.8574073910713196 0.0364583320915699 0.046296294778585434
3 0.6075521111488342 0.3949074149131775 0.04218750074505806 0.10277777910232544
1 0.34557291865348816 0.25 0.015104166232049465 0.025925925001502037
1 0.5054687261581421 0.8092592358589172 0.01406249962747097 0.024074073880910873
1 0.4791666567325592 0.7263888716697693 0.012500000186264515 0.023148147389292717
1 0.5973958373069763 0.3393518626689911 0.014583333395421505 0.02500000037252903
0 0.3356770873069763 0.25925925374031067 0.03177083283662796 0.05370370298624039
1 0.5234375 0.6189814805984497 0.014583333395421505 0.032407406717538834
1 0.32604166865348816 0.7365740537643433 0.014583333395421505 0.023148147389292717
1 0.5804687738418579 0.4185185134410858 0.01406249962747097 0.020370369777083397
0 0.586718738079071 0.32175925374031067 0.03489583358168602 0.05833333358168602
1 0.3583333194255829 0.5962963104248047 0.01875000074505806 0.025925925001502037
0 0.4794270694255829 0.8134258985519409 0.02864583395421505 0.0694444477558136
0 0.6117187738418579 0.3856481611728668 0.03072916716337204 0.06018518656492233
0 0.3088541626930237 0.3143518567085266 0.02812499925494194 0.05648148059844971
0 0.5885416865348816 0.43796294927597046 0.03125 0.06481481343507767
3 0.32343751192092896 0.2888889014720917 0.0572916679084301 0.10740740597248077
0 0.3317708373069763 0.7523148059844971 0.03229166567325592 0.0694444477558136
0 0.51953125 0.7995370626449585 0.03802083432674408 0.04722222313284874
0 0.35729166865348816 0.6208333373069763 0.03125 0.08796296268701553
0 0.48750001192092896 0.7351852059364319 0.0364583320915699 0.05925925821065903
0 0.5356770753860474 0.6254629492759705 0.04635416716337204 0.06759259104728699