1 0.04348958283662796 0.29722222685813904 0.01718750037252903 0.025925925001502037
1 0.7338541746139526 0.49074074625968933 0.01770833320915699 0.025925925001502037
1 0.7361978888511658 0.592129647731781 0.01927083358168602 0.028703704476356506
1 0.015104166232049465 0.5263888835906982 0.01770833320915699 0.028703704476356506
1 0.3544270694255829 0.7222222089767456 0.01927083358168602 0.029629629105329514
1 0.0455729179084301 0.38425925374031067 0.01718750037252903 0.025925925001502037
1 0.6343749761581421 0.7291666865348816 0.01875000074505806 0.026851851493120193
0 0.45260417461395264 0.7226851582527161 0.0364583320915699 0.05833333358168602
1 0.4130208194255829 0.7893518805503845 0.015625 0.03055555559694767
0 0.014322916977107525 0.1893518567085266 0.02864583395421505 0.037962961941957474
1 0.4442708194255829 0.22499999403953552 0.01770833320915699 0.035185184329748154
1 0.590624988079071 0.852314829826355 0.01875000074505806 0.028703704476356506
0 0.04479166492819786 0.3717592656612396 0.02604166604578495 0.07685185223817825
1 0.03515625 0.22962963581085205 0.01197916641831398 0.020370369777083397
3 0.47057291865348816 0.6953703761100769 0.07135416567325592 0.09814814478158951
0 0.4856770932674408 0.6810185313224792 0.0338541679084301 0.05833333358168602
0 0.5062500238418579 0.9060184955596924 0.03229166567325592 0.05462963134050369
0 0.7328125238418579 0.6129629611968994 0.03437500074505806 0.07962962985038757
0 0.01406249962747097 0.5083333253860474 0.02708333358168602 0.07962962985038757
0 0.04088541492819786 0.3152777850627899 0.02656250074505806 0.0694444477558136
0 0.03125 0.24351851642131805 0.02916666679084301 0.0555555559694767
0 0.7377604246139526 0.5111111402511597 0.03072916716337204 0.08703703433275223
0 0.34973958134651184 0.7324073910713196 0.0338541679084301 0.07592592388391495
0 0.45911458134651184 0.21388888359069824 0.05364583432674408 0.06666667014360428
0 0.6361979246139526 0.7541666626930237 0.02864583395421505 0.08796296268701553
0 0.5817708373069763 0.8680555820465088 0.03958333283662796 0.06574074178934097
0 0.40026041865348816 0.7935185432434082 0.04635416716337204 0.06851851940155029