1 0.31953126192092896 0.7157407402992249 0.01927083358168602 0.029629629105329514
1 0.3671875 0.4268518388271332 0.015625 0.031481482088565826
0 0.5971354246139526 0.7986111044883728 0.03177083283662796 0.06759259104728699
1 0.38072916865348816 0.3087962865829468 0.01770833320915699 0.034259259700775146
1 0.3958333432674408 0.4749999940395355 0.015625 0.031481482088565826
3 0.6151041388511658 0.7763888835906982 0.06875000149011612 0.09907407313585281
1 0.5328124761581421 0.5689814686775208 0.01666666753590107 0.034259259700775146
1 0.3101562559604645 0.39027777314186096 0.02031249925494194 0.028703704476356506
1 0.45911458134651184 0.3421296179294586 0.02031249925494194 0.032407406717538834
1 0.6627604365348816 0.5870370268821716 0.01718750037252903 0.031481482088565826
1 0.4950520694255829 0.16203702986240387 0.015104166232049465 0.03333333507180214
0 0.35208332538604736 0.41805556416511536 0.04062499850988388 0.05462963134050369
1 0.6734374761581421 0.4287036955356598 0.02083333395421505 0.029629629105329514
1 0.5791666507720947 0.4337962865829468 0.01770833320915699 0.032407406717538834
0 0.3661458194255829 0.3115740716457367 0.04583333432674408 0.05648148059844971
0 0.6684895753860474 0.40416666865348816 0.04010416567325592 0.08796296268701553
0 0.3825520873069763 0.4763889014720917 0.04531250149011612 0.05462963134050369
0 0.47057291865348816 0.32592591643333435 0.04635416716337204 0.07222222536802292
0 0.6322916746139526 0.7509258985519409 0.03437500074505806 0.05925925821065903
0 0.32604166865348816 0.7347221970558167 0.03541666641831398 0.07500000298023224
0 0.3098958432674408 0.4166666567325592 0.02708333358168602 0.08703703433275223
0 0.6481770873069763 0.6037036776542664 0.04739583283662796 0.06851851940155029
0 0.48359376192092896 0.1615740805864334 0.04114583507180214 0.05648148059844971
0 0.51953125 0.5712962746620178 0.05052083358168602 0.06296296417713165
0 0.5927083492279053 0.4453703761100769 0.05104166641831398 0.07777778059244156