0 0.5630208253860474 0.192592591047287 0.02395833283662796 0.040740739554166794
1 0.5434895753860474 0.18981482088565826 0.013020833022892475 0.024074073880910873
1 0.3635416626930237 0.6694444417953491 0.01770833320915699 0.029629629105329514
3 0.5455729365348816 0.18009258806705475 0.0598958320915699 0.07129629701375961
1 0.6067708134651184 0.7749999761581421 0.01770833320915699 0.02777777798473835
1 0.6541666388511658 0.34768518805503845 0.01875000074505806 0.026851851493120193
1 0.5838541388511658 0.5476852059364319 0.015625 0.03055555559694767
1 0.49817708134651184 0.4939814805984497 0.015104166232049465 0.026851851493120193
1 0.6598958373069763 0.5833333134651184 0.01666666753590107 0.025925925001502037
1 0.3388020694255829 0.6699073910713196 0.01927083358168602 0.032407406717538834
1 0.5960937738418579 0.46898147463798523 0.01718750037252903 0.03055555559694767
0 0.5052083134651184 0.8671296238899231 0.03333333507180214 0.0416666679084301
1 0.36640626192092896 0.49953705072402954 0.02031249925494194 0.03055555559694767
1 0.5026041865348816 0.4268518388271332 0.015625 0.02777777798473835
0 0.649218738079071 0.31990739703178406 0.03177083283662796 0.07314814627170563
0 0.5325520634651184 0.17824074625968933 0.03593749925494194 0.05277777835726738
0 0.6015625 0.7962962985038757 0.02812499925494194 0.06296296417713165
0 0.653124988079071 0.6078703999519348 0.03125 0.07685185223817825
0 0.6083333492279053 0.4523148238658905 0.0416666679084301 0.07129629701375961
0 0.3270833194255829 0.6870370507240295 0.03854166716337204 0.06481481343507767
0 0.3721354305744171 0.6495370268821716 0.03593749925494194 0.08055555820465088
0 0.5169270634651184 0.4138889014720917 0.0442708320915699 0.06296296417713165
0 0.36927083134651184 0.47083333134651184 0.03125 0.09537036716938019
0 0.4859375059604645 0.4800925850868225 0.04374999925494194 0.06388889253139496
0 0.5692708492279053 0.5402777791023254 0.046875 0.06203703582286835