1 0.6263020634651184 0.5703703761100769 0.01927083358168602 0.025925925001502037
1 0.6382812261581421 0.6499999761581421 0.01927083358168602 0.02777777798473835
1 0.3541666567325592 0.7856481671333313 0.01666666753590107 0.026851851493120193
1 0.6049479246139526 0.7749999761581421 0.01822916604578495 0.029629629105329514
1 0.6148437261581421 0.39814814925193787 0.01614583283662796 0.03333333507180214
1 0.32109373807907104 0.7087963223457336 0.01718750037252903 0.02500000037252903
1 0.3880208432674408 0.3097222149372101 0.01770833320915699 0.034259259700775146
1 0.5249999761581421 0.17592592537403107 0.01770833320915699 0.029629629105329514
1 0.5861979126930237 0.5351851582527161 0.015104166232049465 0.031481482088565826
1 0.4281249940395355 0.38333332538604736 0.01666666753590107 0.031481482088565826
0 0.5997396111488342 0.7972221970558167 0.02656250074505806 0.06851851940155029
0 0.3294270932674408 0.7282407283782959 0.03697916492819786 0.0694444477558136
1 0.653124988079071 0.4416666626930237 0.01979166641831398 0.02777777798473835
0 0.6450520753860474 0.625 0.02760416641831398 0.08703703433275223
0 0.6260416507720947 0.5944444537162781 0.02187499962747097 0.07592592388391495
3 0.5908854007720947 0.21944443881511688 0.06822916865348816 0.0833333358168602
0 0.6067708134651184 0.24027778208255768 0.03541666641831398 0.05462963134050369
0 0.4143229126930237 0.3916666805744171 0.04739583283662796 0.0555555559694767
0 0.5739583373069763 0.5449073910713196 0.04479166492819786 0.06388889253139496
0 0.5718749761581421 0.19907407462596893 0.03229166567325592 0.05370370298624039
0 0.6002604365348816 0.40509259700775146 0.04218750074505806 0.05462963134050369
0 0.6479166746139526 0.4175925850868225 0.03125 0.07777778059244156
0 0.3661458194255829 0.8046296238899231 0.04062499850988388 0.06851851940155029
0 0.3739583194255829 0.31481480598449707 0.04583333432674408 0.06296296417713165
0 0.51171875 0.16712963581085205 0.0442708320915699 0.05462963134050369