1 0.6747395992279053 0.6722221970558167 0.015104166232049465 0.025925925001502037
1 0.698437511920929 0.5273148417472839 0.01770833320915699 0.02500000037252903
1 0.6971353888511658 0.45601850748062134 0.01614583283662796 0.023148147389292717
1 0.6484375 0.6625000238418579 0.01666666753590107 0.026851851493120193
1 0.36328125 0.7425925731658936 0.013020833022892475 0.025925925001502037
0 0.6752604246139526 0.6847222447395325 0.02656250074505806 0.06759259104728699
1 0.6049479246139526 0.6277777552604675 0.013020833022892475 0.02777777798473835
1 0.5072916746139526 0.6171296238899231 0.01666666753590107 0.028703704476356506
1 0.6885416507720947 0.39259257912635803 0.01666666753590107 0.024074073880910873
1 0.5523437261581421 0.8305555582046509 0.01406249962747097 0.025925925001502037
1 0.5880208611488342 0.5634258985519409 0.01354166679084301 0.026851851493120193
1 0.5028645992279053 0.16620370745658875 0.015104166232049465 0.02500000037252903
0 0.5023437738418579 0.6342592835426331 0.03489583358168602 0.08888889104127884
0 0.7018229365348816 0.5486111044883728 0.03177083283662796 0.0694444477558136
0 0.6489583253860474 0.6870370507240295 0.02291666716337204 0.07407407462596893
0 0.692187488079071 0.36574074625968933 0.03020833246409893 0.09074074029922485
0 0.6864583492279053 0.6305555701255798 0.03125 0.05740740895271301
0 0.699999988079071 0.47268518805503845 0.03437500074505806 0.07314814627170563
0 0.5057291388511658 0.1509259194135666 0.02812499925494194 0.06666667014360428
0 0.35364583134651184 0.727314829826355 0.03750000149011612 0.0824074074625969
0 0.6158854365348816 0.6263889074325562 0.04114583507180214 0.06018518656492233
0 0.5395833253860474 0.8416666388511658 0.04374999925494194 0.06666667014360428
0 0.596875011920929 0.5662037134170532 0.04270833358168602 0.06759259104728699