1 0.3072916567325592 0.44907405972480774 0.01666666753590107 0.024074073880910873
1 0.6187499761581421 0.4773148000240326 0.01770833320915699 0.032407406717538834
1 0.3330729305744171 0.668055534362793 0.01718750037252903 0.02500000037252903
1 0.514843761920929 0.4444444477558136 0.01822916604578495 0.024074073880910873
1 0.4346354305744171 0.6939814686775208 0.01614583283662796 0.026851851493120193
1 0.5005208253860474 0.5787037014961243 0.01875000074505806 0.025925925001502037
0 0.5335937738418579 0.4782407283782959 0.0234375 0.0694444477558136
3 0.5132812261581421 0.4902777671813965 0.04739583283662796 0.10833333432674408
1 0.5528646111488342 0.5180555582046509 0.01718750037252903 0.026851851493120193
1 0.42786458134651184 0.3638888895511627 0.015104166232049465 0.024074073880910873
0 0.5093749761581421 0.46759259700775146 0.02708333358168602 0.07037036865949631
1 0.3101562559604645 0.5564814805984497 0.01822916604578495 0.025925925001502037
0 0.3049479126930237 0.46481481194496155 0.02656250074505806 0.07777778059244156
0 0.5059896111488342 0.5287036895751953 0.03697916492819786 0.04444444552063942
0 0.6338541507720947 0.4842592477798462 0.04895833507180214 0.05370370298624039
0 0.3098958432674408 0.581944465637207 0.02812499925494194 0.0824074074625969
0 0.4338541626930237 0.33888888359069824 0.03125 0.0833333358168602
0 0.4989583194255829 0.6060185432434082 0.03020833246409893 0.08055555820465088
0 0.43828123807907104 0.7143518328666687 0.03177083283662796 0.07870370149612427
0 0.565625011920929 0.5342592597007751 0.03854166716337204 0.051851850003004074
0 0.33541667461395264 0.6907407641410828 0.03437500074505806 0.07962962985038757