0 0.38333332538604736 0.29907408356666565 0.02187499962747097 0.04259259253740311
1 0.5247395634651184 0.1745370328426361 0.01718750037252903 0.02500000037252903
0 0.42578125 0.8449074029922485 0.02552083320915699 0.034259259700775146
1 0.4596354067325592 0.532870352268219 0.01822916604578495 0.028703704476356506
0 0.38880208134651184 0.28935185074806213 0.03489583358168602 0.06759259104728699
1 0.3492187559604645 0.7708333134651184 0.01718750037252903 0.026851851493120193
1 0.40963542461395264 0.2569444477558136 0.015104166232049465 0.026851851493120193
0 0.3645833432674408 0.22870370745658875 0.0364583320915699 0.06111111119389534
3 0.40546876192092896 0.28333333134651184 0.06093750149011612 0.07777778059244156
1 0.4388020932674408 0.27546295523643494 0.01718750037252903 0.028703704476356506
1 0.4351562559604645 0.6865741014480591 0.01927083358168602 0.032407406717538834
1 0.6411458253860474 0.2976851761341095 0.01666666753590107 0.02500000037252903
1 0.35364583134651184 0.24537037312984467 0.01354166679084301 0.024074073880910873
1 0.5252603888511658 0.39351850748062134 0.01822916604578495 0.025925925001502037
1 0.5950520634651184 0.5722222328186035 0.01614583283662796 0.02777777798473835
1 0.5645833611488342 0.20509259402751923 0.015625 0.026851851493120193
0 0.4268229305744171 0.2935185134410858 0.03697916492819786 0.06111111119389534
0 0.6075521111488342 0.5856481194496155 0.0442708320915699 0.06203703582286835
0 0.5765625238418579 0.19768518209457397 0.04062499850988388 0.04537037014961243
0 0.3565104305744171 0.7879629731178284 0.03593749925494194 0.07407407462596893
0 0.6486979126930237 0.3134259283542633 0.03177083283662796 0.06574074178934097
0 0.4635416567325592 0.5560185313224792 0.03020833246409893 0.08055555820465088
0 0.42760416865348816 0.667129635810852 0.03854166716337204 0.07685185223817825
0 0.520312488079071 0.36759260296821594 0.03020833246409893 0.08703703433275223
0 0.5210937261581421 0.16342592239379883 0.03072916716337204 0.05462963134050369