0 0.4242187440395355 0.8435184955596924 0.04531250149011612 0.07037036865949631
0 0.28958332538604736 0.43518519401550293 0.02500000037252903 0.06296296417713165
1 0.4117187559604645 0.3453703820705414 0.01197916641831398 0.024074073880910873
3 0.4166666567325592 0.8439815044403076 0.07083333283662796 0.07129629701375961
0 0.42890626192092896 0.8615740537643433 0.03802083432674408 0.03981481492519379
1 0.5377604365348816 0.16851851344108582 0.015104166232049465 0.031481482088565826
1 0.30807292461395264 0.3532407283782959 0.01718750037252903 0.03055555559694767
0 0.2825520932674408 0.4027777910232544 0.02552083320915699 0.07037036865949631
1 0.49531251192092896 0.1578703671693802 0.01666666753590107 0.034259259700775146
1 0.3851562440395355 0.8305555582046509 0.01406249962747097 0.024074073880910873
0 0.30807292461395264 0.36944442987442017 0.0234375 0.07777778059244156
0 0.39114582538604736 0.835185170173645 0.02916666679084301 0.03888889029622078
1 0.2783854305744171 0.49259260296821594 0.01718750037252903 0.02777777798473835
0 0.27942708134651184 0.4694444537162781 0.02656250074505806 0.07037036865949631
1 0.6494791507720947 0.5708333253860474 0.01666666753590107 0.02500000037252903
1 0.5252603888511658 0.3777777850627899 0.01822916604578495 0.02777777798473835
1 0.3773437440395355 0.20601852238178253 0.01614583283662796 0.026851851493120193
0 0.5054687261581421 0.15833333134651184 0.03697916492819786 0.03888889029622078
0 0.5497395992279053 0.17638888955116272 0.0390625 0.049074072390794754
3 0.28307291865348816 0.43287035822868347 0.03593749925494194 0.13425925374031067
0 0.5252603888511658 0.3532407283782959 0.02760416641831398 0.08796296268701553
0 0.6442708373069763 0.5476852059364319 0.03333333507180214 0.08425925672054291
0 0.3880208432674408 0.1944444477558136 0.03854166716337204 0.05740740895271301
0 0.4010416567325592 0.3523148000240326 0.03958333283662796 0.05833333358168602