0 0.36250001192092896 0.277515709400177 0.04722222313284874 0.044025156646966934
3 0.23194444179534912 0.39111635088920593 0.0416666679084301 0.06525157392024994
1 0.29120370745658875 0.46855345368385315 0.028703704476356506 0.02358490601181984
1 0.36342594027519226 0.2562893033027649 0.034259259700775146 0.020440252497792244
1 0.2361111044883728 0.41234275698661804 0.029629629105329514 0.021226415410637856
0 0.34074074029922485 0.3187893033027649 0.07962962985038757 0.04009433835744858
3 0.4504629671573639 0.2645440399646759 0.08981481194496155 0.04009433835744858
1 0.23425926268100739 0.43514150381088257 0.02777777798473835 0.021226415410637856
1 0.2620370388031006 0.39190250635147095 0.02222222276031971 0.021226415410637856
0 0.31388887763023376 0.472484290599823 0.07592592388391495 0.04088050499558449
0 0.2490740716457367 0.44811320304870605 0.0555555559694767 0.04245283082127571
1 0.6962962746620178 0.2841981053352356 0.03333333507180214 0.02279874123632908
1 0.29629629850387573 0.30896225571632385 0.03333333507180214 0.025157231837511063
1 0.36574074625968933 0.3203616440296173 0.025925925001502037 0.019654087722301483
0 0.23287037014961243 0.38561320304870605 0.03981481492519379 0.055817611515522
3 0.3717592656612396 0.2704402506351471 0.07500000298023224 0.0487421378493309
0 0.27037036418914795 0.29441824555397034 0.07962962985038757 0.049528300762176514
1 0.12546296417713165 0.44968554377555847 0.026851851493120193 0.022012578323483467
1 0.7004629373550415 0.5326257944107056 0.03055555559694767 0.027515722438693047
1 0.20000000298023224 0.5117924809455872 0.031481482088565826 0.025157231837511063
0 0.2847222089767456 0.39268869161605835 0.06018518656492233 0.038522012531757355
3 0.27407407760620117 0.4563679099082947 0.10185185074806213 0.05896226316690445
1 0.49953705072402954 0.3408018946647644 0.034259259700775146 0.025943396613001823
1 0.25740739703178406 0.16548742353916168 0.029629629105329514 0.02279874123632908
3 0.5180555582046509 0.32232704758644104 0.07685185223817825 0.05974842607975006
0 0.5199074149131775 0.3211477994918823 0.07129629701375961 0.057389937341213226
1 0.15555556118488312 0.30227985978126526 0.029629629105329514 0.02437106892466545
0 0.19305555522441864 0.4937106966972351 0.049074072390794754 0.0628930851817131
0 0.23564815521240234 0.1871069222688675 0.07129629701375961 0.07232704758644104
1 0.7666666507720947 0.5200471878051758 0.035185184329748154 0.025943396613001823
0 0.668055534362793 0.5420597195625305 0.08055555820465088 0.04323899373412132
0 0.6787037253379822 0.3054245412349701 0.07037036865949631 0.06839622557163239
0 0.7504629492759705 0.5404874086380005 0.07500000298023224 0.06367924809455872
0 0.16805554926395416 0.31446540355682373 0.0694444477558136 0.056603774428367615
0 0.1319444477558136 0.4363207519054413 0.049074072390794754 0.05817610025405884