0 0.6260416507720947 0.21759259700775146 0.05312500149011612 0.08888889104127884
1 0.5567708611488342 0.8634259104728699 0.01770833320915699 0.028703704476356506
0 0.5625 0.2092592567205429 0.03229166567325592 0.05740740895271301
0 0.5729166865348816 0.16111111640930176 0.03020833246409893 0.03333333507180214
3 0.5981770753860474 0.20972222089767456 0.05364583432674408 0.10277777910232544
1 0.6041666865348816 0.1814814805984497 0.01666666753590107 0.029629629105329514
3 0.5687500238418579 0.19675925374031067 0.0416666679084301 0.09351851791143417
0 0.61328125 0.1865740716457367 0.0338541679084301 0.03611111268401146
0 0.5927083492279053 0.23101851344108582 0.03229166567325592 0.05833333358168602
1 0.5536458492279053 0.2620370388031006 0.01770833320915699 0.02222222276031971
1 0.55078125 0.5254629850387573 0.015104166232049465 0.032407406717538834
3 0.620312511920929 0.2152777761220932 0.0625 0.09351851791143417
1 0.5005208253860474 0.5532407164573669 0.01666666753590107 0.032407406717538834
3 0.5588541626930237 0.25833332538604736 0.0364583320915699 0.13518518209457397
0 0.5567708611488342 0.8703703880310059 0.02812499925494194 0.04259259253740311
1 0.6630208492279053 0.3097222149372101 0.01770833320915699 0.03055555559694767
1 0.4632812440395355 0.17175926268100739 0.01718750037252903 0.034259259700775146
1 0.5052083134651184 0.8773148059844971 0.015625 0.032407406717538834
0 0.6385416388511658 0.23055554926395416 0.03229166567325592 0.06296296417713165
0 0.5182291865348816 0.8726851940155029 0.03958333283662796 0.05092592537403107
0 0.6739583611488342 0.32175925374031067 0.0416666679084301 0.06203703582286835
0 0.5544270873069763 0.28935185074806213 0.02864583395421505 0.07685185223817825
0 0.510937511920929 0.5407407283782959 0.0416666679084301 0.06666667014360428
0 0.567187488079071 0.5231481194496155 0.046875 0.051851850003004074
0 0.4494791626930237 0.17777778208255768 0.04895833507180214 0.07037036865949631