0 0.4789062440395355 0.8828703761100769 0.02968749962747097 0.05833333358168602
1 0.04322916641831398 0.2967592477798462 0.01666666753590107 0.02500000037252903
1 0.56640625 0.7129629850387573 0.01822916604578495 0.025925925001502037
1 0.37317708134651184 0.302314817905426 0.01718750037252903 0.03055555559694767
1 0.015104166232049465 0.5263888835906982 0.01770833320915699 0.028703704476356506
1 0.0455729179084301 0.3847222328186035 0.01822916604578495 0.028703704476356506
0 0.5669270753860474 0.6157407164573669 0.02656250074505806 0.06481481343507767
1 0.5846354365348816 0.5416666865348816 0.01822916604578495 0.024074073880910873
1 0.48489582538604736 0.5717592835426331 0.01666666753590107 0.03611111268401146
1 0.668749988079071 0.7944444417953491 0.01666666753590107 0.024074073880910873
1 0.6065104007720947 0.8805555701255798 0.015104166232049465 0.031481482088565826
0 0.014583333395421505 0.18981482088565826 0.02812499925494194 0.03703703731298447
1 0.03541666641831398 0.22870370745658875 0.012500000186264515 0.02222222276031971
0 0.5653645992279053 0.6898148059844971 0.02968749962747097 0.07962962985038757
0 0.04531250149011612 0.3731481432914734 0.02604166604578495 0.07592592388391495
0 0.5075520873069763 0.9064815044403076 0.02864583395421505 0.05370370298624039
0 0.5466145873069763 0.5574073791503906 0.03072916716337204 0.06851851940155029
0 0.6192708611488342 0.8768518567085266 0.03854166716337204 0.04444444552063942
3 0.565625011920929 0.6592592597007751 0.03541666641831398 0.1388888955116272
0 0.6736978888511658 0.8069444298744202 0.02968749962747097 0.06203703582286835
0 0.01406249962747097 0.5078703761100769 0.02708333358168602 0.07870370149612427
0 0.5846354365348816 0.5157407522201538 0.02447916753590107 0.07037036865949631
3 0.5549479126930237 0.5833333134651184 0.04531250149011612 0.12037037312984467
0 0.03072916716337204 0.24259258806705475 0.02916666679084301 0.0555555559694767
0 0.0416666679084301 0.3134259283542633 0.02395833283662796 0.06759259104728699
0 0.3656249940395355 0.31898146867752075 0.0364583320915699 0.0824074074625969
0 0.47187501192092896 0.5722222328186035 0.046875 0.05740740895271301