1 0.47265625 0.49537035822868347 0.015104166232049465 0.035185184329748154
3 0.5885416865348816 0.7365740537643433 0.04479166492819786 0.049074072390794754
3 0.62109375 0.7481481432914734 0.03177083283662796 0.07592592388391495
1 0.616406261920929 0.770370364189148 0.01406249962747097 0.025925925001502037
1 0.47057291865348816 0.4662036895751953 0.015104166232049465 0.03055555559694767
1 0.6674479246139526 0.6467592716217041 0.01718750037252903 0.028703704476356506
0 0.6234375238418579 0.7495370507240295 0.02916666679084301 0.07314814627170563
1 0.4749999940395355 0.510185182094574 0.015625 0.031481482088565826
1 0.6234375238418579 0.26435184478759766 0.01979166641831398 0.03055555559694767
1 0.5744791626930237 0.5055555701255798 0.02083333395421505 0.029629629105329514
1 0.3101562559604645 0.6935185194015503 0.01718750037252903 0.025925925001502037
0 0.585156261920929 0.7365740537643433 0.03802083432674408 0.043518517166376114
1 0.4221354126930237 0.7708333134651184 0.01406249962747097 0.026851851493120193
1 0.3526041805744171 0.2916666567325592 0.01666666753590107 0.02777777798473835
0 0.6736978888511658 0.6337962746620178 0.03177083283662796 0.07129629701375961
0 0.4528645873069763 0.46203702688217163 0.04739583283662796 0.046296294778585434
1 0.48828125 0.3342592716217041 0.01927083358168602 0.02777777798473835
0 0.49036458134651184 0.512499988079071 0.04531250149011612 0.05462963134050369
1 0.6539062261581421 0.3361110985279083 0.01822916604578495 0.025925925001502037
0 0.36666667461395264 0.2750000059604645 0.04062499850988388 0.06111111119389534
0 0.3057291805744171 0.6708333492279053 0.02916666679084301 0.08425925672054291
0 0.6552083492279053 0.36342594027519226 0.02812499925494194 0.08425925672054291
0 0.6192708611488342 0.2898148000240326 0.03020833246409893 0.07777778059244156
0 0.41067707538604736 0.7541666626930237 0.0390625 0.06759259104728699
0 0.49036458134651184 0.3106481432914734 0.02760416641831398 0.08425925672054291
0 0.5736979246139526 0.47962963581085205 0.03072916716337204 0.09074074029922485