3 0.39010417461395264 0.24027778208255768 0.03125 0.11574073880910873
1 0.42135417461395264 0.3162037134170532 0.01770833320915699 0.028703704476356506
0 0.4541666805744171 0.8407407402992249 0.02916666679084301 0.040740739554166794
1 0.3802083432674408 0.23564815521240234 0.01666666753590107 0.021296296268701553
1 0.3424479067325592 0.4444444477558136 0.01614583283662796 0.025925925001502037
1 0.6713541746139526 0.5652777552604675 0.01666666753590107 0.026851851493120193
1 0.4645833373069763 0.8384259343147278 0.012500000186264515 0.026851851493120193
1 0.2958333194255829 0.5273148417472839 0.01666666753590107 0.02500000037252903
1 0.3096354305744171 0.32685184478759766 0.015104166232049465 0.024074073880910873
1 0.38984376192092896 0.2837963104248047 0.015104166232049465 0.02500000037252903
0 0.5473958253860474 0.8074073791503906 0.04791666567325592 0.05925925821065903
3 0.4059895873069763 0.28703704476356506 0.05052083358168602 0.0962962955236435
1 0.5346354246139526 0.17638888955116272 0.01822916604578495 0.034259259700775146
1 0.46302083134651184 0.17037037014961243 0.015625 0.029629629105329514
0 0.4156250059604645 0.30601853132247925 0.03229166567325592 0.05833333358168602
0 0.3812499940395355 0.21388888359069824 0.02187499962747097 0.06111111119389534
0 0.6651041507720947 0.5874999761581421 0.03437500074505806 0.08055555820465088
0 0.31640625 0.3125 0.03177083283662796 0.06203703582286835
0 0.5466145873069763 0.41990742087364197 0.02864583395421505 0.07500000298023224
0 0.5484374761581421 0.17499999701976776 0.04479166492819786 0.05740740895271301
0 0.2932291626930237 0.5060185194015503 0.02916666679084301 0.08611111342906952
0 0.3460937440395355 0.4226851761341095 0.03593749925494194 0.0824074074625969
0 0.47578126192092896 0.1814814805984497 0.0390625 0.05740740895271301