1 0.4963541626930237 0.8486111164093018 0.01145833358168602 0.03055555559694767
1 0.5289062261581421 0.8680555820465088 0.013020833022892475 0.028703704476356506
1 0.5622395873069763 0.8587962985038757 0.01406249962747097 0.032407406717538834
1 0.3544270694255829 0.7925925850868225 0.013020833022892475 0.02777777798473835
0 0.55078125 0.8513888716697693 0.03072916716337204 0.05462963134050369
1 0.612500011920929 0.2509259283542633 0.014583333395421505 0.024074073880910873
1 0.32083332538604736 0.7490741014480591 0.01770833320915699 0.025925925001502037
1 0.5466145873069763 0.34768518805503845 0.01614583283662796 0.028703704476356506
0 0.4963541626930237 0.8217592835426331 0.014583333395421505 0.05648148059844971
1 0.43541666865348816 0.3499999940395355 0.01666666753590107 0.029629629105329514
1 0.3057291805744171 0.45092591643333435 0.01666666753590107 0.02222222276031971
1 0.5700520873069763 0.20462962985038757 0.015104166232049465 0.03333333507180214
1 0.4794270694255829 0.7749999761581421 0.01614583283662796 0.03333333507180214
0 0.518750011920929 0.8699073791503906 0.03125 0.0416666679084301
3 0.63671875 0.29305556416511536 0.0546875 0.10462962836027145
0 0.5755208134651184 0.36064815521240234 0.03437500074505806 0.05092592537403107
0 0.62109375 0.2620370388031006 0.02760416641831398 0.05370370298624039
0 0.3466145694255829 0.7884259223937988 0.03072916716337204 0.05277777835726738
0 0.31692707538604736 0.7263888716697693 0.02864583395421505 0.07685185223817825
0 0.4703125059604645 0.7847222089767456 0.03541666641831398 0.06018518656492233
0 0.4437499940395355 0.3643518388271332 0.03541666641831398 0.0694444477558136
0 0.5807291865348816 0.20694445073604584 0.0364583320915699 0.05648148059844971
0 0.5356770753860474 0.33194443583488464 0.03489583358168602 0.06018518656492233
0 0.31197917461395264 0.4263888895511627 0.03229166567325592 0.0824074074625969
0 0.6468750238418579 0.3106481432914734 0.03333333507180214 0.06574074178934097