1 0.04322916641831398 0.2967592477798462 0.01770833320915699 0.026851851493120193
1 0.01536458358168602 0.5268518328666687 0.01822916604578495 0.029629629105329514
1 0.32604166865348816 0.6115740537643433 0.01875000074505806 0.03055555559694767
0 0.49817708134651184 0.8958333134651184 0.02656250074505806 0.05833333358168602
1 0.5869791507720947 0.904629647731781 0.01770833320915699 0.02777777798473835
1 0.6549479365348816 0.8083333373069763 0.013020833022892475 0.025925925001502037
0 0.6393229365348816 0.8495370149612427 0.02239583246409893 0.043518517166376114
0 0.014322916977107525 0.1893518567085266 0.02864583395421505 0.03611111268401146
1 0.04531250149011612 0.385185182094574 0.01770833320915699 0.025925925001502037
1 0.6190103888511658 0.22499999403953552 0.01822916604578495 0.029629629105329514
0 0.6143229007720947 0.8800926208496094 0.03177083283662796 0.05277777835726738
1 0.5414062738418579 0.45277777314186096 0.01927083358168602 0.025925925001502037
1 0.3682291805744171 0.7824074029922485 0.015625 0.035185184329748154
1 0.03567708283662796 0.22962963581085205 0.013020833022892475 0.02222222276031971
0 0.04479166492819786 0.3717592656612396 0.02604166604578495 0.07685185223817825
1 0.5575520992279053 0.48750001192092896 0.01822916604578495 0.028703704476356506
0 0.5755208134651184 0.907870352268219 0.03854166716337204 0.03981481492519379
1 0.44739583134651184 0.307407408952713 0.01979166641831398 0.035185184329748154
0 0.01406249962747097 0.5087962746620178 0.02708333358168602 0.08055555820465088
0 0.569531261920929 0.5050926208496094 0.04010416567325592 0.06574074178934097
0 0.03125 0.2430555522441864 0.02916666679084301 0.05462963134050369
0 0.04140625149011612 0.3134259283542633 0.02447916753590107 0.0694444477558136
0 0.6666666865348816 0.8074073791503906 0.0364583320915699 0.05000000074505806
0 0.3304687440395355 0.5972222089767456 0.03593749925494194 0.0833333358168602
0 0.612500011920929 0.24722221493721008 0.03229166567325592 0.07407407462596893
0 0.5354166626930237 0.427314817905426 0.03125 0.07314814627170563
0 0.4593749940395355 0.2916666567325592 0.04583333432674408 0.07222222536802292
0 0.3838541805744171 0.789814829826355 0.0520833320915699 0.07407407462596893