1 0.5104166865348816 0.14351852238178253 0.01770833320915699 0.02777777798473835
0 0.5140625238418579 0.14629629254341125 0.02395833283662796 0.035185184329748154
1 0.45911458134651184 0.5638889074325562 0.01822916604578495 0.02777777798473835
1 0.4375 0.16944444179534912 0.014583333395421505 0.025925925001502037
1 0.37682291865348816 0.21851852536201477 0.015104166232049465 0.02777777798473835
1 0.4361979067325592 0.3342592716217041 0.01614583283662796 0.02777777798473835
1 0.4664062559604645 0.15000000596046448 0.015104166232049465 0.02777777798473835
1 0.6070312261581421 0.46296295523643494 0.01614583283662796 0.029629629105329514
1 0.3643229305744171 0.5305555462837219 0.01614583283662796 0.029629629105329514
0 0.37578123807907104 0.5458333492279053 0.0442708320915699 0.07500000298023224
1 0.58203125 0.7740740776062012 0.01614583283662796 0.029629629105329514
1 0.6973958611488342 0.5518518686294556 0.01770833320915699 0.025925925001502037
1 0.510937511920929 0.20324073731899261 0.01875000074505806 0.028703704476356506
0 0.4789062440395355 0.14537036418914795 0.04114583507180214 0.03888889029622078
0 0.4242187440395355 0.17824074625968933 0.03802083432674408 0.04722222313284874
0 0.6997395753860474 0.5305555462837219 0.03281249850988388 0.09074074029922485
0 0.45781248807907104 0.5884259343147278 0.03229166567325592 0.0972222238779068
0 0.3669270873069763 0.22962963581085205 0.0338541679084301 0.05370370298624039
0 0.515625 0.2291666716337204 0.02916666679084301 0.07685185223817825
0 0.43281251192092896 0.3125 0.03125 0.09351851791143417
0 0.616406261920929 0.47962963581085205 0.04322916641831398 0.08518518507480621
0 0.38098958134651184 0.7606481313705444 0.03593749925494194 0.06203703582286835
0 0.5690104365348816 0.7592592835426331 0.04843749850988388 0.07222222536802292