1 0.5721353888511658 0.6712962985038757 0.01718750037252903 0.03333333507180214
0 0.38671875 0.23055554926395416 0.02656250074505806 0.06111111119389534
3 0.375 0.7763888835906982 0.0572916679084301 0.0824074074625969
3 0.3971354067325592 0.8162037134170532 0.06406249850988388 0.07870370149612427
1 0.557812511920929 0.5351851582527161 0.014583333395421505 0.025925925001502037
0 0.3682291805744171 0.2708333432674408 0.03229166567325592 0.06018518656492233
0 0.38723957538604736 0.8004629611968994 0.03281249850988388 0.049074072390794754
0 0.3596354126930237 0.7606481313705444 0.02968749962747097 0.05092592537403107
0 0.41197916865348816 0.8342592716217041 0.03541666641831398 0.05925925821065903
1 0.6606770753860474 0.24861110746860504 0.02031249925494194 0.034259259700775146
0 0.4104166626930237 0.19120369851589203 0.03437500074505806 0.06388889253139496
1 0.5950520634651184 0.6601851582527161 0.01718750037252903 0.025925925001502037
3 0.35546875 0.29398149251937866 0.06197916716337204 0.10092592239379883
1 0.5083333253860474 0.8504629731178284 0.01979166641831398 0.032407406717538834
1 0.33645832538604736 0.3245370388031006 0.01875000074505806 0.028703704476356506
3 0.3492187559604645 0.7347221970558167 0.05677083507180214 0.10462962836027145
0 0.5205729007720947 0.8500000238418579 0.04739583283662796 0.04814814776182175
0 0.3388020694255829 0.710185170173645 0.03281249850988388 0.05925925821065903
0 0.33932292461395264 0.3097222149372101 0.02760416641831398 0.06203703582286835
3 0.4010416567325592 0.20787036418914795 0.05520833283662796 0.08981481194496155
0 0.6544271111488342 0.26527777314186096 0.03697916492819786 0.07685185223817825
0 0.6002604365348816 0.6370370388031006 0.02968749962747097 0.08518518507480621
0 0.5684896111488342 0.5217592716217041 0.0442708320915699 0.07129629701375961
0 0.5580729246139526 0.6796296238899231 0.0442708320915699 0.06111111119389534