3 0.5259259343147278 0.29559749364852905 0.08518518507480621 0.04716981202363968
0 0.33981481194496155 0.2853773534297943 0.03703703731298447 0.033018868416547775
0 0.2995370328426361 0.24528302252292633 0.05462963134050369 0.07232704758644104
0 0.32870370149612427 0.34984275698661804 0.06666667014360428 0.04716981202363968
4 0.32685184478759766 0.3463050425052643 0.07222222536802292 0.04795597493648529
0 0.7782407402992249 0.5738993883132935 0.07314814627170563 0.03616352379322052
3 0.3185185194015503 0.2692610025405884 0.08703703433275223 0.06839622557163239
4 0.7143518328666687 0.5341981053352356 0.08055555820465088 0.07311321049928665
1 0.34166666865348816 0.28930819034576416 0.031481482088565826 0.02358490601181984
0 0.7152777910232544 0.534984290599823 0.07685185223817825 0.07154087722301483
1 0.5486111044883728 0.2983490526676178 0.032407406717538834 0.02279874123632908
1 0.5703703761100769 0.31721699237823486 0.029629629105329514 0.021226415410637856
1 0.7986111044883728 0.5762578845024109 0.028703704476356506 0.025157231837511063
1 0.12777778506278992 0.5137578845024109 0.035185184329748154 0.025943396613001823
1 0.049074072390794754 0.4504716992378235 0.029629629105329514 0.022012578323483467
1 0.7351852059364319 0.5636792182922363 0.02777777798473835 0.020440252497792244
1 0.08055555820465088 0.2991352081298828 0.031481482088565826 0.027515722438693047
1 0.29398149251937866 0.2228773534297943 0.034259259700775146 0.02437106892466545
1 0.39953702688217163 0.5672169923782349 0.03611111268401146 0.032232705503702164
1 0.22268518805503845 0.3561320900917053 0.034259259700775146 0.02358490601181984
0 0.4504629671573639 0.2727987468242645 0.07314814627170563 0.03773584961891174
1 0.42500001192092896 0.2091194987297058 0.03333333507180214 0.025157231837511063
1 0.3018518388271332 0.5283018946647644 0.03888889029622078 0.02987421303987503
0 0.37037035822868347 0.5695754885673523 0.09259258955717087 0.049528300762176514
1 0.855555534362793 0.5452044010162354 0.031481482088565826 0.02279874123632908
0 0.28842592239379883 0.5047169923782349 0.06388889253139496 0.07389937341213226
0 0.8430555462837219 0.5617138147354126 0.05833333358168602 0.055817611515522
0 0.4541666805744171 0.21737422049045563 0.08611111342906952 0.051100630313158035
0 0.20787036418914795 0.37932389974594116 0.07129629701375961 0.06525157392024994
0 0.12083332985639572 0.4933176040649414 0.05277777835726738 0.07311321049928665
0 0.5935184955596924 0.33608490228652954 0.07222222536802292 0.05896226316690445
0 0.05601852014660835 0.43435534834861755 0.05833333358168602 0.06839622557163239
0 0.09305555373430252 0.30778300762176514 0.0694444477558136 0.057389937341213226