3 0.2992187440395355 0.5597222447395325 0.02760416641831398 0.06759259104728699
0 0.2979166805744171 0.510185182094574 0.03020833246409893 0.05000000074505806
0 0.30130207538604736 0.6175925731658936 0.02239583246409893 0.05370370298624039
1 0.5919271111488342 0.6814814805984497 0.01406249962747097 0.02222222276031971
3 0.5846354365348816 0.6796296238899231 0.0598958320915699 0.07592592388391495
1 0.5557291507720947 0.7050926089286804 0.015625 0.028703704476356506
0 0.30781251192092896 0.6689814925193787 0.02500000037252903 0.06574074178934097
1 0.6497395634651184 0.3115740716457367 0.01614583283662796 0.028703704476356506
1 0.503125011920929 0.6953703761100769 0.015625 0.029629629105329514
0 0.6026041507720947 0.6666666865348816 0.0364583320915699 0.05925925821065903
1 0.6075521111488342 0.5263888835906982 0.015104166232049465 0.032407406717538834
1 0.36666667461395264 0.7324073910713196 0.015625 0.02777777798473835
3 0.30390626192092896 0.6499999761581421 0.03072916716337204 0.1111111119389534
0 0.33020833134651184 0.7194444537162781 0.02395833283662796 0.05925925821065903
0 0.3346354067325592 0.5555555820465088 0.03593749925494194 0.04259259253740311
0 0.5169270634651184 0.6944444179534912 0.04531250149011612 0.046296294778585434
0 0.6572916507720947 0.32592591643333435 0.03437500074505806 0.08148147910833359
0 0.375 0.7486110925674438 0.03541666641831398 0.05833333358168602
0 0.6192708611488342 0.5189814567565918 0.04895833507180214 0.0694444477558136