3 0.31388887763023376 0.2429245263338089 0.08888889104127884 0.09119496494531631
0 0.33981481194496155 0.2696540951728821 0.03703703731298447 0.034591194242239
0 0.3152777850627899 0.2429245263338089 0.08611111342906952 0.08805031329393387
1 0.3430555462837219 0.33097484707832336 0.032407406717538834 0.025157231837511063
4 0.7250000238418579 0.518081784248352 0.08518518507480621 0.06603773683309555
0 0.5208333134651184 0.2861635088920593 0.08425925672054291 0.05503144487738609
0 0.7231481671333313 0.5200471878051758 0.07592592388391495 0.062106918543577194
1 0.7995370626449585 0.5691823959350586 0.03055555559694767 0.025157231837511063
3 0.5171296000480652 0.28144654631614685 0.09166666865348816 0.05345911905169487
1 0.34166666865348816 0.27319180965423584 0.029629629105329514 0.02437106892466545
1 0.5699074268341064 0.30306604504585266 0.034259259700775146 0.02437106892466545
1 0.0486111119389534 0.4386792480945587 0.032407406717538834 0.02358490601181984
1 0.24074074625968933 0.3620283007621765 0.03703703731298447 0.02908805012702942
1 0.12777778506278992 0.5019654035568237 0.03333333507180214 0.02437106892466545
1 0.08055555820465088 0.28734275698661804 0.029629629105329514 0.027515722438693047
1 0.48148149251937866 0.2712264060974121 0.024074073880910873 0.022012578323483467
1 0.2944444417953491 0.2079402506351471 0.035185184329748154 0.02437106892466545
0 0.32685184478759766 0.33765724301338196 0.06481481343507767 0.04323899373412132
1 0.40231481194496155 0.5566037893295288 0.032407406717538834 0.03144654259085655
1 0.42592594027519226 0.19614779949188232 0.031481482088565826 0.02437106892466545
1 0.8611111044883728 0.5448113083839417 0.031481482088565826 0.022012578323483467
1 0.7384259104728699 0.5432389974594116 0.032407406717538834 0.022012578323483467
1 0.302314817905426 0.5153301954269409 0.03981481492519379 0.02908805012702942
1 0.5481481552124023 0.27397799491882324 0.029629629105329514 0.025943396613001823
0 0.4555555582046509 0.20440252125263214 0.08888889104127884 0.050314463675022125
0 0.21296297013759613 0.3671383559703827 0.08888889104127884 0.04716981202363968
0 0.4513888955116272 0.25982704758644104 0.07500000298023224 0.04638364911079407
0 0.7773148417472839 0.5660377144813538 0.07685185223817825 0.04088050499558449
0 0.2907407283782959 0.4913522005081177 0.06666667014360428 0.07389937341213226
0 0.11990740895271301 0.4811320900917053 0.05462963134050369 0.07861635088920593
0 0.36944442987442017 0.5585691928863525 0.09814814478158951 0.051100630313158035
0 0.05740740895271301 0.42099055647850037 0.06111111119389534 0.07154087722301483
0 0.8481481671333313 0.5644654035568237 0.06296296417713165 0.05817610025405884
0 0.5939815044403076 0.32311320304870605 0.07870370149612427 0.06761006265878677
0 0.09351851791143417 0.29677674174308777 0.07037036865949631 0.05896226316690445