1 0.6338541507720947 0.6004629731178284 0.01666666753590107 0.026851851493120193
1 0.616406261920929 0.739814817905426 0.01614583283662796 0.020370369777083397
1 0.6130208373069763 0.5273148417472839 0.01354166679084301 0.028703704476356506
1 0.35494792461395264 0.7564814686775208 0.01614583283662796 0.025925925001502037
1 0.3226562440395355 0.7013888955116272 0.01614583283662796 0.02500000037252903
3 0.3687500059604645 0.48842594027519226 0.06979166716337204 0.07685185223817825
1 0.6596354246139526 0.5143518447875977 0.01614583283662796 0.023148147389292717
1 0.6377604007720947 0.6921296119689941 0.01614583283662796 0.023148147389292717
0 0.34817707538604736 0.4703703820705414 0.0338541679084301 0.046296294778585434
1 0.34062498807907104 0.46898147463798523 0.014583333395421505 0.03055555559694767
0 0.44609373807907104 0.8129629492759705 0.03281249850988388 0.03888889029622078
0 0.3854166567325592 0.5009258985519409 0.0364583320915699 0.05370370298624039
1 0.296875 0.6106481552124023 0.01666666753590107 0.02500000037252903
0 0.29739582538604736 0.5916666388511658 0.02500000037252903 0.07407407462596893
0 0.6583333611488342 0.48564815521240234 0.03020833246409893 0.07500000298023224
0 0.36406248807907104 0.7712963223457336 0.03333333507180214 0.051851850003004074
0 0.641406238079071 0.707870364189148 0.02760416641831398 0.0694444477558136
0 0.6393229365348816 0.5805555582046509 0.03281249850988388 0.07592592388391495
0 0.3294270932674408 0.7166666388511658 0.02864583395421505 0.06481481343507767
0 0.40833333134651184 0.8273147940635681 0.03020833246409893 0.037962961941957474
0 0.6205729246139526 0.520370364189148 0.04114583507180214 0.05740740895271301
0 0.61328125 0.7597222328186035 0.02864583395421505 0.06388889253139496