1 0.3138020932674408 0.3939814865589142 0.01822916604578495 0.023148147389292717
1 0.3101562559604645 0.40648147463798523 0.01614583283662796 0.024074073880910873
1 0.6640625 0.6689814925193787 0.015625 0.023148147389292717
1 0.641406238079071 0.7300925850868225 0.015104166232049465 0.02500000037252903
1 0.37317708134651184 0.2273148149251938 0.01406249962747097 0.02500000037252903
1 0.6158854365348816 0.20648148655891418 0.015104166232049465 0.02777777798473835
3 0.6557291746139526 0.6583333611488342 0.04062499850988388 0.10370370000600815
1 0.4481770694255829 0.16342592239379883 0.01718750037252903 0.02500000037252903
1 0.5723958611488342 0.16805554926395416 0.01666666753590107 0.028703704476356506
1 0.5346354246139526 0.15138888359069824 0.015104166232049465 0.028703704476356506
0 0.6559895873069763 0.6407407522201538 0.0338541679084301 0.07222222536802292
0 0.4007812440395355 0.18981482088565826 0.02656250074505806 0.05000000074505806
1 0.5622395873069763 0.3513889014720917 0.01822916604578495 0.03055555559694767
1 0.6151041388511658 0.7365740537643433 0.015625 0.028703704476356506
0 0.30781251192092896 0.4277777671813965 0.02500000037252903 0.06851851940155029
0 0.6536458134651184 0.7157407402992249 0.0364583320915699 0.06296296417713165
0 0.3187499940395355 0.3712962865829468 0.02812499925494194 0.0555555559694767
0 0.543749988079071 0.1527777761220932 0.03333333507180214 0.04444444552063942
0 0.36250001192092896 0.24351851642131805 0.03437500074505806 0.06111111119389534
0 0.624218761920929 0.21111111342906952 0.03072916716337204 0.05370370298624039
0 0.5687500238418579 0.3731481432914734 0.03333333507180214 0.09074074029922485
0 0.6010416746139526 0.7509258985519409 0.046875 0.06296296417713165
0 0.45911458134651184 0.15416666865348816 0.04218750074505806 0.05648148059844971
0 0.5833333134651184 0.17407406866550446 0.03541666641831398 0.04444444552063942