1 0.32994791865348816 0.3314814865589142 0.01822916604578495 0.03333333507180214
0 0.46484375 0.8199074268341064 0.04010416567325592 0.06203703582286835
1 0.678906261920929 0.3541666567325592 0.01822916604578495 0.023148147389292717
1 0.3044270873069763 0.46203702688217163 0.01614583283662796 0.024074073880910873
1 0.49817708134651184 0.15555556118488312 0.01718750037252903 0.029629629105329514
1 0.3841145932674408 0.21481481194496155 0.015104166232049465 0.025925925001502037
0 0.6796875 0.3254629671573639 0.02812499925494194 0.06759259104728699
1 0.31458333134651184 0.604629635810852 0.01666666753590107 0.029629629105329514
1 0.47317707538604736 0.26620370149612427 0.01718750037252903 0.032407406717538834
0 0.6888020634651184 0.3828703761100769 0.03281249850988388 0.06574074178934097
1 0.5630208253860474 0.3513889014720917 0.01875000074505806 0.03055555559694767
1 0.5736979246139526 0.17314815521240234 0.01718750037252903 0.031481482088565826
0 0.3216145932674408 0.3560185134410858 0.04010416567325592 0.08796296268701553
3 0.6854166388511658 0.35046297311782837 0.04374999925494194 0.13425925374031067
0 0.31953126192092896 0.5796296000480652 0.0338541679084301 0.09074074029922485
0 0.5114583373069763 0.15324074029922485 0.046875 0.043518517166376114
0 0.37421876192092896 0.2291666716337204 0.03489583358168602 0.06203703582286835
0 0.3033854067325592 0.47453704476356506 0.03281249850988388 0.06574074178934097
0 0.5635416507720947 0.18009258806705475 0.04270833358168602 0.05092592537403107
0 0.4622395932674408 0.28148147463798523 0.0442708320915699 0.06851851940155029
0 0.5679687261581421 0.375 0.03281249850988388 0.09259258955717087