0 0.5385416746139526 0.9097222089767456 0.02708333358168602 0.03981481492519379
1 0.6994791626930237 0.7476851940155029 0.02083333395421505 0.034259259700775146
1 0.4986979067325592 0.8879629373550415 0.01822916604578495 0.025925925001502037
1 0.04322916641831398 0.29722222685813904 0.01666666753590107 0.025925925001502037
1 0.42369791865348816 0.2944444417953491 0.01718750037252903 0.024074073880910873
1 0.01536458358168602 0.5263888835906982 0.01822916604578495 0.028703704476356506
1 0.453125 0.28796297311782837 0.01875000074505806 0.029629629105329514
3 0.45625001192092896 0.2819444537162781 0.06041666492819786 0.08425925672054291
1 0.04531250149011612 0.3847222328186035 0.01770833320915699 0.026851851493120193
1 0.03489583358168602 0.23101851344108582 0.012500000186264515 0.023148147389292717
0 0.014583333395421505 0.1893518567085266 0.02812499925494194 0.037962961941957474
1 0.6341145634651184 0.7324073910713196 0.02031249925494194 0.031481482088565826
1 0.7182291746139526 0.7143518328666687 0.01979166641831398 0.032407406717538834
1 0.5895833373069763 0.8527777791023254 0.01875000074505806 0.029629629105329514
0 0.04453124850988388 0.3717592656612396 0.02656250074505806 0.07685185223817825
0 0.46562498807907104 0.2944444417953491 0.03854166716337204 0.05925925821065903
0 0.4950520694255829 0.9004629850387573 0.0338541679084301 0.06203703582286835
0 0.4294270873069763 0.27037036418914795 0.02864583395421505 0.06851851940155029
1 0.6635416746139526 0.2916666567325592 0.01979166641831398 0.03703703731298447
0 0.01406249962747097 0.5083333253860474 0.02708333358168602 0.07962962985038757
0 0.04062499850988388 0.3152777850627899 0.02708333358168602 0.07129629701375961
0 0.35598957538604736 0.7583333253860474 0.03177083283662796 0.07037036865949631
0 0.6479166746139526 0.28240740299224854 0.05000000074505806 0.07222222536802292
0 0.03072916716337204 0.24444444477558136 0.03125 0.05740740895271301
0 0.706250011920929 0.7347221970558167 0.04791666567325592 0.08055555820465088
0 0.5822916626930237 0.8680555820465088 0.03750000149011612 0.06388889253139496
0 0.635937511920929 0.7560185194015503 0.02916666679084301 0.08796296268701553