1 0.43046873807907104 0.6319444179534912 0.013020833022892475 0.017592592164874077
1 0.45390623807907104 0.6638888716697693 0.01197916641831398 0.01666666753590107
1 0.47447916865348816 0.7384259104728699 0.01145833358168602 0.021296296268701553
1 0.44348958134651184 0.46898147463798523 0.013020833022892475 0.017592592164874077
0 0.46692708134651184 0.8148148059844971 0.02135416679084301 0.03333333507180214
0 0.4494791626930237 0.789814829826355 0.02291666716337204 0.03333333507180214
1 0.6338541507720947 0.6486111283302307 0.012500000186264515 0.01944444514811039
1 0.5859375 0.5 0.010416666977107525 0.020370369777083397
3 0.45755207538604736 0.8037037253379822 0.03802083432674408 0.0555555559694767
0 0.5450521111488342 0.7833333611488342 0.02864583395421505 0.03333333507180214
0 0.48255208134651184 0.7425925731658936 0.02864583395421505 0.03888889029622078
0 0.46822917461395264 0.5578703880310059 0.02500000037252903 0.05462963134050369
0 0.43437498807907104 0.6199073791503906 0.02604166604578495 0.049074072390794754
0 0.45625001192092896 0.6805555820465088 0.02291666716337204 0.05740740895271301
0 0.40572917461395264 0.7291666865348816 0.02291666716337204 0.05648148059844971
0 0.594531238079071 0.5050926208496094 0.0338541679084301 0.05277777835726738
0 0.6286458373069763 0.6625000238418579 0.02500000037252903 0.05277777835726738
0 0.44088542461395264 0.4481481611728668 0.02239583246409893 0.06481481343507767
0 0.5065104365348816 0.6944444179534912 0.02552083320915699 0.040740739554166794