1 0.4583333432674408 0.8055555820465088 0.01666666753590107 0.029629629105329514
1 0.6851562261581421 0.4574074149131775 0.01718750037252903 0.025925925001502037
1 0.5335937738418579 0.3087962865829468 0.01718750037252903 0.032407406717538834
0 0.4572916626930237 0.8333333134651184 0.02916666679084301 0.05740740895271301
1 0.3408854305744171 0.3361110985279083 0.01614583283662796 0.029629629105329514
1 0.3057291805744171 0.5208333134651184 0.01666666753590107 0.026851851493120193
1 0.3088541626930237 0.43101853132247925 0.015625 0.02500000037252903
1 0.39270833134651184 0.5300925970077515 0.01666666753590107 0.032407406717538834
1 0.6364583373069763 0.35740742087364197 0.01875000074505806 0.029629629105329514
1 0.3799479305744171 0.7240740656852722 0.01822916604578495 0.02777777798473835
1 0.4716145694255829 0.14953704178333282 0.01718750037252903 0.034259259700775146
0 0.3440104126930237 0.3185185194015503 0.03177083283662796 0.08518518507480621
0 0.4026041626930237 0.5467592477798462 0.0416666679084301 0.08796296268701553
0 0.3031249940395355 0.5018518567085266 0.03333333507180214 0.0833333358168602
0 0.36119791865348816 0.24259258806705475 0.02760416641831398 0.05740740895271301
0 0.3700520694255829 0.33194443583488464 0.03072916716337204 0.09351851791143417
0 0.30807292461395264 0.40740740299224854 0.03489583358168602 0.07777778059244156
0 0.550000011920929 0.3115740716457367 0.05520833283662796 0.05833333358168602
0 0.6833333373069763 0.4861111044883728 0.03333333507180214 0.09444444626569748
0 0.3828125 0.7458333373069763 0.03541666641831398 0.08981481194496155
0 0.633593738079071 0.3333333432674408 0.0338541679084301 0.10000000149011612
0 0.48489582538604736 0.1449074000120163 0.04895833507180214 0.05648148059844971