0 0.6304687261581421 0.7652778029441833 0.03802083432674408 0.05648148059844971
1 0.46484375 0.8078703880310059 0.01718750037252903 0.028703704476356506
3 0.5963541865348816 0.18425926566123962 0.08437500149011612 0.07777778059244156
1 0.4580729305744171 0.8064814805984497 0.01614583283662796 0.031481482088565826
1 0.6997395753860474 0.4254629611968994 0.01718750037252903 0.023148147389292717
0 0.4544270932674408 0.8259259462356567 0.0442708320915699 0.06851851940155029
1 0.6174479126930237 0.7712963223457336 0.01406249962747097 0.025925925001502037
1 0.4789062440395355 0.34583333134651184 0.015104166232049465 0.03055555559694767
1 0.5859375 0.17916665971279144 0.014583333395421505 0.026851851493120193
0 0.3539062440395355 0.25833332538604736 0.02239583246409893 0.040740739554166794
1 0.5562499761581421 0.3421296179294586 0.01666666753590107 0.028703704476356506
1 0.6255208253860474 0.2152777761220932 0.01770833320915699 0.026851851493120193
0 0.3765625059604645 0.22453702986240387 0.02604166604578495 0.06574074178934097
1 0.3109374940395355 0.5800926089286804 0.01770833320915699 0.026851851493120193
1 0.4046874940395355 0.3967592716217041 0.01875000074505806 0.028703704476356506
0 0.6171875 0.20277777314186096 0.0364583320915699 0.05370370298624039
0 0.57421875 0.16620370745658875 0.04114583507180214 0.05277777835726738
0 0.698437511920929 0.4037036895751953 0.02708333358168602 0.07592592388391495
0 0.3122395873069763 0.6027777791023254 0.02760416641831398 0.07962962985038757
0 0.5625 0.3671296238899231 0.03229166567325592 0.0824074074625969
0 0.40312498807907104 0.42222222685813904 0.03333333507180214 0.08888889104127884
0 0.4919270873069763 0.33472222089767456 0.04843749850988388 0.06388889253139496