1 0.6768229007720947 0.4842592477798462 0.015104166232049465 0.02222222276031971
1 0.6770833134651184 0.46157407760620117 0.01666666753590107 0.021296296268701553
1 0.4677083194255829 0.5527777671813965 0.015625 0.02222222276031971
1 0.49427083134651184 0.842129647731781 0.01666666753590107 0.026851851493120193
1 0.6299479007720947 0.3125 0.01406249962747097 0.023148147389292717
1 0.48906248807907104 0.6120370626449585 0.01666666753590107 0.02222222276031971
0 0.6755208373069763 0.42916667461395264 0.02083333395421505 0.07129629701375961
1 0.2901041805744171 0.38055557012557983 0.01354166679084301 0.024074073880910873
1 0.4286458194255829 0.5555555820465088 0.015625 0.024074073880910873
3 0.6684895753860474 0.39953702688217163 0.03177083283662796 0.1120370402932167
1 0.4481770694255829 0.5273148417472839 0.01614583283662796 0.032407406717538834
1 0.41328126192092896 0.7787036895751953 0.01406249962747097 0.025925925001502037
1 0.3648437559604645 0.7597222328186035 0.01406249962747097 0.026851851493120193
0 0.6664062738418579 0.3689814805984497 0.02968749962747097 0.06203703582286835
1 0.38489583134651184 0.47546297311782837 0.015625 0.026851851493120193
0 0.6778646111488342 0.5078703761100769 0.02447916753590107 0.07129629701375961
0 0.47578126192092896 0.5736111402511597 0.02968749962747097 0.05462963134050369
0 0.4606770873069763 0.5189814567565918 0.03697916492819786 0.04537037014961243
0 0.48880207538604736 0.855555534362793 0.02968749962747097 0.06111111119389534
0 0.2981770932674408 0.369907408952713 0.03489583358168602 0.06018518656492233
0 0.42239582538604736 0.5379629731178284 0.02916666679084301 0.05925925821065903
0 0.49427083134651184 0.6347222328186035 0.03020833246409893 0.06759259104728699
0 0.39453125 0.46157407760620117 0.04010416567325592 0.06203703582286835
0 0.6195312738418579 0.3013888895511627 0.03802083432674408 0.05833333358168602
0 0.4229166805744171 0.7731481194496155 0.03541666641831398 0.051851850003004074
0 0.37682291865348816 0.7486110925674438 0.04114583507180214 0.06203703582286835