0 0.5255208611488342 0.8773148059844971 0.03541666641831398 0.043518517166376114
0 0.578906238079071 0.7597222328186035 0.0338541679084301 0.04722222313284874
0 0.5705729126930237 0.8541666865348816 0.0338541679084301 0.05092592537403107
1 0.5630208253860474 0.6611111164093018 0.01770833320915699 0.029629629105329514
0 0.5736979246139526 0.7893518805503845 0.0390625 0.06388889253139496
3 0.5333333611488342 0.8444444537162781 0.04791666567325592 0.06851851940155029
0 0.4908854067325592 0.8819444179534912 0.02656250074505806 0.034259259700775146
1 0.6148437261581421 0.7050926089286804 0.015104166232049465 0.026851851493120193
1 0.5783854126930237 0.8402777910232544 0.01614583283662796 0.028703704476356506
3 0.5994791388511658 0.6412037014961243 0.03541666641831398 0.09907407313585281
0 0.602343738079071 0.7157407402992249 0.0442708320915699 0.04814814776182175
1 0.5940104126930237 0.6601851582527161 0.01718750037252903 0.024074073880910873
1 0.5335937738418579 0.5018518567085266 0.01822916604578495 0.02777777798473835
3 0.5739583373069763 0.7837963104248047 0.04270833358168602 0.09166666865348816
1 0.5546875 0.5449073910713196 0.014583333395421505 0.03055555559694767
0 0.5981770753860474 0.6328703761100769 0.02968749962747097 0.07870370149612427
0 0.5531250238418579 0.6796296238899231 0.03437500074505806 0.06296296417713165
3 0.5942708253860474 0.7351852059364319 0.06041666492819786 0.08518518507480621
1 0.5492187738418579 0.15740740299224854 0.02031249925494194 0.035185184329748154
0 0.5570312738418579 0.17546296119689941 0.04114583507180214 0.07870370149612427
0 0.5270833373069763 0.5259259343147278 0.03125 0.08148147910833359
0 0.5687500238418579 0.5365740656852722 0.04270833358168602 0.06018518656492233