1 0.3700520694255829 0.7763888835906982 0.01927083358168602 0.028703704476356506
1 0.44999998807907104 0.8337963223457336 0.01770833320915699 0.026851851493120193
3 0.522656261920929 0.7768518328666687 0.0338541679084301 0.10370370000600815
3 0.30416667461395264 0.369907408952713 0.04062499850988388 0.10462962836027145
1 0.4554687440395355 0.8388888835906982 0.01718750037252903 0.029629629105329514
1 0.49921876192092896 0.15046297013759613 0.01718750037252903 0.032407406717538834
1 0.6156250238418579 0.7226851582527161 0.01770833320915699 0.028703704476356506
1 0.5776041746139526 0.40046295523643494 0.014583333395421505 0.026851851493120193
0 0.3018229305744171 0.4000000059604645 0.03281249850988388 0.03888889029622078
0 0.503125011920929 0.8194444179534912 0.03541666641831398 0.04444444552063942
0 0.30390626192092896 0.35879629850387573 0.0338541679084301 0.07500000298023224
0 0.524218738079071 0.7592592835426331 0.02864583395421505 0.06111111119389534
1 0.4924479126930237 0.18333333730697632 0.01822916604578495 0.029629629105329514
0 0.61328125 0.7018518447875977 0.02864583395421505 0.07592592388391495
1 0.5528646111488342 0.20462962985038757 0.01718750037252903 0.031481482088565826
0 0.5130208134651184 0.1597222238779068 0.0416666679084301 0.05462963134050369
0 0.4791666567325592 0.1796296238899231 0.046875 0.05370370298624039
0 0.3736979067325592 0.7925925850868225 0.0338541679084301 0.06666667014360428
0 0.5643228888511658 0.3958333432674408 0.04739583283662796 0.05648148059844971
0 0.5684896111488342 0.21574074029922485 0.04531250149011612 0.05925925821065903