1 0.6617187261581421 0.5597222447395325 0.01406249962747097 0.02500000037252903
0 0.6309896111488342 0.6370370388031006 0.03593749925494194 0.06296296417713165
1 0.30937498807907104 0.42500001192092896 0.01666666753590107 0.024074073880910873
0 0.6539062261581421 0.5842592716217041 0.03489583358168602 0.05740740895271301
0 0.5661458373069763 0.6726852059364319 0.03854166716337204 0.0416666679084301
1 0.5403645634651184 0.7745370268821716 0.01718750037252903 0.028703704476356506
1 0.32239583134651184 0.7046296000480652 0.015625 0.025925925001502037
1 0.624218761920929 0.41435185074806213 0.01718750037252903 0.02500000037252903
1 0.2861979305744171 0.5291666388511658 0.01822916604578495 0.02500000037252903
1 0.6700521111488342 0.4842592477798462 0.01718750037252903 0.024074073880910873
0 0.6692708134651184 0.5050926208496094 0.02604166604578495 0.0694444477558136
3 0.643750011920929 0.6009259223937988 0.05312500149011612 0.0962962955236435
3 0.6187499761581421 0.6537036895751953 0.05833333358168602 0.08518518507480621
0 0.6039062738418579 0.6810185313224792 0.03489583358168602 0.04537037014961243
1 0.5510416626930237 0.6430555582046509 0.01770833320915699 0.02500000037252903
0 0.5356770753860474 0.7847222089767456 0.03281249850988388 0.05462963134050369
0 0.5466145873069763 0.6162037253379822 0.0234375 0.07129629701375961
0 0.31328123807907104 0.40138888359069824 0.0338541679084301 0.08425925672054291
0 0.31692707538604736 0.6879629492759705 0.03281249850988388 0.07592592388391495
0 0.6187499761581421 0.3879629671573639 0.03437500074505806 0.07777778059244156
0 0.2867187559604645 0.5064814686775208 0.03072916716337204 0.08703703433275223
3 0.561718761920929 0.6384259462356567 0.04843749850988388 0.1101851835846901