0 0.5234375 0.4842592477798462 0.03750000149011612 0.10370370000600815
1 0.5244791507720947 0.5 0.01770833320915699 0.025925925001502037
1 0.5346354246139526 0.4412037134170532 0.01718750037252903 0.026851851493120193
1 0.4281249940395355 0.3638888895511627 0.01666666753590107 0.02777777798473835
1 0.5924479365348816 0.4194444417953491 0.01718750037252903 0.02777777798473835
1 0.47473958134651184 0.18287037312984467 0.01718750037252903 0.03055555559694767
1 0.32213541865348816 0.3421296179294586 0.01822916604578495 0.026851851493120193
1 0.43541666865348816 0.6935185194015503 0.01666666753590107 0.02777777798473835
1 0.42239582538604736 0.20694445073604584 0.01770833320915699 0.028703704476356506
1 0.3177083432674408 0.5129629373550415 0.015625 0.029629629105329514
1 0.6148437261581421 0.4731481373310089 0.01614583283662796 0.031481482088565826
1 0.39114582538604736 0.4472222328186035 0.015625 0.029629629105329514
1 0.3348958194255829 0.6634259223937988 0.01770833320915699 0.028703704476356506
0 0.5335937738418579 0.46064814925193787 0.02760416641831398 0.07685185223817825
0 0.512499988079071 0.5199074149131775 0.03437500074505806 0.06388889253139496
0 0.5848958492279053 0.4412037134170532 0.03125 0.0824074074625969
0 0.6315104365348816 0.48240742087364197 0.04739583283662796 0.06296296417713165
0 0.43567708134651184 0.19166666269302368 0.04218750074505806 0.05370370298624039
0 0.3411458432674408 0.6819444298744202 0.0364583320915699 0.0824074074625969
0 0.3088541626930237 0.5319444537162781 0.03750000149011612 0.07685185223817825
0 0.3179687559604645 0.36342594027519226 0.03281249850988388 0.08796296268701553
0 0.49166667461395264 0.19398148357868195 0.04791666567325592 0.05648148059844971
0 0.4388020932674408 0.7148148417472839 0.03177083283662796 0.08703703433275223
0 0.4322916567325592 0.34398147463798523 0.03541666641831398 0.08796296268701553
0 0.3773437440395355 0.4601851999759674 0.05260416492819786 0.07037036865949631