3 0.538281261920929 0.3550925850868225 0.02968749962747097 0.07129629701375961
3 0.5822916626930237 0.4574074149131775 0.03854166716337204 0.10740740597248077
1 0.5419270992279053 0.3731481432914734 0.015104166232049465 0.024074073880910873
1 0.5283854007720947 0.8587962985038757 0.015104166232049465 0.03055555559694767
1 0.72265625 0.5791666507720947 0.015104166232049465 0.023148147389292717
0 0.551562488079071 0.4912036955356598 0.03541666641831398 0.049074072390794754
0 0.5768229365348816 0.44675925374031067 0.02031249925494194 0.07129629701375961
1 0.5432291626930237 0.48564815521240234 0.015625 0.03055555559694767
0 0.5385416746139526 0.35277777910232544 0.02395833283662796 0.07037036865949631
1 0.47343748807907104 0.38935184478759766 0.01666666753590107 0.026851851493120193
1 0.6544271111488342 0.21898147463798523 0.015104166232049465 0.02500000037252903
0 0.5513020753860474 0.41296297311782837 0.03489583358168602 0.05370370298624039
0 0.4768229126930237 0.40416666865348816 0.02864583395421505 0.06018518656492233
1 0.5005208253860474 0.45787036418914795 0.01666666753590107 0.028703704476356506
0 0.5098958611488342 0.34398147463798523 0.03541666641831398 0.03611111268401146
1 0.4828124940395355 0.34259259700775146 0.015625 0.02777777798473835
3 0.546875 0.3777777850627899 0.03854166716337204 0.10740740597248077
3 0.5111979246139526 0.37268519401550293 0.03281249850988388 0.10277777910232544
0 0.5932291746139526 0.48240742087364197 0.03229166567325592 0.07037036865949631
1 0.4533854126930237 0.8500000238418579 0.01718750037252903 0.031481482088565826
0 0.4697916805744171 0.3490740656852722 0.03854166716337204 0.04444444552063942
0 0.5065104365348816 0.39027777314186096 0.02656250074505806 0.06203703582286835
0 0.725781261920929 0.5625 0.03177083283662796 0.08055555820465088
0 0.510937511920929 0.4731481373310089 0.03854166716337204 0.05740740895271301
0 0.4661458432674408 0.855555534362793 0.04895833507180214 0.06111111119389534
0 0.645312488079071 0.2083333283662796 0.0364583320915699 0.0555555559694767