0 0.5630208253860474 0.7814815044403076 0.03229166567325592 0.04814814776182175
1 0.4869791567325592 0.27546295523643494 0.01666666753590107 0.026851851493120193
0 0.5802083611488342 0.864814817905426 0.03229166567325592 0.051851850003004074
1 0.6674479246139526 0.27222222089767456 0.01406249962747097 0.020370369777083397
0 0.5960937738418579 0.7805555462837219 0.03802083432674408 0.0555555559694767
1 0.6059895753860474 0.7907407283782959 0.01614583283662796 0.02777777798473835
1 0.3557291626930237 0.26944443583488464 0.01770833320915699 0.031481482088565826
1 0.5559895634651184 0.7712963223457336 0.01614583283662796 0.025925925001502037
1 0.6507812738418579 0.23148147761821747 0.01822916604578495 0.025925925001502037
3 0.4921875 0.34398147463798523 0.03854166716337204 0.1101851835846901
3 0.5874999761581421 0.7861111164093018 0.06562499701976776 0.07407407462596893
0 0.49687498807907104 0.25462964177131653 0.03854166716337204 0.07407407462596893
1 0.38619792461395264 0.41805556416511536 0.01822916604578495 0.032407406717538834
1 0.63671875 0.7722222208976746 0.01927083358168602 0.029629629105329514
3 0.49661457538604736 0.27129629254341125 0.04218750074505806 0.10370370000600815
1 0.6268228888511658 0.5615741014480591 0.01927083358168602 0.032407406717538834
0 0.6729166507720947 0.25648146867752075 0.02291666716337204 0.05370370298624039
0 0.6424478888511658 0.2083333283662796 0.0338541679084301 0.06481481343507767
0 0.4911458194255829 0.3662036955356598 0.02916666679084301 0.06759259104728699
0 0.3466145694255829 0.28796297311782837 0.03489583358168602 0.07777778059244156
0 0.6317708492279053 0.7967592477798462 0.02916666679084301 0.07685185223817825
0 0.3760416805744171 0.4356481432914734 0.04270833358168602 0.07685185223817825
0 0.635937511920929 0.5805555582046509 0.04062499850988388 0.07777778059244156