0 0.4466145932674408 0.29490742087364197 0.02656250074505806 0.05092592537403107
1 0.4533854126930237 0.7712963223457336 0.00989583320915699 0.020370369777083397
1 0.40286457538604736 0.7583333253860474 0.01406249962747097 0.02222222276031971
3 0.43958333134651184 0.36157408356666565 0.03750000149011612 0.10462962836027145
0 0.4359374940395355 0.24675926566123962 0.02187499962747097 0.05462963134050369
1 0.3726562559604645 0.6944444179534912 0.01406249962747097 0.024074073880910873
1 0.635937511920929 0.6097221970558167 0.01666666753590107 0.021296296268701553
0 0.4346354305744171 0.38055557012557983 0.02656250074505806 0.06111111119389534
1 0.543749988079071 0.48148149251937866 0.014583333395421505 0.02222222276031971
0 0.4424479305744171 0.7736111283302307 0.02864583395421505 0.03055555559694767
1 0.31588542461395264 0.5259259343147278 0.015104166232049465 0.02222222276031971
1 0.5518229007720947 0.5356481671333313 0.013020833022892475 0.021296296268701553
0 0.53515625 0.4981481432914734 0.02760416641831398 0.0555555559694767
0 0.46875 0.7814815044403076 0.02500000037252903 0.031481482088565826
3 0.4429687559604645 0.2717592716217041 0.0338541679084301 0.0972222238779068
0 0.4007812440395355 0.7449073791503906 0.01822916604578495 0.05092592537403107
0 0.5611979365348816 0.5481481552124023 0.03281249850988388 0.05000000074505806
0 0.36406248807907104 0.6833333373069763 0.03333333507180214 0.0555555559694767
0 0.5057291388511658 0.1726851910352707 0.03125 0.05648148059844971
0 0.6333333253860474 0.6365740895271301 0.02395833283662796 0.06574074178934097
0 0.31640625 0.5111111402511597 0.0234375 0.06481481343507767