1 0.528124988079071 0.8166666626930237 0.015625 0.025925925001502037
0 0.5765625238418579 0.8291666507720947 0.0572916679084301 0.06388889253139496
1 0.47317707538604736 0.8722222447395325 0.015104166232049465 0.031481482088565826
3 0.578125 0.8277778029441833 0.0520833320915699 0.06111111119389534
1 0.39505207538604736 0.3231481611728668 0.015104166232049465 0.029629629105329514
1 0.553906261920929 0.7439814805984497 0.01822916604578495 0.026851851493120193
1 0.37708333134651184 0.5032407641410828 0.01770833320915699 0.026851851493120193
1 0.5169270634651184 0.8495370149612427 0.01822916604578495 0.037962961941957474
1 0.4481770694255829 0.22361111640930176 0.01927083358168602 0.028703704476356506
0 0.5033854246139526 0.855555534362793 0.0390625 0.05740740895271301
0 0.3856770694255829 0.8314814567565918 0.02656250074505806 0.05740740895271301
0 0.41223958134651184 0.8416666388511658 0.02552083320915699 0.0555555559694767
0 0.5197916626930237 0.8037037253379822 0.02916666679084301 0.046296294778585434
0 0.553906261920929 0.7597222328186035 0.0234375 0.0694444477558136
0 0.40677082538604736 0.317592591047287 0.04270833358168602 0.0555555559694767
0 0.4130208194255829 0.38333332538604736 0.03333333507180214 0.06111111119389534
0 0.46406251192092896 0.8722222447395325 0.03854166716337204 0.05000000074505806
0 0.37968748807907104 0.5263888835906982 0.02916666679084301 0.09166666865348816
0 0.44843751192092896 0.2013888955116272 0.02916666679084301 0.0824074074625969