1 0.16718749701976776 0.6499999761581421 0.02500000037252903 0.035185184329748154
1 0.7744791507720947 0.25 0.02187499962747097 0.035185184329748154
1 0.19062499701976776 0.7944444417953491 0.01979166641831398 0.031481482088565826
1 0.6020833253860474 0.7013888955116272 0.02291666716337204 0.032407406717538834
1 0.7734375 0.3412036895751953 0.02083333395421505 0.028703704476356506
0 0.17499999701976776 0.6296296119689941 0.04270833358168602 0.07777778059244156
1 0.3489583432674408 0.28842592239379883 0.02083333395421505 0.034259259700775146
1 0.5541666746139526 0.6731481552124023 0.01770833320915699 0.03333333507180214
0 0.5997396111488342 0.7240740656852722 0.04010416567325592 0.08518518507480621
0 0.18776041269302368 0.7731481194496155 0.03281249850988388 0.08148147910833359
0 0.7841145992279053 0.23425926268100739 0.04010416567325592 0.06111111119389534
0 0.5403645634651184 0.675000011920929 0.04843749850988388 0.08518518507480621
0 0.3921875059604645 0.3351851999759674 0.0520833320915699 0.06481481343507767
0 0.7713541388511658 0.364814817905426 0.03437500074505806 0.08148147910833359
0 0.33020833134651184 0.2847222089767456 0.0572916679084301 0.06759259104728699