1 0.5523437261581421 0.9138888716697693 0.01927083358168602 0.031481482088565826
1 0.6893228888511658 0.3361110985279083 0.01927083358168602 0.03333333507180214
1 0.4958333373069763 0.8879629373550415 0.02083333395421505 0.035185184329748154
1 0.7333333492279053 0.4749999940395355 0.01875000074505806 0.031481482088565826
1 0.04322916641831398 0.2967592477798462 0.01770833320915699 0.026851851493120193
1 0.015104166232049465 0.5263888835906982 0.01770833320915699 0.028703704476356506
0 0.550000011920929 0.9097222089767456 0.02916666679084301 0.04722222313284874
1 0.6158854365348816 0.8143518567085266 0.01822916604578495 0.03055555559694767
1 0.0455729179084301 0.3847222328186035 0.01822916604578495 0.028703704476356506
1 0.5934895873069763 0.6486111283302307 0.02239583246409893 0.034259259700775146
1 0.4921875 0.6416666507720947 0.01979166641831398 0.03333333507180214
1 0.6135416626930237 0.21296297013759613 0.015625 0.029629629105329514
0 0.014322916977107525 0.1884259283542633 0.02760416641831398 0.03981481492519379
1 0.03541666641831398 0.22962963581085205 0.012500000186264515 0.02222222276031971
0 0.04479166492819786 0.3722222149372101 0.02604166604578495 0.07777778059244156
1 0.653124988079071 0.8305555582046509 0.01666666753590107 0.03333333507180214
1 0.4455729126930237 0.605555534362793 0.01822916604578495 0.03333333507180214
0 0.5059896111488342 0.9023148417472839 0.03489583358168602 0.05462963134050369
0 0.5874999761581421 0.6333333253860474 0.04479166492819786 0.08518518507480621
0 0.014322916977107525 0.5083333253860474 0.02760416641831398 0.07962962985038757
0 0.0416666679084301 0.31296294927597046 0.02395833283662796 0.06851851940155029
0 0.667187511920929 0.8245370388031006 0.04270833358168602 0.06203703582286835
0 0.4567708373069763 0.614814817905426 0.04583333432674408 0.06111111119389534
0 0.03098958358168602 0.24351851642131805 0.02968749962747097 0.0555555559694767
0 0.5067708492279053 0.6541666388511658 0.04374999925494194 0.05462963134050369
0 0.6820312738418579 0.34259259700775146 0.04218750074505806 0.07592592388391495
0 0.6268228888511658 0.7962962985038757 0.04218750074505806 0.07592592388391495
0 0.6265624761581421 0.21574074029922485 0.04270833358168602 0.06111111119389534
0 0.7281249761581421 0.49074074625968933 0.0416666679084301 0.09074074029922485