0 0.5721353888511658 0.8263888955116272 0.02968749962747097 0.05092592537403107
1 0.2916666567325592 0.6120370626449585 0.015625 0.020370369777083397
1 0.2776041626930237 0.4800925850868225 0.01666666753590107 0.023148147389292717
1 0.44218748807907104 0.8592592477798462 0.01354166679084301 0.024074073880910873
0 0.2789062559604645 0.5685185194015503 0.02135416679084301 0.06666667014360428
1 0.30651041865348816 0.5578703880310059 0.01614583283662796 0.023148147389292717
3 0.567187488079071 0.7870370149612427 0.03437500074505806 0.0962962955236435
1 0.4658854305744171 0.5962963104248047 0.01718750037252903 0.02222222276031971
0 0.27656251192092896 0.49768519401550293 0.02291666716337204 0.06759259104728699
1 0.38619792461395264 0.4870370328426361 0.01614583283662796 0.031481482088565826
3 0.47317707538604736 0.6555555462837219 0.03281249850988388 0.13703703880310059
1 0.5463541746139526 0.30601853132247925 0.01875000074505806 0.02500000037252903
1 0.43828123807907104 0.16342592239379883 0.015104166232049465 0.03055555559694767
0 0.3033854067325592 0.5361111164093018 0.0234375 0.06296296417713165
0 0.4763020873069763 0.6847222447395325 0.02864583395421505 0.07314814627170563
0 0.44843751192092896 0.8527777791023254 0.02916666679084301 0.04259259253740311
0 0.2940104305744171 0.6333333253860474 0.02656250074505806 0.07592592388391495
0 0.4677083194255829 0.6166666746139526 0.02500000037252903 0.07037036865949631
3 0.2783854305744171 0.5291666388511658 0.02760416641831398 0.125
0 0.6278645992279053 0.7476851940155029 0.02968749962747097 0.05648148059844971
0 0.5466145873069763 0.2874999940395355 0.02552083320915699 0.07870370149612427
0 0.3984375 0.47685185074806213 0.04374999925494194 0.06296296417713165
0 0.4234375059604645 0.16435185074806213 0.04583333432674408 0.06388889253139496