1 0.5687500238418579 0.9152777791023254 0.01666666753590107 0.026851851493120193
1 0.5838541388511658 0.8999999761581421 0.01875000074505806 0.02777777798473835
1 0.04296875 0.29629629850387573 0.01718750037252903 0.025925925001502037
0 0.5 0.8981481194496155 0.04374999925494194 0.06111111119389534
1 0.015104166232049465 0.5259259343147278 0.01770833320915699 0.02777777798473835
1 0.5614583492279053 0.7055555582046509 0.01875000074505806 0.029629629105329514
1 0.0455729179084301 0.3847222328186035 0.01822916604578495 0.026851851493120193
3 0.4674479067325592 0.4069444537162781 0.08489583432674408 0.06018518656492233
0 0.014583333395421505 0.18888889253139496 0.02812499925494194 0.03888889029622078
1 0.42890626192092896 0.6657407283782959 0.015104166232049465 0.031481482088565826
1 0.5018228888511658 0.4157407283782959 0.01822916604578495 0.029629629105329514
1 0.03515625 0.22870370745658875 0.013020833022892475 0.02222222276031971
1 0.359375 0.6342592835426331 0.01770833320915699 0.031481482088565826
0 0.04505208507180214 0.3722222149372101 0.02656250074505806 0.07777778059244156
1 0.6528645753860474 0.8291666507720947 0.01614583283662796 0.034259259700775146
1 0.5916666388511658 0.49537035822868347 0.01979166641831398 0.02777777798473835
0 0.4908854067325592 0.40648147463798523 0.0390625 0.05370370298624039
0 0.4466145932674408 0.41018518805503845 0.04218750074505806 0.0555555559694767
0 0.014322916977107525 0.5078703761100769 0.02760416641831398 0.07870370149612427
0 0.5783854126930237 0.9060184955596924 0.03697916492819786 0.04722222313284874
0 0.03072916716337204 0.24259258806705475 0.02916666679084301 0.0555555559694767
0 0.04140625149011612 0.31296294927597046 0.02447916753590107 0.06851851940155029
0 0.6669270992279053 0.8245370388031006 0.04322916641831398 0.06018518656492233
0 0.5635416507720947 0.7259259223937988 0.03020833246409893 0.0833333358168602
0 0.3697916567325592 0.6490740776062012 0.04583333432674408 0.07962962985038757
0 0.4424479305744171 0.6638888716697693 0.04843749850988388 0.06111111119389534
0 0.5932291746139526 0.4712963104248047 0.02812499925494194 0.08703703433275223