1 0.6734374761581421 0.39351850748062134 0.01666666753590107 0.024074073880910873
3 0.6690104007720947 0.40231481194496155 0.02968749962747097 0.10833333432674408
1 0.4677083194255829 0.552314817905426 0.015625 0.021296296268701553
1 0.6763020753860474 0.45509257912635803 0.015104166232049465 0.02500000037252903
1 0.46302083134651184 0.8629629611968994 0.014583333395421505 0.029629629105329514
1 0.29348957538604736 0.3819444477558136 0.01406249962747097 0.021296296268701553
1 0.48906248807907104 0.6120370626449585 0.01770833320915699 0.02222222276031971
1 0.3877604305744171 0.7851851582527161 0.01406249962747097 0.025925925001502037
1 0.6773437261581421 0.5050926208496094 0.015104166232049465 0.023148147389292717
1 0.4476562440395355 0.5273148417472839 0.01614583283662796 0.032407406717538834
0 0.6763020753860474 0.43101853132247925 0.02239583246409893 0.07500000298023224
1 0.4908854067325592 0.7532407641410828 0.013020833022892475 0.021296296268701553
1 0.4283854067325592 0.5537037253379822 0.015104166232049465 0.024074073880910873
1 0.38489583134651184 0.4749999940395355 0.014583333395421505 0.025925925001502037
0 0.6794270873069763 0.5231481194496155 0.02552083320915699 0.07037036865949631
0 0.6666666865348816 0.36574074625968933 0.02916666679084301 0.06111111119389534
0 0.47604167461395264 0.5736111402511597 0.02916666679084301 0.05277777835726738
0 0.46041667461395264 0.5189814567565918 0.03750000149011612 0.043518517166376114
0 0.2966145873069763 0.3680555522441864 0.03072916716337204 0.05648148059844971
0 0.5908854007720947 0.30324074625968933 0.04010416567325592 0.06203703582286835
0 0.39531248807907104 0.46157407760620117 0.03958333283662796 0.06018518656492233
0 0.39635416865348816 0.7685185074806213 0.0364583320915699 0.06481481343507767
0 0.49817708134651184 0.739814817905426 0.03281249850988388 0.0555555559694767
0 0.421875 0.5361111164093018 0.03020833246409893 0.05925925821065903
0 0.49427083134651184 0.6347222328186035 0.03125 0.07314814627170563
0 0.4716145694255829 0.8564814925193787 0.0390625 0.06111111119389534