1 0.4567708373069763 0.8041666746139526 0.01770833320915699 0.034259259700775146
1 0.3268229067325592 0.4763889014720917 0.01614583283662796 0.02500000037252903
1 0.6950520873069763 0.3939814865589142 0.01822916604578495 0.023148147389292717
1 0.6559895873069763 0.26620370149612427 0.01718750037252903 0.026851851493120193
1 0.36119791865348816 0.2421296238899231 0.01614583283662796 0.02500000037252903
1 0.571093738079071 0.36574074625968933 0.01822916604578495 0.02777777798473835
1 0.3541666567325592 0.7254629731178284 0.014583333395421505 0.028703704476356506
0 0.44921875 0.8379629850387573 0.03072916716337204 0.04444444552063942
1 0.6989583373069763 0.46898147463798523 0.01875000074505806 0.028703704476356506
1 0.4833333194255829 0.8314814567565918 0.01666666753590107 0.031481482088565826
0 0.6989583373069763 0.44490739703178406 0.02916666679084301 0.0824074074625969
1 0.3205729126930237 0.364814817905426 0.015104166232049465 0.024074073880910873
1 0.36276042461395264 0.5175926089286804 0.01614583283662796 0.025925925001502037
0 0.4984374940395355 0.824999988079071 0.04479166492819786 0.04259259253740311
0 0.3661458194255829 0.22592592239379883 0.03020833246409893 0.06481481343507767
0 0.32083332538604736 0.3472222089767456 0.03333333507180214 0.07407407462596893
0 0.6911458373069763 0.3689814805984497 0.03229166567325592 0.07129629701375961
0 0.3335937559604645 0.4513888955116272 0.04010416567325592 0.08981481194496155
0 0.37317708134651184 0.5333333611488342 0.04114583507180214 0.07037036865949631
0 0.6466146111488342 0.24537037312984467 0.03802083432674408 0.07037036865949631
0 0.3466145694255829 0.7106481194496155 0.03697916492819786 0.07129629701375961
0 0.5755208134651184 0.39120370149612427 0.0364583320915699 0.09907407313585281