1 0.4124999940395355 0.7527777552604675 0.01145833358168602 0.018518518656492233
1 0.44218748807907104 0.6953703761100769 0.01145833358168602 0.018518518656492233
1 0.6390625238418579 0.5217592716217041 0.012500000186264515 0.01944444514811039
1 0.4348958432674408 0.6027777791023254 0.01145833358168602 0.018518518656492233
1 0.5104166865348816 0.5245370268821716 0.01145833358168602 0.021296296268701553
0 0.6440104246139526 0.637499988079071 0.0234375 0.04722222313284874
0 0.45885416865348816 0.8106481432914734 0.02083333395421505 0.034259259700775146
0 0.4554687440395355 0.6212962865829468 0.02552083320915699 0.05000000074505806
0 0.41796875 0.7416666746139526 0.02760416641831398 0.040740739554166794
0 0.42890626192092896 0.7935185432434082 0.02656250074505806 0.035185184329748154
0 0.6341145634651184 0.5055555701255798 0.02760416641831398 0.05740740895271301
0 0.4372395873069763 0.5842592716217041 0.02447916753590107 0.05740740895271301
0 0.569531261920929 0.6652777791023254 0.02656250074505806 0.0694444477558136
0 0.5330728888511658 0.6625000238418579 0.02135416679084301 0.06018518656492233
0 0.4494791626930237 0.7074074149131775 0.02708333358168602 0.051851850003004074
0 0.5018228888511658 0.5171296000480652 0.03489583358168602 0.05092592537403107