3 0.5015624761581421 0.5824074149131775 0.03333333507180214 0.10185185074806213
1 0.04296875 0.2967592477798462 0.01718750037252903 0.026851851493120193
1 0.4950520694255829 0.5199074149131775 0.01822916604578495 0.021296296268701553
1 0.015104166232049465 0.5259259343147278 0.01770833320915699 0.02777777798473835
1 0.7361978888511658 0.5013889074325562 0.01718750037252903 0.02500000037252903
1 0.7322916388511658 0.6430555582046509 0.01875000074505806 0.02500000037252903
1 0.6343749761581421 0.7342592477798462 0.01770833320915699 0.031481482088565826
1 0.0455729179084301 0.38425925374031067 0.01822916604578495 0.02777777798473835
1 0.660937488079071 0.2768518626689911 0.01770833320915699 0.029629629105329514
0 0.014843749813735485 0.1893518567085266 0.02864583395421505 0.03981481492519379
0 0.04479166492819786 0.3712962865829468 0.02604166604578495 0.07777778059244156
1 0.03515625 0.2300925999879837 0.013020833022892475 0.023148147389292717
1 0.4098958373069763 0.8412036895751953 0.01666666753590107 0.028703704476356506
1 0.58984375 0.8518518805503845 0.01822916604578495 0.029629629105329514
1 0.5028645992279053 0.6157407164573669 0.01822916604578495 0.025925925001502037
0 0.5065104365348816 0.9069444537162781 0.03177083283662796 0.05277777835726738
0 0.01406249962747097 0.5074074268341064 0.02708333358168602 0.07962962985038757
0 0.5026041865348816 0.5888888835906982 0.02916666679084301 0.08888889104127884
0 0.03072916716337204 0.2430555522441864 0.02916666679084301 0.05648148059844971
0 0.6708333492279053 0.2944444417953491 0.0364583320915699 0.07037036865949631
0 0.04114583507180214 0.3134259283542633 0.02395833283662796 0.06759259104728699
0 0.73828125 0.5208333134651184 0.02656250074505806 0.08425925672054291
0 0.3557291626930237 0.7574074268341064 0.03229166567325592 0.07037036865949631
0 0.7299479246139526 0.6689814925193787 0.02968749962747097 0.08055555820465088
0 0.49166667461395264 0.49074074625968933 0.03020833246409893 0.07777778059244156
0 0.4192708432674408 0.855555534362793 0.03958333283662796 0.06481481343507767
0 0.6356770992279053 0.7560185194015503 0.02656250074505806 0.08425925672054291
0 0.5815104246139526 0.8685185313224792 0.03697916492819786 0.06296296417713165