0 0.6192708611488342 0.7629629373550415 0.01666666753590107 0.03333333507180214
0 0.5653645992279053 0.8388888835906982 0.02656250074505806 0.046296294778585434
1 0.33281248807907104 0.2689814865589142 0.01666666753590107 0.03055555559694767
1 0.3643229305744171 0.8013888597488403 0.015104166232049465 0.026851851493120193
1 0.620312511920929 0.7634259462356567 0.015625 0.026851851493120193
1 0.5768229365348816 0.8203703761100769 0.01822916604578495 0.024074073880910873
0 0.6052083373069763 0.7861111164093018 0.01979166641831398 0.05370370298624039
1 0.4963541626930237 0.8435184955596924 0.015625 0.02777777798473835
0 0.3317708373069763 0.3361110985279083 0.0416666679084301 0.06851851940155029
3 0.6111978888511658 0.7773148417472839 0.03489583358168602 0.0694444477558136
1 0.5182291865348816 0.852314829826355 0.01770833320915699 0.032407406717538834
3 0.3294270932674408 0.31712964177131653 0.04322916641831398 0.10462962836027145
1 0.43932291865348816 0.5106481313705444 0.01406249962747097 0.028703704476356506
1 0.5270833373069763 0.5370370149612427 0.01666666753590107 0.02777777798473835
1 0.28072917461395264 0.5467592477798462 0.01770833320915699 0.02500000037252903
0 0.5080729126930237 0.8504629731178284 0.03489583358168602 0.03981481492519379
3 0.35104167461395264 0.7652778029441833 0.0416666679084301 0.09907407313585281
0 0.31953126192092896 0.730555534362793 0.02864583395421505 0.06111111119389534
1 0.4507812559604645 0.1745370328426361 0.01718750037252903 0.032407406717538834
1 0.5914062261581421 0.22083333134651184 0.01718750037252903 0.026851851493120193
3 0.33541667461395264 0.7453703880310059 0.06458333134651184 0.0962962955236435
0 0.33020833134651184 0.2768518626689911 0.02395833283662796 0.05740740895271301
0 0.522656261920929 0.5152778029441833 0.03072916716337204 0.07870370149612427
0 0.43020832538604736 0.5236111283302307 0.03958333283662796 0.06203703582286835
0 0.2799479067325592 0.5708333253860474 0.0234375 0.07685185223817825
0 0.4385416805744171 0.18379630148410797 0.04270833358168602 0.06759259104728699
0 0.5817708373069763 0.20694445073604584 0.03958333283662796 0.06388889253139496