3 0.5486978888511658 0.7782407402992249 0.0442708320915699 0.10092592239379883
0 0.5526041388511658 0.8097222447395325 0.04270833358168602 0.05092592537403107
1 0.31432291865348816 0.3740740716457367 0.01614583283662796 0.02777777798473835
0 0.4934895932674408 0.730555534362793 0.04010416567325592 0.04444444552063942
1 0.640625 0.33009257912635803 0.01354166679084301 0.026851851493120193
1 0.6328125 0.41018518805503845 0.014583333395421505 0.029629629105329514
1 0.4234375059604645 0.8356481194496155 0.01354166679084301 0.026851851493120193
1 0.5505208373069763 0.5939815044403076 0.01770833320915699 0.032407406717538834
3 0.53515625 0.739814817905426 0.04843749850988388 0.09259258955717087
1 0.37890625 0.5361111164093018 0.01614583283662796 0.031481482088565826
0 0.5588541626930237 0.5912036895751953 0.03229166567325592 0.04537037014961243
3 0.578906238079071 0.6050925850868225 0.06927083432674408 0.07129629701375961
0 0.31171876192092896 0.3967592716217041 0.03177083283662796 0.08981481194496155
0 0.3893229067325592 0.5462962985038757 0.04218750074505806 0.06666667014360428
0 0.6283854246139526 0.322685182094574 0.04114583507180214 0.06018518656492233
0 0.41067707538604736 0.8268518447875977 0.03697916492819786 0.06111111119389534
0 0.6411458253860474 0.42314815521240234 0.03854166716337204 0.07592592388391495
0 0.5955728888511658 0.6083333492279053 0.03489583358168602 0.05740740895271301