0 0.3578124940395355 0.7643518447875977 0.02500000037252903 0.034259259700775146
1 0.3596354126930237 0.7606481313705444 0.02031249925494194 0.02500000037252903
0 0.37682291865348816 0.7902777791023254 0.02552083320915699 0.04722222313284874
1 0.3151041567325592 0.32175925374031067 0.01666666753590107 0.02500000037252903
1 0.5473958253860474 0.5615741014480591 0.01770833320915699 0.03055555559694767
1 0.37057292461395264 0.307407408952713 0.01718750037252903 0.024074073880910873
1 0.62109375 0.5254629850387573 0.01718750037252903 0.02500000037252903
1 0.39375001192092896 0.27314814925193787 0.014583333395421505 0.031481482088565826
0 0.3687500059604645 0.7833333611488342 0.04583333432674408 0.07962962985038757
1 0.4528645873069763 0.5175926089286804 0.01718750037252903 0.025925925001502037
1 0.6786458492279053 0.4453703761100769 0.01666666753590107 0.024074073880910873
1 0.2906250059604645 0.5611110925674438 0.01666666753590107 0.029629629105329514
0 0.6236979365348816 0.5009258985519409 0.03177083283662796 0.08888889104127884
0 0.4075520932674408 0.27407407760620117 0.0442708320915699 0.0555555559694767
1 0.5406249761581421 0.19583334028720856 0.015625 0.034259259700775146
0 0.37057292461395264 0.2819444537162781 0.02656250074505806 0.07129629701375961
0 0.6802083253860474 0.46666666865348816 0.02812499925494194 0.07962962985038757
0 0.2984375059604645 0.5486111044883728 0.04062499850988388 0.07500000298023224
0 0.31979167461395264 0.34166666865348816 0.02916666679084301 0.0833333358168602
0 0.4546875059604645 0.5365740656852722 0.02812499925494194 0.08796296268701553
0 0.5364583134651184 0.5472221970558167 0.04479166492819786 0.06851851940155029
0 0.3322916626930237 0.7175925970077515 0.03541666641831398 0.0555555559694767
0 0.526562511920929 0.1944444477558136 0.04791666567325592 0.06851851940155029