3 0.6161458492279053 0.7587962746620178 0.03958333283662796 0.06388889253139496
0 0.3213541805744171 0.6027777791023254 0.04374999925494194 0.14259259402751923
1 0.69140625 0.2925925850868225 0.015104166232049465 0.024074073880910873
1 0.5278645753860474 0.8597221970558167 0.01614583283662796 0.023148147389292717
1 0.49661457538604736 0.8435184955596924 0.013020833022892475 0.029629629105329514
1 0.5341145992279053 0.8027777671813965 0.01406249962747097 0.02777777798473835
1 0.5445312261581421 0.7657407522201538 0.01406249962747097 0.024074073880910873
3 0.5489583611488342 0.7138888835906982 0.0416666679084301 0.10925926268100739
0 0.3148437440395355 0.5629629492759705 0.03489583358168602 0.0555555559694767
0 0.59375 0.727314829826355 0.03541666641831398 0.05833333358168602
0 0.5565103888511658 0.7615740895271301 0.03697916492819786 0.0416666679084301
1 0.5291666388511658 0.3541666567325592 0.01666666753590107 0.026851851493120193
1 0.5848958492279053 0.7416666746139526 0.01354166679084301 0.025925925001502037
3 0.57421875 0.7412037253379822 0.0651041641831398 0.07129629701375961
0 0.5231770873069763 0.7393518686294556 0.0390625 0.04537037014961243
0 0.3278645873069763 0.6310185194015503 0.02864583395421505 0.07685185223817825
1 0.6489583253860474 0.2203703671693802 0.01770833320915699 0.024074073880910873
1 0.4520833194255829 0.8439815044403076 0.01666666753590107 0.03055555559694767
3 0.32083332538604736 0.6037036776542664 0.04374999925494194 0.14444445073604584
3 0.5317708253860474 0.707870364189148 0.0520833320915699 0.10462962836027145
0 0.5263020992279053 0.3324074149131775 0.02760416641831398 0.07962962985038757
0 0.6182291507720947 0.7671296000480652 0.0364583320915699 0.05462963134050369
3 0.6041666865348816 0.7462962865829468 0.05833333358168602 0.08888889104127884
0 0.518750011920929 0.800000011920929 0.04479166492819786 0.046296294778585434
0 0.4622395932674408 0.8513888716697693 0.04114583507180214 0.05648148059844971
0 0.6484375 0.2013888955116272 0.03125 0.06574074178934097
0 0.5416666865348816 0.6912037134170532 0.02812499925494194 0.06759259104728699
0 0.6841145753860474 0.2777777910232544 0.03593749925494194 0.05740740895271301