0 0.5502604246139526 0.33101850748062134 0.03697916492819786 0.10648148506879807
1 0.49609375 0.8606481552124023 0.013020833022892475 0.028703704476356506
1 0.49557292461395264 0.8435184955596924 0.01197916641831398 0.029629629105329514
1 0.53125 0.45185184478759766 0.014583333395421505 0.02777777798473835
0 0.542187511920929 0.4486111104488373 0.03541666641831398 0.04537037014961243
3 0.4203124940395355 0.6550925970077515 0.0364583320915699 0.10648148506879807
1 0.4247395694255829 0.668055534362793 0.01614583283662796 0.021296296268701553
0 0.5026041865348816 0.3856481611728668 0.02812499925494194 0.06759259104728699
1 0.5286458134651184 0.8583333492279053 0.015625 0.029629629105329514
1 0.5679687261581421 0.43981480598449707 0.01406249962747097 0.03333333507180214
1 0.45494791865348816 0.8481481671333313 0.01718750037252903 0.031481482088565826
0 0.508593738079071 0.43101853132247925 0.02968749962747097 0.07314814627170563
3 0.5083333253860474 0.3662036955356598 0.03958333283662796 0.0972222238779068
0 0.5419270992279053 0.2995370328426361 0.02760416641831398 0.05462963134050369
1 0.5583333373069763 0.3708333373069763 0.014583333395421505 0.023148147389292717
1 0.6463541388511658 0.21481481194496155 0.01770833320915699 0.024074073880910873
0 0.5158854126930237 0.3375000059604645 0.03177083283662796 0.049074072390794754
0 0.4309895932674408 0.7212963104248047 0.02760416641831398 0.07222222536802292
0 0.5528646111488342 0.3532407283782959 0.02864583395421505 0.05833333358168602
3 0.42890626192092896 0.6856481432914734 0.03489583358168602 0.13611111044883728
3 0.5492187738418579 0.3263888955116272 0.03697916492819786 0.10833333432674408
1 0.7033854126930237 0.33194443583488464 0.01718750037252903 0.023148147389292717
0 0.4388020932674408 0.7949073910713196 0.0234375 0.07685185223817825
0 0.4195312559604645 0.6421296000480652 0.03489583358168602 0.0824074074625969
0 0.703125 0.3106481432914734 0.03020833246409893 0.06759259104728699
0 0.6447916626930237 0.19953703880310059 0.03020833246409893 0.06203703582286835
0 0.46692708134651184 0.855555534362793 0.04218750074505806 0.05000000074505806
0 0.58203125 0.432407408952713 0.04218750074505806 0.051851850003004074