1 0.5257812738418579 0.802314817905426 0.01718750037252903 0.034259259700775146
1 0.5520833134651184 0.8074073791503906 0.01666666753590107 0.029629629105329514
1 0.45755207538604736 0.6652777791023254 0.01718750037252903 0.028703704476356506
1 0.6104166507720947 0.5032407641410828 0.015625 0.026851851493120193
1 0.5953124761581421 0.7833333611488342 0.015625 0.029629629105329514
1 0.6283854246139526 0.7291666865348816 0.01614583283662796 0.026851851493120193
0 0.5171874761581421 0.8092592358589172 0.03333333507180214 0.05740740895271301
1 0.5263020992279053 0.16527777910232544 0.01614583283662796 0.03055555559694767
1 0.6533854007720947 0.6601851582527161 0.01927083358168602 0.02777777798473835
0 0.551562488079071 0.793055534362793 0.01875000074505806 0.06018518656492233
1 0.6684895753860474 0.5675926208496094 0.015104166232049465 0.029629629105329514
1 0.39531248807907104 0.5722222328186035 0.01875000074505806 0.024074073880910873
1 0.5432291626930237 0.6916666626930237 0.01875000074505806 0.02777777798473835
0 0.35989582538604736 0.28842592239379883 0.02604166604578495 0.05648148059844971
0 0.6518229246139526 0.6782407164573669 0.02968749962747097 0.07129629701375961
0 0.5880208611488342 0.7935185432434082 0.03750000149011612 0.051851850003004074
0 0.39661458134651184 0.5495370626449585 0.03072916716337204 0.08796296268701553
0 0.46432292461395264 0.6828703880310059 0.03593749925494194 0.07314814627170563
0 0.5445312261581421 0.6675925850868225 0.03177083283662796 0.08148147910833359
0 0.6244791746139526 0.7444444298744202 0.02916666679084301 0.05925925821065903
0 0.6039062738418579 0.48472222685813904 0.03802083432674408 0.07685185223817825
0 0.514843761920929 0.1578703671693802 0.04010416567325592 0.05648148059844971
0 0.655468761920929 0.5634258985519409 0.04635416716337204 0.06388889253139496