1 0.42890626192092896 0.380092591047287 0.01718750037252903 0.03055555559694767
1 0.42916667461395264 0.36250001192092896 0.01666666753590107 0.026851851493120193
1 0.36770832538604736 0.49166667461395264 0.015625 0.029629629105329514
1 0.5354166626930237 0.4203703701496124 0.01666666753590107 0.029629629105329514
1 0.3343749940395355 0.30092594027519226 0.01666666753590107 0.025925925001502037
1 0.6130208373069763 0.47268518805503845 0.015625 0.028703704476356506
1 0.43541666865348816 0.6935185194015503 0.01666666753590107 0.02777777798473835
1 0.6041666865348816 0.3722222149372101 0.01770833320915699 0.025925925001502037
1 0.32864582538604736 0.6458333134651184 0.01666666753590107 0.026851851493120193
1 0.3752604126930237 0.2717592716217041 0.01718750037252903 0.03055555559694767
1 0.5231770873069763 0.49074074625968933 0.01718750037252903 0.025925925001502037
1 0.4505208432674408 0.19398148357868195 0.015625 0.03055555559694767
0 0.43411457538604736 0.3453703820705414 0.03489583358168602 0.08518518507480621
0 0.42239582538604736 0.4037036895751953 0.03437500074505806 0.07592592388391495
0 0.3294270932674408 0.32083332538604736 0.03281249850988388 0.0824074074625969
0 0.628125011920929 0.47962963581085205 0.04895833507180214 0.06296296417713165
0 0.532031238079071 0.4412037134170532 0.02968749962747097 0.07870370149612427
0 0.5981770753860474 0.3930555582046509 0.03281249850988388 0.08055555820465088
0 0.3346354067325592 0.6657407283782959 0.03697916492819786 0.0833333358168602
0 0.5143229365348816 0.5120370388031006 0.03489583358168602 0.07222222536802292
0 0.4388020932674408 0.7143518328666687 0.03177083283662796 0.08796296268701553
0 0.35468751192092896 0.5037037134170532 0.04895833507180214 0.07407407462596893
0 0.4661458432674408 0.19490741193294525 0.05104166641831398 0.05833333358168602
0 0.38854166865348816 0.26157405972480774 0.04791666567325592 0.06574074178934097