1 0.31562501192092896 0.375 0.014583333395421505 0.02222222276031971
1 0.31041666865348816 0.447685182094574 0.015625 0.03055555559694767
1 0.4463541805744171 0.3324074149131775 0.01875000074505806 0.05000000074505806
0 0.633593738079071 0.244907408952713 0.02760416641831398 0.032407406717538834
1 0.3361979126930237 0.32499998807907104 0.015104166232049465 0.02777777798473835
1 0.4572916626930237 0.26851850748062134 0.01875000074505806 0.025925925001502037
0 0.30651041865348816 0.4722222089767456 0.02968749962747097 0.07222222536802292
1 0.6317708492279053 0.24722221493721008 0.01875000074505806 0.025925925001502037
3 0.4468750059604645 0.34074074029922485 0.03958333283662796 0.12222222238779068
1 0.3473958373069763 0.3027777671813965 0.015625 0.02777777798473835
0 0.6143229007720947 0.20509259402751923 0.04114583507180214 0.05462963134050369
3 0.3072916567325592 0.4504629671573639 0.03229166567325592 0.1120370402932167
0 0.31067708134651184 0.4148148000240326 0.02760416641831398 0.06296296417713165
1 0.6010416746139526 0.1953703761100769 0.014583333395421505 0.025925925001502037
1 0.328125 0.6120370626449585 0.015625 0.025925925001502037
1 0.6898437738418579 0.6009259223937988 0.01822916604578495 0.025925925001502037
3 0.621874988079071 0.21759259700775146 0.05520833283662796 0.08703703433275223
1 0.5640624761581421 0.35277777910232544 0.01875000074505806 0.029629629105329514
0 0.6864583492279053 0.6282407641410828 0.02916666679084301 0.08055555820465088
0 0.3268229067325592 0.3444444537162781 0.03489583358168602 0.06481481343507767
0 0.4453125 0.3629629611968994 0.03333333507180214 0.07407407462596893
0 0.5687500238418579 0.37638887763023376 0.03333333507180214 0.0824074074625969
0 0.3609375059604645 0.28333333134651184 0.03854166716337204 0.06111111119389534
0 0.33541667461395264 0.5874999761581421 0.0364583320915699 0.08796296268701553
0 0.45234376192092896 0.2874999940395355 0.02968749962747097 0.0694444477558136