1 0.5518229007720947 0.7722222208976746 0.015104166232049465 0.025925925001502037
1 0.5036458373069763 0.8745370507240295 0.01666666753590107 0.028703704476356506
1 0.5411458611488342 0.8638888597488403 0.01666666753590107 0.029629629105329514
1 0.5661458373069763 0.8101851940155029 0.01770833320915699 0.02777777798473835
0 0.4906249940395355 0.8773148059844971 0.03854166716337204 0.034259259700775146
1 0.550000011920929 0.5449073910713196 0.014583333395421505 0.026851851493120193
1 0.5630208253860474 0.6620370149612427 0.01666666753590107 0.029629629105329514
1 0.5768229365348816 0.8393518328666687 0.01406249962747097 0.02500000037252903
0 0.5776041746139526 0.7722222208976746 0.03854166716337204 0.07222222536802292
0 0.5690104365348816 0.855555534362793 0.03177083283662796 0.04259259253740311
1 0.5296875238418579 0.6037036776542664 0.015625 0.024074073880910873
0 0.5294271111488342 0.8629629611968994 0.04218750074505806 0.046296294778585434
0 0.4606770873069763 0.8703703880310059 0.03593749925494194 0.03888889029622078
0 0.5406249761581421 0.7879629731178284 0.0364583320915699 0.05370370298624039
1 0.5932291746139526 0.657870352268219 0.01875000074505806 0.026851851493120193
1 0.5492187738418579 0.15694443881511688 0.01927083358168602 0.03055555559694767
0 0.5536458492279053 0.6814814805984497 0.03229166567325592 0.05740740895271301
0 0.5973958373069763 0.6337962746620178 0.03229166567325592 0.0824074074625969
0 0.5239583253860474 0.6259258985519409 0.03333333507180214 0.07592592388391495
0 0.5570312738418579 0.17314815521240234 0.03593749925494194 0.06851851940155029
0 0.5598958134651184 0.5356481671333313 0.04062499850988388 0.06574074178934097