0 0.49270832538604736 0.5796296000480652 0.03437500074505806 0.09074074029922485
1 0.47994792461395264 0.3083333373069763 0.01718750037252903 0.025925925001502037
0 0.30390626192092896 0.34583333134651184 0.03697916492819786 0.10833333432674408
1 0.45781248807907104 0.5958333611488342 0.01666666753590107 0.02500000037252903
1 0.3088541626930237 0.34861111640930176 0.01666666753590107 0.023148147389292717
1 0.29244792461395264 0.3921296298503876 0.01718750037252903 0.02500000037252903
1 0.4533854126930237 0.5249999761581421 0.01614583283662796 0.024074073880910873
1 0.48515623807907104 0.5837963223457336 0.01406249962747097 0.023148147389292717
0 0.296875 0.38148146867752075 0.03020833246409893 0.05370370298624039
1 0.5078125 0.5361111164093018 0.015625 0.02777777798473835
1 0.36927083134651184 0.7412037253379822 0.01666666753590107 0.023148147389292717
1 0.62890625 0.6194444298744202 0.01822916604578495 0.025925925001502037
1 0.3333333432674408 0.5967592597007751 0.014583333395421505 0.01944444514811039
3 0.30260416865348816 0.34861111640930176 0.03750000149011612 0.1101851835846901
1 0.5244791507720947 0.32685184478759766 0.014583333395421505 0.029629629105329514
1 0.34166666865348816 0.5111111402511597 0.014583333395421505 0.025925925001502037
0 0.31041666865348816 0.32777777314186096 0.02500000037252903 0.07037036865949631
1 0.6145833134651184 0.40601852536201477 0.014583333395421505 0.023148147389292717
0 0.4973958432674408 0.5439814925193787 0.04062499850988388 0.043518517166376114
0 0.48515623807907104 0.6106481552124023 0.02552083320915699 0.07129629701375961
0 0.4502604305744171 0.6134259104728699 0.03281249850988388 0.0694444477558136
0 0.3700520694255829 0.7615740895271301 0.02552083320915699 0.07500000298023224
0 0.3333333432674408 0.6134259104728699 0.02812499925494194 0.07314814627170563
0 0.34817707538604736 0.49166667461395264 0.04218750074505806 0.07962962985038757
0 0.6226562261581421 0.4185185134410858 0.0390625 0.06666667014360428
0 0.48229166865348816 0.3305555582046509 0.02812499925494194 0.07962962985038757
0 0.625 0.6425926089286804 0.03333333507180214 0.08148147910833359
0 0.4598958194255829 0.5087962746620178 0.03854166716337204 0.06574074178934097
0 0.5372396111488342 0.33472222089767456 0.0442708320915699 0.06388889253139496