1 0.4585937559604645 0.8060185313224792 0.01406249962747097 0.03055555559694767
1 0.6669270992279053 0.675000011920929 0.02031249925494194 0.025925925001502037
0 0.4749999940395355 0.8458333611488342 0.02812499925494194 0.037962961941957474
3 0.664843738079071 0.6527777910232544 0.0442708320915699 0.08703703433275223
1 0.4124999940395355 0.7777777910232544 0.01666666753590107 0.024074073880910873
1 0.6239583492279053 0.48240742087364197 0.01666666753590107 0.03333333507180214
0 0.6622396111488342 0.6509259343147278 0.03802083432674408 0.07962962985038757
1 0.43359375 0.3324074149131775 0.01614583283662796 0.02777777798473835
1 0.643750011920929 0.737500011920929 0.015625 0.026851851493120193
1 0.6208333373069763 0.5874999761581421 0.015625 0.028703704476356506
1 0.5356770753860474 0.5157407522201538 0.01822916604578495 0.02777777798473835
1 0.47343748807907104 0.6430555582046509 0.01666666753590107 0.028703704476356506
0 0.6549479365348816 0.7240740656852722 0.03697916492819786 0.06296296417713165
0 0.4364583194255829 0.8152777552604675 0.03125 0.0416666679084301
0 0.6026041507720947 0.7888888716697693 0.04374999925494194 0.06111111119389534
1 0.5901041626930237 0.8013888597488403 0.01770833320915699 0.028703704476356506
0 0.6395833492279053 0.48148149251937866 0.05000000074505806 0.06851851940155029
0 0.4026041626930237 0.7587962746620178 0.0364583320915699 0.06018518656492233
0 0.6338541507720947 0.5800926089286804 0.04374999925494194 0.06018518656492233
0 0.4385416805744171 0.3106481432914734 0.03125 0.08425925672054291
0 0.5325520634651184 0.5425925850868225 0.0338541679084301 0.09444444626569748
0 0.4677083194255829 0.6629629731178284 0.03541666641831398 0.08148147910833359