3 0.5424479246139526 0.364814817905426 0.05156249925494194 0.09074074029922485
1 0.7205728888511658 0.5787037014961243 0.01614583283662796 0.025925925001502037
1 0.5739583373069763 0.4495370388031006 0.01145833358168602 0.023148147389292717
0 0.5526041388511658 0.37546294927597046 0.0364583320915699 0.07129629701375961
3 0.5130208134651184 0.3254629671573639 0.05000000074505806 0.05648148059844971
0 0.557812511920929 0.4712963104248047 0.0364583320915699 0.03703703731298447
1 0.47213542461395264 0.3967592716217041 0.01614583283662796 0.023148147389292717
1 0.5286458134651184 0.8597221970558167 0.015625 0.03055555559694767
1 0.4830729067325592 0.33981481194496155 0.015104166232049465 0.029629629105329514
0 0.5645833611488342 0.4263888895511627 0.02604166604578495 0.06018518656492233
3 0.51171875 0.3629629611968994 0.0442708320915699 0.11481481790542603
1 0.5166666507720947 0.4481481611728668 0.015625 0.02777777798473835
0 0.524218738079071 0.45509257912635803 0.0338541679084301 0.049074072390794754
0 0.46536457538604736 0.4208333194255829 0.03697916492819786 0.07870370149612427
1 0.6583333611488342 0.21666666865348816 0.014583333395421505 0.02777777798473835
1 0.45625001192092896 0.8504629731178284 0.015625 0.032407406717538834
0 0.592968761920929 0.4893518388271332 0.03802083432674408 0.06574074178934097
0 0.4716145694255829 0.3560185134410858 0.02968749962747097 0.05462963134050369
0 0.5026041865348816 0.38240739703178406 0.03020833246409893 0.06296296417713165
3 0.559374988079071 0.39953702688217163 0.0416666679084301 0.1101851835846901
0 0.7247396111488342 0.5657407641410828 0.03072916716337204 0.0833333358168602
0 0.4684895873069763 0.8597221970558167 0.04531250149011612 0.06574074178934097
0 0.6484375 0.21203704178333282 0.03750000149011612 0.05370370298624039