1 0.5052083134651184 0.6416666507720947 0.01875000074505806 0.031481482088565826
3 0.5229166746139526 0.6310185194015503 0.06666667014360428 0.05833333358168602
1 0.3127604126930237 0.5189814567565918 0.01614583283662796 0.02500000037252903
1 0.33802083134651184 0.7199074029922485 0.010416666977107525 0.023148147389292717
1 0.5497395992279053 0.6189814805984497 0.01406249962747097 0.028703704476356506
1 0.30260416865348816 0.35185185074806213 0.01666666753590107 0.024074073880910873
0 0.3216145932674408 0.5388888716697693 0.0338541679084301 0.06666667014360428
0 0.582812488079071 0.6189814805984497 0.0416666679084301 0.05833333358168602
0 0.2916666567325592 0.5916666388511658 0.02604166604578495 0.051851850003004074
0 0.32421875 0.5847222208976746 0.03489583358168602 0.04722222313284874
0 0.49687498807907104 0.6495370268821716 0.0364583320915699 0.04537037014961243
1 0.6427083611488342 0.6574074029922485 0.01666666753590107 0.031481482088565826
0 0.6302083134651184 0.6486111283302307 0.04270833358168602 0.05462963134050369
1 0.6067708134651184 0.5263888835906982 0.015625 0.034259259700775146
0 0.30156248807907104 0.3643518388271332 0.02604166604578495 0.07129629701375961
3 0.32239583134651184 0.5550925731658936 0.04062499850988388 0.09907407313585281
0 0.5361979007720947 0.6273148059844971 0.04010416567325592 0.05277777835726738
1 0.41354167461395264 0.17546296119689941 0.01666666753590107 0.032407406717538834
0 0.4677083194255829 0.697685182094574 0.03229166567325592 0.05833333358168602
3 0.48124998807907104 0.675000011920929 0.05833333358168602 0.09259258955717087
0 0.6192708611488342 0.5199074149131775 0.046875 0.06574074178934097
0 0.32864582538604736 0.7115740776062012 0.03333333507180214 0.06203703582286835
0 0.42526042461395264 0.1648148149251938 0.04114583507180214 0.05925925821065903