1 0.4963541626930237 0.8444444537162781 0.012500000186264515 0.029629629105329514
1 0.6036458611488342 0.7472222447395325 0.015625 0.03888889029622078
1 0.3268229067325592 0.6421296000480652 0.01718750037252903 0.028703704476356506
1 0.5221354365348816 0.7504629492759705 0.01614583283662796 0.028703704476356506
1 0.5294271111488342 0.3532407283782959 0.01718750037252903 0.026851851493120193
1 0.6911458373069763 0.2925925850868225 0.014583333395421505 0.025925925001502037
1 0.573437511920929 0.7393518686294556 0.01666666753590107 0.03055555559694767
0 0.31302082538604736 0.5587962865829468 0.03437500074505806 0.05092592537403107
1 0.6502603888511658 0.21944443881511688 0.01718750037252903 0.024074073880910873
0 0.3213541805744171 0.605555534362793 0.04062499850988388 0.12222222238779068
0 0.5833333134651184 0.7319444417953491 0.0364583320915699 0.05462963134050369
0 0.5369791388511658 0.7495370507240295 0.04062499850988388 0.03611111268401146
1 0.504687488079071 0.6875 0.01666666753590107 0.026851851493120193
0 0.616406261920929 0.7638888955116272 0.03281249850988388 0.0555555559694767
3 0.6020833253860474 0.7481481432914734 0.0625 0.08888889104127884
0 0.524218738079071 0.8027777671813965 0.0442708320915699 0.040740739554166794
1 0.4520833194255829 0.8444444537162781 0.01666666753590107 0.029629629105329514
0 0.526562511920929 0.33194443583488464 0.02708333358168602 0.08055555820465088
0 0.5416666865348816 0.6958333253860474 0.04062499850988388 0.05462963134050369
0 0.4622395932674408 0.852314829826355 0.04114583507180214 0.05833333358168602
0 0.6481770873069763 0.20092593133449554 0.03072916716337204 0.06481481343507767
0 0.5044270753860474 0.7097222208976746 0.02552083320915699 0.07870370149612427
0 0.682812511920929 0.2805555462837219 0.0364583320915699 0.0555555559694767