1 0.3424479067325592 0.7560185194015503 0.01927083358168602 0.034259259700775146
0 0.5166666507720947 0.8791666626930237 0.03437500074505806 0.03055555559694767
1 0.33255207538604736 0.2976851761341095 0.01406249962747097 0.028703704476356506
1 0.4078125059604645 0.6601851582527161 0.01770833320915699 0.02222222276031971
1 0.36145833134651184 0.7800925970077515 0.01666666753590107 0.023148147389292717
1 0.4351562559604645 0.8592592477798462 0.01822916604578495 0.029629629105329514
1 0.3997395932674408 0.8370370268821716 0.01718750037252903 0.02777777798473835
1 0.6377604007720947 0.7861111164093018 0.01718750037252903 0.02777777798473835
1 0.6893228888511658 0.6740740537643433 0.01718750037252903 0.02777777798473835
0 0.43958333134651184 0.8777777552604675 0.02604166604578495 0.06111111119389534
1 0.6205729246139526 0.7481481432914734 0.01614583283662796 0.029629629105329514
0 0.359375 0.7953703999519348 0.02500000037252903 0.06111111119389534
0 0.3231770694255829 0.7180555462837219 0.02968749962747097 0.05092592537403107
1 0.4026041626930237 0.6935185194015503 0.01770833320915699 0.024074073880910873
0 0.3216145932674408 0.31203705072402954 0.03593749925494194 0.07407407462596893
0 0.4020833373069763 0.7152777910232544 0.03229166567325592 0.07870370149612427
1 0.6002604365348816 0.2699074149131775 0.01927083358168602 0.034259259700775146
0 0.4088541567325592 0.8490740656852722 0.03541666641831398 0.05740740895271301
0 0.6317708492279053 0.8041666746139526 0.03750000149011612 0.07314814627170563
0 0.40182292461395264 0.6388888955116272 0.0390625 0.07777778059244156
0 0.6307291388511658 0.7291666865348816 0.0416666679084301 0.07129629701375961
0 0.6143229007720947 0.2611111104488373 0.0494791679084301 0.06296296417713165
0 0.6968749761581421 0.6583333611488342 0.03958333283662796 0.08703703433275223