1 0.34557291865348816 0.7152777910232544 0.01614583283662796 0.026851851493120193
1 0.3799479305744171 0.7740740776062012 0.01718750037252903 0.02777777798473835
1 0.5549479126930237 0.8754629492759705 0.01614583283662796 0.026851851493120193
1 0.4088541567325592 0.34259259700775146 0.01875000074505806 0.02777777798473835
1 0.4151041805744171 0.2759259343147278 0.015625 0.024074073880910873
0 0.3385416567325592 0.6972222328186035 0.03437500074505806 0.07592592388391495
1 0.6109374761581421 0.4078703820705414 0.015625 0.03055555559694767
1 0.41588541865348816 0.8138889074325562 0.01614583283662796 0.03333333507180214
0 0.4117187559604645 0.32407405972480774 0.02656250074505806 0.07037036865949631
1 0.5893229246139526 0.8476851582527161 0.01406249962747097 0.026851851493120193
1 0.49947917461395264 0.5611110925674438 0.01666666753590107 0.031481482088565826
1 0.5526041388511658 0.520370364189148 0.01666666753590107 0.029629629105329514
1 0.69921875 0.6027777791023254 0.015104166232049465 0.029629629105329514
0 0.36927083134651184 0.7555555701255798 0.03437500074505806 0.05370370298624039
1 0.5679687261581421 0.20370370149612427 0.01718750037252903 0.03333333507180214
1 0.4950520694255829 0.8754629492759705 0.01197916641831398 0.026851851493120193
0 0.6039062738418579 0.8342592716217041 0.04114583507180214 0.05925925821065903
0 0.5552083253860474 0.8666666746139526 0.02395833283662796 0.05370370298624039
0 0.4049479067325592 0.8120370507240295 0.03697916492819786 0.046296294778585434
3 0.4208333194255829 0.2925925850868225 0.04479166492819786 0.12962962687015533
0 0.42656248807907104 0.25925925374031067 0.03541666641831398 0.05925925821065903
0 0.6893228888511658 0.5856481194496155 0.04322916641831398 0.08611111342906952
0 0.5096353888511658 0.5745370388031006 0.04322916641831398 0.07129629701375961
0 0.58203125 0.2023148089647293 0.04843749850988388 0.06574074178934097
0 0.598437488079071 0.40138888359069824 0.05000000074505806 0.06574074178934097
0 0.48255208134651184 0.8712962865829468 0.0390625 0.051851850003004074
0 0.5669270753860474 0.5310184955596924 0.0494791679084301 0.07129629701375961