1 0.4763020873069763 0.6689814925193787 0.010937499813735485 0.02500000037252903
0 0.46432292461395264 0.7379629611968994 0.02135416679084301 0.046296294778585434
1 0.4856770932674408 0.6412037014961243 0.010937499813735485 0.023148147389292717
1 0.6481770873069763 0.5962963104248047 0.01614583283662796 0.025925925001502037
1 0.4598958194255829 0.7282407283782959 0.015625 0.028703704476356506
1 0.4609375 0.6064814925193787 0.012500000186264515 0.020370369777083397
1 0.6216145753860474 0.5648148059844971 0.013020833022892475 0.018518518656492233
1 0.5002604126930237 0.5189814567565918 0.01197916641831398 0.026851851493120193
0 0.6499999761581421 0.5708333253860474 0.02395833283662796 0.0824074074625969
1 0.5598958134651184 0.41296297311782837 0.01666666753590107 0.02222222276031971
0 0.49531251192092896 0.6439814567565918 0.03229166567325592 0.034259259700775146
0 0.4437499940395355 0.7689814567565918 0.02604166604578495 0.04722222313284874
0 0.45520833134651184 0.6189814805984497 0.02812499925494194 0.05277777835726738
0 0.6182291507720947 0.5439814925193787 0.02291666716337204 0.0694444477558136
0 0.4911458194255829 0.7351852059364319 0.01770833320915699 0.06111111119389534
0 0.46536457538604736 0.6685185432434082 0.03072916716337204 0.035185184329748154
0 0.5546875 0.39444443583488464 0.02604166604578495 0.06481481343507767
0 0.4898437559604645 0.5152778029441833 0.03697916492819786 0.05462963134050369