1 0.5244791507720947 0.2541666626930237 0.015625 0.03055555559694767
1 0.5091145634651184 0.49953705072402954 0.01822916604578495 0.03055555559694767
1 0.3971354067325592 0.19722221791744232 0.01614583283662796 0.024074073880910873
1 0.5036458373069763 0.23055554926395416 0.014583333395421505 0.02777777798473835
1 0.3031249940395355 0.4791666567325592 0.01875000074505806 0.03055555559694767
1 0.6627604365348816 0.6523148417472839 0.01614583283662796 0.03055555559694767
1 0.5190104246139526 0.32777777314186096 0.01718750037252903 0.02777777798473835
1 0.5549479126930237 0.6384259462356567 0.01614583283662796 0.032407406717538834
1 0.33906251192092896 0.5078703761100769 0.01875000074505806 0.026851851493120193
1 0.57421875 0.44212964177131653 0.01822916604578495 0.03055555559694767
1 0.35234373807907104 0.7370370626449585 0.015104166232049465 0.029629629105329514
0 0.5088541507720947 0.3481481373310089 0.04062499850988388 0.07037036865949631
0 0.5390625 0.2620370388031006 0.04270833358168602 0.04444444552063942
0 0.2979166805744171 0.5004629492759705 0.03125 0.08981481194496155
0 0.42395833134651184 0.20000000298023224 0.0416666679084301 0.05000000074505806
0 0.48880207538604736 0.22268518805503845 0.04218750074505806 0.043518517166376114
0 0.33802083134651184 0.4819444417953491 0.02916666679084301 0.09537036716938019
0 0.5807291865348816 0.8217592835426331 0.03333333507180214 0.049074072390794754
0 0.6471354365348816 0.6597222089767456 0.04739583283662796 0.06018518656492233
0 0.3942708373069763 0.21388888359069824 0.01875000074505806 0.06111111119389534
0 0.500781238079071 0.5189814567565918 0.04218750074505806 0.07685185223817825
0 0.5822916626930237 0.42500001192092896 0.03854166716337204 0.06851851940155029
0 0.539843738079071 0.6435185074806213 0.05052083358168602 0.06296296417713165
0 0.3682291805744171 0.7226851582527161 0.04791666567325592 0.07314814627170563