1 0.3539062440395355 0.2689814865589142 0.013020833022892475 0.01944444514811039
1 0.3765625059604645 0.23425926268100739 0.01666666753590107 0.024074073880910873
1 0.4585937559604645 0.8087962865829468 0.013020833022892475 0.03055555559694767
1 0.5859375 0.17824074625968933 0.014583333395421505 0.028703704476356506
0 0.6658853888511658 0.6990740895271301 0.03177083283662796 0.07037036865949631
1 0.4833333194255829 0.3333333432674408 0.01666666753590107 0.029629629105329514
3 0.5934895873069763 0.18611110746860504 0.07864583283662796 0.08148147910833359
1 0.5567708611488342 0.34351852536201477 0.01770833320915699 0.029629629105329514
1 0.36770832538604736 0.5861111283302307 0.01666666753590107 0.029629629105329514
1 0.3294270932674408 0.6689814925193787 0.01822916604578495 0.026851851493120193
1 0.625 0.2143518477678299 0.01875000074505806 0.028703704476356506
1 0.6588541865348816 0.7162036895751953 0.01666666753590107 0.028703704476356506
1 0.6901041865348816 0.3828703761100769 0.01875000074505806 0.02500000037252903
1 0.40546876192092896 0.7870370149612427 0.01614583283662796 0.029629629105329514
0 0.4466145932674408 0.831944465637207 0.03177083283662796 0.03981481492519379
0 0.35364583134651184 0.25925925374031067 0.02291666716337204 0.04444444552063942
0 0.3984375 0.7643518447875977 0.03437500074505806 0.08425925672054291
0 0.38203126192092896 0.21481481194496155 0.03281249850988388 0.06296296417713165
0 0.616406261920929 0.20277777314186096 0.03802083432674408 0.05370370298624039
0 0.5729166865348816 0.16527777910232544 0.04062499850988388 0.05462963134050369
0 0.5625 0.3689814805984497 0.03229166567325592 0.08796296268701553
0 0.690625011920929 0.3592592477798462 0.03125 0.07592592388391495
0 0.3322916626930237 0.6870370507240295 0.03333333507180214 0.07222222536802292
0 0.3778645694255829 0.6032407283782959 0.04531250149011612 0.08425925672054291
0 0.4971354305744171 0.32175925374031067 0.05260416492819786 0.07314814627170563