0 0.6234375238418579 0.7736111283302307 0.02604166604578495 0.05462963134050369
1 0.542187511920929 0.8425925970077515 0.01770833320915699 0.031481482088565826
1 0.31953126192092896 0.7166666388511658 0.01927083358168602 0.029629629105329514
1 0.6270833611488342 0.762499988079071 0.01770833320915699 0.028703704476356506
1 0.4885416626930237 0.3013888895511627 0.01875000074505806 0.032407406717538834
1 0.37942707538604736 0.3087962865829468 0.01927083358168602 0.034259259700775146
1 0.4270833432674408 0.1875 0.01770833320915699 0.03055555559694767
1 0.4752604067325592 0.5680555701255798 0.01614583283662796 0.032407406717538834
1 0.5494791865348816 0.18518517911434174 0.01770833320915699 0.029629629105329514
1 0.34192708134651184 0.5337963104248047 0.01718750037252903 0.032407406717538834
1 0.5791666507720947 0.43611112236976624 0.01979166641831398 0.035185184329748154
1 0.31588542461395264 0.4740740656852722 0.01718750037252903 0.03333333507180214
0 0.5981770753860474 0.7953703999519348 0.02864583395421505 0.06111111119389534
0 0.30130207538604736 0.3680555522441864 0.02968749962747097 0.0824074074625969
1 0.30000001192092896 0.39444443583488464 0.01979166641831398 0.025925925001502037
0 0.5369791388511658 0.17824074625968933 0.04374999925494194 0.05462963134050369
0 0.5309895873069763 0.831944465637207 0.04010416567325592 0.05648148059844971
0 0.3658854067325592 0.31296294927597046 0.04843749850988388 0.05740740895271301
0 0.3552083373069763 0.5490740537643433 0.04791666567325592 0.07592592388391495
0 0.49791666865348816 0.28611111640930176 0.04374999925494194 0.07222222536802292
0 0.5932291746139526 0.44583332538604736 0.05312500149011612 0.07129629701375961
0 0.4388020932674408 0.20092593133449554 0.04218750074505806 0.05925925821065903
3 0.6096354126930237 0.7851851582527161 0.05677083507180214 0.08148147910833359
0 0.30651041865348816 0.4625000059604645 0.04531250149011612 0.07129629701375961
0 0.4622395932674408 0.5592592358589172 0.05156249925494194 0.06851851940155029
0 0.3296875059604645 0.7379629611968994 0.04062499850988388 0.07777778059244156