0 0.5549479126930237 0.5745370388031006 0.04114583507180214 0.07685185223817825
0 0.04192708432674408 0.34166666865348816 0.02864583395421505 0.11481481790542603
0 0.5065104365348816 0.9069444537162781 0.03697916492819786 0.05833333358168602
1 0.04348958283662796 0.29722222685813904 0.01718750037252903 0.025925925001502037
1 0.5174478888511658 0.8768518567085266 0.01822916604578495 0.031481482088565826
3 0.5520833134651184 0.5837963223457336 0.04895833507180214 0.10277777910232544
1 0.015104166232049465 0.5263888835906982 0.01875000074505806 0.03055555559694767
0 0.5296875238418579 0.8759258985519409 0.03437500074505806 0.03333333507180214
1 0.52734375 0.6537036895751953 0.01822916604578495 0.03333333507180214
1 0.5419270992279053 0.8287037014961243 0.01718750037252903 0.029629629105329514
1 0.04583333432674408 0.38333332538604736 0.01875000074505806 0.029629629105329514
1 0.5606771111488342 0.5995370149612427 0.01822916604578495 0.02500000037252903
1 0.4427083432674408 0.21388888359069824 0.01770833320915699 0.03703703731298447
1 0.03541666641831398 0.23055554926395416 0.012500000186264515 0.02222222276031971
1 0.6572916507720947 0.8037037253379822 0.01666666753590107 0.029629629105329514
0 0.014583333395421505 0.1893518567085266 0.02916666679084301 0.037962961941957474
0 0.04479166492819786 0.3717592656612396 0.02604166604578495 0.07685185223817825
0 0.6158854365348816 0.887499988079071 0.02968749962747097 0.04722222313284874
0 0.5375000238418579 0.6412037014961243 0.03958333283662796 0.06018518656492233
0 0.01406249962747097 0.5083333253860474 0.02708333358168602 0.07962962985038757
0 0.04140625149011612 0.3134259283542633 0.0234375 0.0694444477558136
0 0.03098958358168602 0.2439814805984497 0.02968749962747097 0.05648148059844971
0 0.6692708134651184 0.8129629492759705 0.03958333283662796 0.06296296417713165
0 0.5552083253860474 0.8152777552604675 0.04583333432674408 0.06203703582286835
0 0.42890626192092896 0.21851852536201477 0.04531250149011612 0.06666667014360428