1 0.49609375 0.8449074029922485 0.01197916641831398 0.03055555559694767
1 0.547656238079071 0.7685185074806213 0.01718750037252903 0.029629629105329514
0 0.5377604365348816 0.729629635810852 0.04114583507180214 0.035185184329748154
1 0.5375000238418579 0.7902777791023254 0.012500000186264515 0.026851851493120193
3 0.5739583373069763 0.7416666746139526 0.06562499701976776 0.07962962985038757
0 0.592968761920929 0.7328703999519348 0.03177083283662796 0.05833333358168602
1 0.5278645753860474 0.8601852059364319 0.015104166232049465 0.024074073880910873
0 0.5611979365348816 0.7675926089286804 0.03802083432674408 0.04444444552063942
0 0.3333333432674408 0.6537036895751953 0.0416666679084301 0.0833333358168602
1 0.5291666388511658 0.3550925850868225 0.01666666753590107 0.026851851493120193
1 0.6916666626930237 0.29398149251937866 0.015625 0.02500000037252903
0 0.5440104007720947 0.6851851940155029 0.03281249850988388 0.06666667014360428
0 0.31588542461395264 0.5666666626930237 0.03177083283662796 0.06666667014360428
3 0.32760417461395264 0.6254629492759705 0.04895833507180214 0.1527777761220932
1 0.6494791507720947 0.2203703671693802 0.01666666753590107 0.024074073880910873
3 0.5395833253860474 0.699999988079071 0.04374999925494194 0.09814814478158951
1 0.45260417461395264 0.8449074029922485 0.01666666753590107 0.03055555559694767
0 0.5263020992279053 0.3333333432674408 0.02760416641831398 0.07962962985038757
0 0.6192708611488342 0.7666666507720947 0.03541666641831398 0.05370370298624039
0 0.5223958492279053 0.793055534362793 0.0416666679084301 0.049074072390794754
3 0.6067708134651184 0.7467592358589172 0.0572916679084301 0.08796296268701553
0 0.4625000059604645 0.8509259223937988 0.0416666679084301 0.05740740895271301
0 0.6479166746139526 0.20092593133449554 0.03020833246409893 0.06666667014360428
0 0.684374988079071 0.28009259700775146 0.03437500074505806 0.05648148059844971