0 0.33411458134651184 0.7537037134170532 0.05156249925494194 0.10000000149011612
0 0.6091145873069763 0.7754629850387573 0.015104166232049465 0.049074072390794754
1 0.27552083134651184 0.5097222328186035 0.01875000074505806 0.028703704476356506
0 0.6156250238418579 0.7662037014961243 0.02812499925494194 0.06574074178934097
1 0.32630208134651184 0.2768518626689911 0.01927083358168602 0.03333333507180214
0 0.5445312261581421 0.8532407283782959 0.03593749925494194 0.03981481492519379
1 0.39114582538604736 0.8361111283302307 0.01666666753590107 0.029629629105329514
1 0.5541666746139526 0.8384259343147278 0.01979166641831398 0.032407406717538834
1 0.5276041626930237 0.5388888716697693 0.01770833320915699 0.029629629105329514
1 0.6513020992279053 0.6740740537643433 0.01822916604578495 0.029629629105329514
3 0.3192708194255829 0.3125 0.03541666641831398 0.11944444477558136
0 0.31718748807907104 0.32685184478759766 0.02812499925494194 0.08518518507480621
0 0.32734376192092896 0.7347221970558167 0.03593749925494194 0.05092592537403107
1 0.4505208432674408 0.1745370328426361 0.01770833320915699 0.032407406717538834
1 0.5916666388511658 0.22083333134651184 0.01666666753590107 0.026851851493120193
1 0.4776041805744171 0.4967592656612396 0.014583333395421505 0.03055555559694767
0 0.6450520753860474 0.6935185194015503 0.03697916492819786 0.07592592388391495
0 0.3838541805744171 0.8231481313705444 0.02812499925494194 0.0555555559694767
0 0.5234375 0.520370364189148 0.03125 0.07592592388391495
0 0.27682292461395264 0.5324074029922485 0.0234375 0.07777778059244156
0 0.34973958134651184 0.7768518328666687 0.01927083358168602 0.0555555559694767
3 0.33515626192092896 0.7546296119689941 0.05052083358168602 0.10000000149011612
0 0.43802082538604736 0.18425926566123962 0.04374999925494194 0.06851851940155029
0 0.58203125 0.2074074000120163 0.04010416567325592 0.06296296417713165
0 0.46562498807907104 0.5060185194015503 0.04374999925494194 0.05833333358168602