1 0.33411458134651184 0.27222222089767456 0.01927083358168602 0.024074073880910873
1 0.4755208194255829 0.8486111164093018 0.01979166641831398 0.03055555559694767
0 0.5934895873069763 0.8481481671333313 0.02447916753590107 0.0555555559694767
1 0.5882812738418579 0.8277778029441833 0.01614583283662796 0.025925925001502037
1 0.6968749761581421 0.4486111104488373 0.01875000074505806 0.028703704476356506
1 0.4481770694255829 0.4268518388271332 0.01718750037252903 0.029629629105329514
1 0.5395833253860474 0.9013888835906982 0.015625 0.028703704476356506
1 0.39010417461395264 0.4375 0.01666666753590107 0.026851851493120193
1 0.37291666865348816 0.3643518388271332 0.01666666753590107 0.02500000037252903
0 0.3981770873069763 0.41203704476356506 0.03697916492819786 0.07222222536802292
1 0.5010416507720947 0.1398148089647293 0.014583333395421505 0.029629629105329514
1 0.6361979246139526 0.33194443583488464 0.02031249925494194 0.03055555559694767
1 0.3934895694255829 0.8370370268821716 0.01614583283662796 0.025925925001502037
1 0.42369791865348816 0.24722221493721008 0.01927083358168602 0.031481482088565826
1 0.6546875238418579 0.7486110925674438 0.01666666753590107 0.032407406717538834
1 0.3244791626930237 0.4444444477558136 0.01875000074505806 0.02777777798473835
0 0.3453125059604645 0.24861110746860504 0.02916666679084301 0.06388889253139496
0 0.31588542461395264 0.3083333373069763 0.0338541679084301 0.06296296417713165
0 0.40416666865348816 0.8500000238418579 0.0364583320915699 0.06111111119389534
0 0.7005208134651184 0.46851852536201477 0.03020833246409893 0.09814814478158951
0 0.3309895694255829 0.41805556416511536 0.03489583358168602 0.08055555820465088
0 0.37317708134651184 0.33981481194496155 0.02968749962747097 0.08518518507480621
0 0.4138020873069763 0.2611111104488373 0.04010416567325592 0.06481481343507767
0 0.4505208432674408 0.3976851999759674 0.03125 0.09537036716938019
0 0.6317708492279053 0.3055555522441864 0.0364583320915699 0.0962962955236435
0 0.6390625238418579 0.7379629611968994 0.05104166641831398 0.07037036865949631
0 0.4880208373069763 0.13703703880310059 0.04374999925494194 0.06481481343507767