1 0.4117187559604645 0.8162037134170532 0.015104166232049465 0.03055555559694767
0 0.6479166746139526 0.6467592716217041 0.02812499925494194 0.08981481194496155
0 0.633593738079071 0.5939815044403076 0.01614583283662796 0.037962961941957474
0 0.4124999940395355 0.8152777552604675 0.01770833320915699 0.034259259700775146
1 0.6513020992279053 0.614814817905426 0.01614583283662796 0.025925925001502037
1 0.6333333253860474 0.602314829826355 0.01145833358168602 0.01944444514811039
0 0.6346353888511658 0.5861111283302307 0.02552083320915699 0.051851850003004074
1 0.32109373807907104 0.5805555582046509 0.01614583283662796 0.024074073880910873
0 0.4270833432674408 0.8064814805984497 0.03854166716337204 0.03888889029622078
1 0.37317708134651184 0.7976852059364319 0.013020833022892475 0.026851851493120193
0 0.3200520873069763 0.5638889074325562 0.0234375 0.05925925821065903
0 0.6588541865348816 0.5342592597007751 0.02812499925494194 0.0555555559694767
0 0.3101562559604645 0.6574074029922485 0.02239583246409893 0.06666667014360428
0 0.34583333134651184 0.5064814686775208 0.03750000149011612 0.06481481343507767
0 0.6520833373069763 0.6814814805984497 0.02708333358168602 0.07222222536802292
1 0.6119791865348816 0.5268518328666687 0.015625 0.02777777798473835
0 0.2994791567325592 0.604629635810852 0.02500000037252903 0.051851850003004074
0 0.6213541626930237 0.520370364189148 0.03958333283662796 0.04814814776182175
3 0.6471354365348816 0.5592592358589172 0.05156249925494194 0.10185185074806213
3 0.6486979126930237 0.6625000238418579 0.03177083283662796 0.1120370402932167
3 0.3046875 0.6296296119689941 0.03541666641831398 0.11481481790542603
0 0.3296875059604645 0.7222222089767456 0.02812499925494194 0.05925925821065903
3 0.33645832538604736 0.529629647731781 0.0572916679084301 0.11296296119689941
0 0.3851562440395355 0.8064814805984497 0.03802083432674408 0.04814814776182175