0 0.6307291388511658 0.7476851940155029 0.04895833507180214 0.08796296268701553
0 0.6096354126930237 0.7643518447875977 0.0234375 0.06203703582286835
1 0.5757812261581421 0.8282407522201538 0.02135416679084301 0.026851851493120193
1 0.5625 0.8296296000480652 0.01875000074505806 0.025925925001502037
0 0.5674479007720947 0.8402777910232544 0.02760416641831398 0.03981481492519379
1 0.48750001192092896 0.4138889014720917 0.01666666753590107 0.02777777798473835
0 0.2932291626930237 0.3759259283542633 0.03020833246409893 0.06111111119389534
1 0.5653645992279053 0.7356481552124023 0.01614583283662796 0.03055555559694767
0 0.5799478888511658 0.7328703999519348 0.04114583507180214 0.043518517166376114
1 0.3375000059604645 0.6143518686294556 0.015625 0.028703704476356506
1 0.4466145932674408 0.35185185074806213 0.01406249962747097 0.031481482088565826
1 0.5809895992279053 0.4175925850868225 0.01614583283662796 0.02777777798473835
0 0.3098958432674408 0.3203703761100769 0.02395833283662796 0.0555555559694767
0 0.6377604007720947 0.7351852059364319 0.0338541679084301 0.05740740895271301
1 0.40052083134651184 0.8476851582527161 0.01875000074505806 0.032407406717538834
3 0.6304687261581421 0.7486110925674438 0.05052083358168602 0.08611111342906952
0 0.589062511920929 0.43287035822868347 0.0364583320915699 0.07314814627170563
3 0.2997395694255829 0.35092592239379883 0.0442708320915699 0.11851851642131805
0 0.49296873807907104 0.4347222149372101 0.0338541679084301 0.07685185223817825
0 0.34817707538604736 0.6287037134170532 0.04635416716337204 0.07777778059244156
0 0.4312500059604645 0.3541666567325592 0.046875 0.06203703582286835
0 0.4140625 0.8476851582527161 0.04895833507180214 0.07129629701375961