1 0.4739583432674408 0.6689814925193787 0.01770833320915699 0.03055555559694767
1 0.635937511920929 0.6481481194496155 0.015625 0.025925925001502037
3 0.5005208253860474 0.7444444298744202 0.05104166641831398 0.10740740597248077
0 0.49036458134651184 0.760185182094574 0.02135416679084301 0.05740740895271301
0 0.5213541388511658 0.7990740537643433 0.03541666641831398 0.07222222536802292
3 0.5096353888511658 0.7749999761581421 0.05260416492819786 0.09444444626569748
1 0.5562499761581421 0.6689814925193787 0.014583333395421505 0.026851851493120193
1 0.6382812261581421 0.6277777552604675 0.015104166232049465 0.029629629105329514
1 0.4893229305744171 0.14907407760620117 0.01406249962747097 0.02777777798473835
1 0.6684895753860474 0.5157407522201538 0.01718750037252903 0.024074073880910873
3 0.4934895932674408 0.6875 0.0598958320915699 0.07129629701375961
1 0.659375011920929 0.4513888955116272 0.01770833320915699 0.026851851493120193
0 0.5106770992279053 0.7055555582046509 0.04010416567325592 0.05000000074505806
0 0.6497395634651184 0.6277777552604675 0.0390625 0.0555555559694767
0 0.4830729067325592 0.8120370507240295 0.03593749925494194 0.03333333507180214
0 0.6247395873069763 0.6708333492279053 0.03489583358168602 0.06574074178934097
0 0.6708333492279053 0.4930555522441864 0.03229166567325592 0.08055555820465088
0 0.4765625 0.14722222089767456 0.04374999925494194 0.05925925821065903
0 0.5651041865348816 0.6490740776062012 0.03333333507180214 0.06666667014360428
0 0.6520833373069763 0.4245370328426361 0.03437500074505806 0.07500000298023224