0 0.4973958432674408 0.8916666507720947 0.02083333395421505 0.03333333507180214
1 0.04348958283662796 0.2967592477798462 0.01718750037252903 0.026851851493120193
0 0.4585937559604645 0.8361111283302307 0.04218750074505806 0.040740739554166794
1 0.43437498807907104 0.7916666865348816 0.014583333395421505 0.029629629105329514
1 0.01536458358168602 0.5254629850387573 0.01822916604578495 0.028703704476356506
1 0.5841146111488342 0.5805555582046509 0.01822916604578495 0.031481482088565826
1 0.04609375074505806 0.38425925374031067 0.01822916604578495 0.02777777798473835
0 0.014843749813735485 0.1893518567085266 0.02864583395421505 0.037962961941957474
1 0.4481770694255829 0.2976851761341095 0.01614583283662796 0.028703704476356506
1 0.5580729246139526 0.4870370328426361 0.01718750037252903 0.029629629105329514
1 0.6622396111488342 0.7962962985038757 0.01614583283662796 0.02777777798473835
1 0.03541666641831398 0.23055554926395416 0.012500000186264515 0.02222222276031971
1 0.4216145873069763 0.23148147761821747 0.01406249962747097 0.02777777798473835
1 0.3343749940395355 0.4287036955356598 0.01770833320915699 0.024074073880910873
0 0.04531250149011612 0.3722222149372101 0.02604166604578495 0.07592592388391495
0 0.43307292461395264 0.8754629492759705 0.03697916492819786 0.04722222313284874
0 0.4026041626930237 0.8370370268821716 0.03541666641831398 0.05000000074505806
0 0.5687500238418579 0.5004629492759705 0.0416666679084301 0.07129629701375961
0 0.01406249962747097 0.5074074268341064 0.02708333358168602 0.07962962985038757
3 0.4169270694255829 0.8541666865348816 0.0703125 0.07685185223817825
0 0.574999988079071 0.5958333611488342 0.04479166492819786 0.07685185223817825
0 0.04140625149011612 0.3134259283542633 0.02447916753590107 0.06759259104728699
0 0.6721354126930237 0.8074073791503906 0.03489583358168602 0.06481481343507767
0 0.4598958194255829 0.28240740299224854 0.0364583320915699 0.06296296417713165
0 0.03098958358168602 0.24351851642131805 0.02968749962747097 0.0555555559694767
0 0.3346354067325592 0.40231481194496155 0.02552083320915699 0.07685185223817825
0 0.4216145873069763 0.793055534362793 0.0390625 0.04537037014961243
0 0.41067707538604736 0.2430555522441864 0.03802083432674408 0.06203703582286835