1 0.49427083134651184 0.5041666626930237 0.012500000186264515 0.023148147389292717
1 0.6127604246139526 0.6541666388511658 0.01197916641831398 0.01944444514811039
1 0.5687500238418579 0.6157407164573669 0.012500000186264515 0.02222222276031971
1 0.3947916626930237 0.7421296238899231 0.010416666977107525 0.023148147389292717
1 0.45911458134651184 0.6018518805503845 0.01197916641831398 0.020370369777083397
1 0.4466145932674408 0.33564814925193787 0.013020833022892475 0.01944444514811039
1 0.6294270753860474 0.6194444298744202 0.01197916641831398 0.018518518656492233
1 0.4622395932674408 0.7046296000480652 0.00989583320915699 0.01666666753590107
1 0.45390623807907104 0.739814817905426 0.00989583320915699 0.018518518656492233
0 0.46484375 0.7486110925674438 0.02968749962747097 0.03611111268401146
0 0.57421875 0.6277777552604675 0.02864583395421505 0.05740740895271301
0 0.45260417461395264 0.7046296000480652 0.03125 0.035185184329748154
0 0.5838541388511658 0.5652777552604675 0.02083333395421505 0.06388889253139496
0 0.4976562559604645 0.7967592477798462 0.0234375 0.037962961941957474
0 0.4528645873069763 0.3157407343387604 0.02447916753590107 0.05740740895271301
0 0.40286457538604736 0.7356481552124023 0.02864583395421505 0.04722222313284874
0 0.45520833134651184 0.6143518686294556 0.02812499925494194 0.05833333358168602
0 0.48619791865348816 0.5120370388031006 0.02968749962747097 0.0555555559694767
0 0.62109375 0.6050925850868225 0.03281249850988388 0.05462963134050369
0 0.6143229007720947 0.6699073910713196 0.02239583246409893 0.06388889253139496
0 0.5916666388511658 0.7467592358589172 0.02708333358168602 0.06018518656492233