0 0.0416666679084301 0.3412036895751953 0.02812499925494194 0.11388888955116272
3 0.6505208611488342 0.8462963104248047 0.03020833246409893 0.06666667014360428
1 0.04348958283662796 0.2967592477798462 0.01718750037252903 0.026851851493120193
1 0.01536458358168602 0.5263888835906982 0.01822916604578495 0.028703704476356506
0 0.6752604246139526 0.7962962985038757 0.0338541679084301 0.05925925821065903
1 0.3838541805744171 0.7976852059364319 0.01354166679084301 0.026851851493120193
0 0.6473958492279053 0.8486111164093018 0.02604166604578495 0.06018518656492233
1 0.5291666388511658 0.862500011920929 0.015625 0.028703704476356506
0 0.37578123807907104 0.793055534362793 0.03072916716337204 0.05462963134050369
1 0.5661458373069763 0.8041666746139526 0.015625 0.026851851493120193
1 0.0455729179084301 0.385185182094574 0.01822916604578495 0.02777777798473835
0 0.04505208507180214 0.3717592656612396 0.02552083320915699 0.07500000298023224
0 0.014583333395421505 0.18981482088565826 0.02916666679084301 0.03703703731298447
1 0.03489583358168602 0.22962963581085205 0.012500000186264515 0.02222222276031971
0 0.5190104246139526 0.8666666746139526 0.03593749925494194 0.046296294778585434
0 0.4520833194255829 0.8620370626449585 0.02500000037252903 0.06481481343507767
0 0.3721354305744171 0.7722222208976746 0.03802083432674408 0.10370370000600815
1 0.5739583373069763 0.6699073910713196 0.01770833320915699 0.032407406717538834
3 0.3726562559604645 0.7759259343147278 0.04010416567325592 0.1111111119389534
1 0.586718738079071 0.19583334028720856 0.01927083358168602 0.032407406717538834
0 0.3645833432674408 0.7495370507240295 0.02500000037252903 0.05462963134050369
3 0.6635416746139526 0.8236111402511597 0.0572916679084301 0.10833333432674408
0 0.01406249962747097 0.5083333253860474 0.02708333358168602 0.07962962985038757
0 0.5736979246139526 0.1865740716457367 0.04843749850988388 0.06759259104728699
0 0.04114583507180214 0.3134259283542633 0.02395833283662796 0.06759259104728699
0 0.03072916716337204 0.24351851642131805 0.02916666679084301 0.0555555559694767
0 0.5601562261581421 0.8189814686775208 0.03072916716337204 0.06574074178934097
0 0.5640624761581421 0.657870352268219 0.04479166492819786 0.07129629701375961