3 0.5687500238418579 0.7856481671333313 0.03229166567325592 0.1120370402932167
1 0.5736979246139526 0.7300925850868225 0.01614583283662796 0.023148147389292717
0 0.567187488079071 0.8111110925674438 0.03020833246409893 0.06111111119389534
1 0.62109375 0.5638889074325562 0.01927083358168602 0.029629629105329514
1 0.4520833194255829 0.6129629611968994 0.014583333395421505 0.031481482088565826
1 0.5450521111488342 0.6236110925674438 0.01406249962747097 0.028703704476356506
1 0.6338541507720947 0.2777777910232544 0.01666666753590107 0.024074073880910873
1 0.632031261920929 0.697685182094574 0.01822916604578495 0.028703704476356506
1 0.2906250059604645 0.5046296119689941 0.01666666753590107 0.025925925001502037
1 0.3541666567325592 0.2481481432914734 0.015625 0.029629629105329514
1 0.3265624940395355 0.5699074268341064 0.014583333395421505 0.03055555559694767
1 0.5015624761581421 0.7328703999519348 0.014583333395421505 0.026851851493120193
0 0.5757812261581421 0.7476851940155029 0.02552083320915699 0.0694444477558136
0 0.63671875 0.6759259104728699 0.02968749962747097 0.07962962985038757
0 0.6083333492279053 0.5824074149131775 0.04895833507180214 0.07407407462596893
0 0.34557291865348816 0.2611111104488373 0.0338541679084301 0.06481481343507767
0 0.6286458373069763 0.25925925374031067 0.03229166567325592 0.06296296417713165
0 0.46432292461395264 0.6231481432914734 0.0442708320915699 0.06851851940155029
0 0.5145833492279053 0.7236111164093018 0.0416666679084301 0.05833333358168602
0 0.5570312738418579 0.6263889074325562 0.0442708320915699 0.06388889253139496
0 0.296875 0.5240740776062012 0.03750000149011612 0.08518518507480621
0 0.34192708134651184 0.5796296000480652 0.04739583283662796 0.07222222536802292