0 0.04192708432674408 0.3412036895751953 0.02864583395421505 0.11388888955116272
1 0.5583333373069763 0.8999999761581421 0.01666666753590107 0.029629629105329514
1 0.6645833253860474 0.7958333492279053 0.01770833320915699 0.026851851493120193
1 0.04322916641831398 0.29629629850387573 0.01666666753590107 0.025925925001502037
1 0.01536458358168602 0.5259259343147278 0.01822916604578495 0.029629629105329514
1 0.0455729179084301 0.38425925374031067 0.01822916604578495 0.02777777798473835
1 0.4867187440395355 0.23657406866550446 0.01718750037252903 0.02500000037252903
0 0.014843749813735485 0.1893518567085266 0.02864583395421505 0.037962961941957474
1 0.5575520992279053 0.48750001192092896 0.01718750037252903 0.028703704476356506
1 0.5549479126930237 0.9189814925193787 0.01718750037252903 0.032407406717538834
1 0.5848958492279053 0.37962964177131653 0.01770833320915699 0.02777777798473835
1 0.03541666641831398 0.23055554926395416 0.012500000186264515 0.02222222276031971
1 0.32499998807907104 0.5351851582527161 0.01875000074505806 0.025925925001502037
0 0.04505208507180214 0.37268519401550293 0.02656250074505806 0.07685185223817825
0 0.4645833373069763 0.2847222089767456 0.0416666679084301 0.049074072390794754
0 0.5054687261581421 0.9069444537162781 0.03072916716337204 0.06018518656492233
1 0.44973957538604736 0.2898148000240326 0.01614583283662796 0.031481482088565826
0 0.5809895992279053 0.4027777910232544 0.03072916716337204 0.08703703433275223
1 0.4205729067325592 0.8092592358589172 0.01822916604578495 0.03333333507180214
1 0.6434895992279053 0.8083333373069763 0.01718750037252903 0.029629629105329514
0 0.6294270753860474 0.8148148059844971 0.04218750074505806 0.05000000074505806
0 0.5466145873069763 0.9162036776542664 0.03802083432674408 0.05092592537403107
0 0.5687500238418579 0.5018518567085266 0.0416666679084301 0.07222222536802292
0 0.014322916977107525 0.5074074268341064 0.02760416641831398 0.07962962985038757
0 0.47994792461395264 0.21481481194496155 0.03281249850988388 0.06666667014360428
0 0.32343751192092896 0.512499988079071 0.02604166604578495 0.08796296268701553
0 0.04140625149011612 0.31296294927597046 0.02447916753590107 0.06851851940155029
0 0.672656238079071 0.8074073791503906 0.03489583358168602 0.06111111119389534
0 0.03098958358168602 0.24351851642131805 0.02968749962747097 0.0555555559694767
0 0.43411457538604736 0.8217592835426331 0.05052083358168602 0.06759259104728699