3 0.5914062261581421 0.6296296119689941 0.04322916641831398 0.05370370298624039
1 0.5317708253860474 0.7162036895751953 0.014583333395421505 0.026851851493120193
3 0.4898437559604645 0.7972221970558167 0.0338541679084301 0.07222222536802292
1 0.5216146111488342 0.16851851344108582 0.01718750037252903 0.02777777798473835
1 0.66015625 0.5384259223937988 0.01718750037252903 0.026851851493120193
1 0.578906238079071 0.6259258985519409 0.01406249962747097 0.029629629105329514
3 0.5057291388511658 0.8027777671813965 0.05104166641831398 0.08148147910833359
1 0.5166666507720947 0.5532407164573669 0.01666666753590107 0.028703704476356506
3 0.5666666626930237 0.6212962865829468 0.08541666716337204 0.05370370298624039
3 0.5263020992279053 0.7124999761581421 0.06197916716337204 0.0694444477558136
1 0.5080729126930237 0.699999988079071 0.01718750037252903 0.025925925001502037
1 0.53515625 0.6208333373069763 0.015104166232049465 0.03055555559694767
1 0.6606770753860474 0.4722222089767456 0.01718750037252903 0.02777777798473835
1 0.4700520932674408 0.6324074268341064 0.01718750037252903 0.025925925001502037
0 0.4841145873069763 0.7870370149612427 0.02239583246409893 0.051851850003004074
1 0.37109375 0.7060185074806213 0.01718750037252903 0.02500000037252903
0 0.5065104365348816 0.7162036895751953 0.02864583395421505 0.06018518656492233
0 0.6557291746139526 0.4462963044643402 0.03229166567325592 0.07407407462596893
0 0.5473958253860474 0.6236110925674438 0.03750000149011612 0.049074072390794754
0 0.5919271111488342 0.6291666626930237 0.04218750074505806 0.05462963134050369
0 0.6656249761581421 0.5185185074806213 0.03229166567325592 0.07962962985038757
0 0.5419270992279053 0.7060185074806213 0.03593749925494194 0.05648148059844971
0 0.5059896111488342 0.5680555701255798 0.04114583507180214 0.06203703582286835
0 0.3773437440395355 0.7250000238418579 0.03072916716337204 0.07037036865949631
0 0.47265625 0.6560184955596924 0.02760416641831398 0.07870370149612427
0 0.5130208134651184 0.15925925970077515 0.0416666679084301 0.06296296417713165