1 0.4333333373069763 0.31296294927597046 0.01770833320915699 0.025925925001502037
1 0.6229166388511658 0.5166666507720947 0.014583333395421505 0.025925925001502037
1 0.6276041865348816 0.7263888716697693 0.01666666753590107 0.03055555559694767
1 0.3385416567325592 0.6060185432434082 0.01666666753590107 0.02500000037252903
1 0.4947916567325592 0.18009258806705475 0.01875000074505806 0.028703704476356506
1 0.5471354126930237 0.5606481432914734 0.01718750037252903 0.03055555559694767
1 0.3515625 0.2430555522441864 0.01666666753590107 0.026851851493120193
1 0.3669270873069763 0.7800925970077515 0.01614583283662796 0.02500000037252903
1 0.43359375 0.7138888835906982 0.015104166232049465 0.02777777798473835
0 0.4398437440395355 0.33472222089767456 0.03697916492819786 0.0694444477558136
0 0.3309895694255829 0.7185184955596924 0.02968749962747097 0.05370370298624039
0 0.42526042461395264 0.2490740716457367 0.02552083320915699 0.06851851940155029
0 0.6244791746139526 0.489814817905426 0.03333333507180214 0.09074074029922485
0 0.3453125059604645 0.6273148059844971 0.03437500074505806 0.08425925672054291
0 0.4736979305744171 0.6087962985038757 0.03072916716337204 0.07500000298023224
0 0.5364583134651184 0.5467592477798462 0.04374999925494194 0.06759259104728699
0 0.62109375 0.7425925731658936 0.03593749925494194 0.06666667014360428
0 0.4908854067325592 0.20000000298023224 0.02864583395421505 0.06296296417713165
0 0.44479167461395264 0.7263888716697693 0.04062499850988388 0.06018518656492233
0 0.35859376192092896 0.2300925999879837 0.0338541679084301 0.05462963134050369
0 0.37447917461395264 0.7949073910713196 0.03854166716337204 0.0694444477558136