1 0.6138020753860474 0.26435184478759766 0.01197916641831398 0.026851851493120193
3 0.5796874761581421 0.8222222328186035 0.05624999850988388 0.06296296417713165
0 0.581250011920929 0.8231481313705444 0.05833333358168602 0.07407407462596893
1 0.5596354007720947 0.8407407402992249 0.02031249925494194 0.031481482088565826
1 0.3518229126930237 0.7837963104248047 0.01406249962747097 0.028703704476356506
0 0.557812511920929 0.8476851582527161 0.02083333395421505 0.049074072390794754
1 0.589062511920929 0.2171296328306198 0.014583333395421505 0.026851851493120193
1 0.639843761920929 0.41296297311782837 0.01406249962747097 0.02777777798473835
0 0.5864583253860474 0.8157407641410828 0.03750000149011612 0.046296294778585434
3 0.6177083253860474 0.26249998807907104 0.05833333358168602 0.09537036716938019
1 0.6669270992279053 0.4504629671573639 0.01406249962747097 0.021296296268701553
1 0.526562511920929 0.16990740597248077 0.014583333395421505 0.03055555559694767
1 0.30546873807907104 0.45092591643333435 0.01614583283662796 0.02222222276031971
1 0.43359375 0.34861111640930176 0.01718750037252903 0.028703704476356506
0 0.3307291567325592 0.7351852059364319 0.0364583320915699 0.06111111119389534
1 0.4789062440395355 0.7689814567565918 0.015104166232049465 0.028703704476356506
0 0.3473958373069763 0.7842592597007751 0.02812499925494194 0.04259259253740311
0 0.6263020634651184 0.2750000059604645 0.0390625 0.06481481343507767
0 0.5005208253860474 0.8379629850387573 0.02187499962747097 0.06111111119389534
3 0.3375000059604645 0.7550926208496094 0.05104166641831398 0.10092592239379883
0 0.6291666626930237 0.39537036418914795 0.03437500074505806 0.0555555559694767
0 0.4424479305744171 0.3629629611968994 0.0338541679084301 0.06851851940155029
0 0.5981770753860474 0.22546295821666718 0.03072916716337204 0.05092592537403107
0 0.31171876192092896 0.4263888895511627 0.03072916716337204 0.07870370149612427
0 0.6638020873069763 0.43796294927597046 0.02864583395421505 0.0555555559694767
0 0.4671874940395355 0.7819444537162781 0.0416666679084301 0.06203703582286835
0 0.5364583134651184 0.17222222685813904 0.03958333283662796 0.06111111119389534