1 0.38359373807907104 0.6935185194015503 0.01406249962747097 0.024074073880910873
1 0.6499999761581421 0.3361110985279083 0.01666666753590107 0.029629629105329514
1 0.41484373807907104 0.581944465637207 0.01718750037252903 0.023148147389292717
1 0.6205729246139526 0.5157407522201538 0.01614583283662796 0.031481482088565826
1 0.5854166746139526 0.30000001192092896 0.014583333395421505 0.029629629105329514
0 0.4169270694255829 0.5569444298744202 0.0390625 0.08055555820465088
1 0.612500011920929 0.2819444537162781 0.015625 0.02500000037252903
1 0.3333333432674408 0.47546297311782837 0.01770833320915699 0.02500000037252903
1 0.5776041746139526 0.2092592567205429 0.01354166679084301 0.024074073880910873
1 0.6408854126930237 0.644444465637207 0.015104166232049465 0.029629629105329514
1 0.6427083611488342 0.4712963104248047 0.01666666753590107 0.024074073880910873
0 0.6031249761581421 0.2620370388031006 0.03750000149011612 0.07037036865949631
1 0.3723958432674408 0.317592591047287 0.01770833320915699 0.035185184329748154
1 0.3179687559604645 0.43194442987442017 0.01718750037252903 0.02500000037252903
0 0.6276041865348816 0.6319444179534912 0.0416666679084301 0.06574074178934097
0 0.5679687261581421 0.19953703880310059 0.03489583358168602 0.05092592537403107
0 0.6307291388511658 0.5240740776062012 0.04270833358168602 0.05925925821065903
0 0.33515626192092896 0.5027777552604675 0.03072916716337204 0.08518518507480621
0 0.571093738079071 0.30601853132247925 0.0442708320915699 0.049074072390794754
0 0.39140623807907104 0.6708333492279053 0.03697916492819786 0.07685185223817825
0 0.6393229365348816 0.442592591047287 0.02864583395421505 0.07962962985038757
0 0.3190104067325592 0.4009259343147278 0.02864583395421505 0.07962962985038757
0 0.659375011920929 0.6870370507240295 0.02604166604578495 0.0555555559694767
0 0.3580729067325592 0.3115740716457367 0.0442708320915699 0.05648148059844971
0 0.6572916507720947 0.33379629254341125 0.03229166567325592 0.06018518656492233