3 0.5330728888511658 0.7773148417472839 0.05156249925494194 0.10648148506879807
3 0.5692708492279053 0.8092592358589172 0.04374999925494194 0.09814814478158951
0 0.6190103888511658 0.8282407522201538 0.0234375 0.04722222313284874
3 0.6070312261581421 0.831944465637207 0.04322916641831398 0.06018518656492233
1 0.6692708134651184 0.2638888955116272 0.01770833320915699 0.02777777798473835
0 0.5815104246139526 0.8541666865348816 0.02447916753590107 0.03611111268401146
0 0.5466145873069763 0.7236111164093018 0.02760416641831398 0.05648148059844971
1 0.5669270753860474 0.5129629373550415 0.01822916604578495 0.029629629105329514
0 0.5216146111488342 0.7990740537643433 0.03177083283662796 0.05370370298624039
3 0.5552083253860474 0.7462962865829468 0.04895833507180214 0.10740740597248077
1 0.5249999761581421 0.4185185134410858 0.01770833320915699 0.031481482088565826
1 0.5283854007720947 0.16944444179534912 0.01822916604578495 0.031481482088565826
0 0.5739583373069763 0.5319444537162781 0.03437500074505806 0.07314814627170563
0 0.5348958373069763 0.4009259343147278 0.0416666679084301 0.07592592388391495
0 0.5408853888511658 0.1796296238899231 0.0442708320915699 0.07037036865949631
0 0.6598958373069763 0.25046294927597046 0.03854166716337204 0.06574074178934097