0 0.1606481522321701 0.38443395495414734 0.08055555820465088 0.04245283082127571
1 0.3157407343387604 0.45440250635147095 0.025925925001502037 0.02358490601181984
1 0.24953703582286835 0.46108490228652954 0.026851851493120193 0.02279874123632908
0 0.4115740656852722 0.24488992989063263 0.08055555820465088 0.03380503132939339
0 0.31712964177131653 0.34433960914611816 0.05277777835726738 0.044025156646966934
0 0.35046297311782837 0.27555030584335327 0.07129629701375961 0.07940251380205154
1 0.6180555820465088 0.5786163806915283 0.03611111268401146 0.028301887214183807
1 0.1319444477558136 0.374213844537735 0.026851851493120193 0.02358490601181984
0 0.20972222089767456 0.33097484707832336 0.049074072390794754 0.03616352379322052
0 0.34259259700775146 0.4583333432674408 0.08518518507480621 0.03773584961891174
1 0.6805555820465088 0.277515709400177 0.029629629105329514 0.022012578323483467
1 0.09768518805503845 0.4512578547000885 0.03055555559694767 0.02358490601181984
1 0.12962962687015533 0.2995283007621765 0.031481482088565826 0.025157231837511063
1 0.3481481373310089 0.2511792480945587 0.03333333507180214 0.021226415410637856
1 0.37638887763023376 0.2692610025405884 0.026851851493120193 0.019654087722301483
1 0.44999998807907104 0.24567610025405884 0.029629629105329514 0.027515722438693047
1 0.30787035822868347 0.3317610025405884 0.026851851493120193 0.020440252497792244
1 0.48055556416511536 0.26179245114326477 0.031481482088565826 0.02358490601181984
1 0.17777778208255768 0.5129716992378235 0.03333333507180214 0.025943396613001823
1 0.17916665971279144 0.2637578547000885 0.032407406717538834 0.02908805012702942
1 0.7018518447875977 0.5530660152435303 0.03333333507180214 0.025943396613001823
0 0.2578703761100769 0.3671383559703827 0.043518517166376114 0.044025156646966934
0 0.27037036418914795 0.45400944352149963 0.07037036865949631 0.04009433835744858
0 0.5833333134651184 0.5801886916160583 0.09074074029922485 0.04245283082127571
0 0.14166666567325592 0.31053459644317627 0.06296296417713165 0.05188679322600365
0 0.6625000238418579 0.2991352081298828 0.0694444477558136 0.06682389974594116
0 0.1675925999879837 0.4948899447917938 0.05370370298624039 0.06682389974594116
0 0.2101851850748062 0.2704402506351471 0.09074074029922485 0.050314463675022125
0 0.49166667461395264 0.24056604504585266 0.0555555559694767 0.069182388484478
0 0.6777777671813965 0.5668238997459412 0.0833333358168602 0.05188679322600365
0 0.10555555671453476 0.43514150381088257 0.04814814776182175 0.062106918543577194