1 0.5263020992279053 0.8611111044883728 0.015104166232049465 0.024074073880910873
0 0.5286458134651184 0.33472222089767456 0.05104166641831398 0.09166666865348816
3 0.5268229246139526 0.4722222089767456 0.0703125 0.07962962985038757
0 0.5335937738418579 0.4625000059604645 0.04322916641831398 0.04722222313284874
1 0.5216146111488342 0.46296295523643494 0.01927083358168602 0.035185184329748154
0 0.5442708134651184 0.364814817905426 0.03333333507180214 0.05370370298624039
3 0.5463541746139526 0.46157407760620117 0.06666667014360428 0.0694444477558136
1 0.5002604126930237 0.5162037014961243 0.01822916604578495 0.026851851493120193
1 0.7213541865348816 0.5671296119689941 0.01666666753590107 0.02500000037252903
1 0.43932291865348816 0.7481481432914734 0.01822916604578495 0.025925925001502037
1 0.4427083432674408 0.8333333134651184 0.01666666753590107 0.024074073880910873
0 0.5036458373069763 0.48842594027519226 0.02187499962747097 0.06759259104728699
1 0.4807291626930237 0.5050926208496094 0.015625 0.02500000037252903
3 0.546093761920929 0.38240739703178406 0.04322916641831398 0.10925926268100739
1 0.4151041805744171 0.23796296119689941 0.014583333395421505 0.031481482088565826
3 0.5346354246139526 0.3532407283782959 0.05364583432674408 0.1101851835846901
0 0.5184895992279053 0.3185185194015503 0.02968749962747097 0.06111111119389534
0 0.43541666865348816 0.7712963223457336 0.02812499925494194 0.07777778059244156
0 0.4684895873069763 0.5166666507720947 0.0390625 0.05370370298624039
0 0.45130208134651184 0.8513888716697693 0.03802083432674408 0.06388889253139496
0 0.723437488079071 0.5495370626449585 0.03020833246409893 0.08611111342906952
0 0.5609375238418579 0.7990740537643433 0.04479166492819786 0.06851851940155029
0 0.40182292461395264 0.24120371043682098 0.04843749850988388 0.06759259104728699
0 0.6552083492279053 0.21064814925193787 0.03333333507180214 0.06203703582286835