1 0.4580729305744171 0.7416666746139526 0.01197916641831398 0.025925925001502037
1 0.5796874761581421 0.35462963581085205 0.014583333395421505 0.024074073880910873
1 0.37109375 0.21388888359069824 0.015104166232049465 0.02777777798473835
1 0.43020832538604736 0.7148148417472839 0.01145833358168602 0.025925925001502037
1 0.6135416626930237 0.3421296179294586 0.014583333395421505 0.02500000037252903
1 0.30390626192092896 0.6912037134170532 0.01614583283662796 0.026851851493120193
0 0.5057291388511658 0.8671296238899231 0.03020833246409893 0.043518517166376114
1 0.3565104305744171 0.5976851582527161 0.01822916604578495 0.026851851493120193
0 0.4807291626930237 0.8291666507720947 0.03229166567325592 0.04722222313284874
1 0.4572916626930237 0.5861111283302307 0.015625 0.03333333507180214
0 0.5388020873069763 0.8550925850868225 0.03489583358168602 0.04722222313284874
0 0.3591145873069763 0.2171296328306198 0.03593749925494194 0.06203703582286835
0 0.5661458373069763 0.35740742087364197 0.03541666641831398 0.04444444552063942
0 0.30911457538604736 0.7115740776062012 0.03072916716337204 0.07314814627170563
0 0.4697916805744171 0.7523148059844971 0.03541666641831398 0.05648148059844971
0 0.3255208432674408 0.2819444537162781 0.03333333507180214 0.05648148059844971
0 0.5940104126930237 0.3916666805744171 0.0338541679084301 0.05925925821065903
0 0.4398437440395355 0.7106481194496155 0.03281249850988388 0.04722222313284874
3 0.578906238079071 0.3662036955356598 0.06614582985639572 0.10462962836027145
0 0.6036458611488342 0.3263888955116272 0.03541666641831398 0.06203703582286835
0 0.3567708432674408 0.6208333373069763 0.03125 0.08611111342906952
0 0.46927082538604736 0.5930555462837219 0.04791666567325592 0.07314814627170563