1 0.3218750059604645 0.6986111402511597 0.01875000074505806 0.026851851493120193
1 0.6229166388511658 0.5175926089286804 0.01666666753590107 0.02777777798473835
1 0.3671875 0.7787036895751953 0.015625 0.025925925001502037
1 0.5278645753860474 0.5509259104728699 0.015104166232049465 0.031481482088565826
1 0.43020832538604736 0.36944442987442017 0.01666666753590107 0.025925925001502037
1 0.34973958134651184 0.6884258985519409 0.01614583283662796 0.028703704476356506
1 0.49557292461395264 0.17777778208255768 0.01822916604578495 0.029629629105329514
1 0.3515625 0.2430555522441864 0.01770833320915699 0.028703704476356506
0 0.5825520753860474 0.8009259104728699 0.03697916492819786 0.06296296417713165
1 0.4338541626930237 0.7111111283302307 0.015625 0.02777777798473835
0 0.3239583373069763 0.7143518328666687 0.03020833246409893 0.06574074178934097
0 0.5132812261581421 0.5481481552124023 0.04739583283662796 0.051851850003004074
0 0.4390625059604645 0.3870370388031006 0.03750000149011612 0.07222222536802292
0 0.3763020932674408 0.7949073910713196 0.03802083432674408 0.07129629701375961
0 0.4203124940395355 0.3083333373069763 0.02604166604578495 0.07592592388391495
0 0.624218761920929 0.49166667461395264 0.03177083283662796 0.09074074029922485
0 0.49036458134651184 0.19861111044883728 0.02968749962747097 0.0694444477558136
0 0.3596354126930237 0.23101851344108582 0.03697916492819786 0.05833333358168602
0 0.36510416865348816 0.6935185194015503 0.04479166492819786 0.05925925821065903
0 0.4450520873069763 0.7259259223937988 0.04114583507180214 0.06666667014360428
0 0.4677083194255829 0.585185170173645 0.0364583320915699 0.051851850003004074