0 0.3218750059604645 0.6041666865348816 0.02395833283662796 0.07314814627170563
0 0.33255207538604736 0.6629629731178284 0.02656250074505806 0.07037036865949631
0 0.41197916865348816 0.7986111044883728 0.04895833507180214 0.06759259104728699
0 0.3499999940395355 0.7129629850387573 0.02604166604578495 0.07222222536802292
1 0.5286458134651184 0.8578703999519348 0.014583333395421505 0.026851851493120193
3 0.3682291805744171 0.7407407164573669 0.05520833283662796 0.10370370000600815
0 0.5953124761581421 0.8513888716697693 0.03541666641831398 0.05833333358168602
0 0.3752604126930237 0.7638888955116272 0.0338541679084301 0.05740740895271301
3 0.43359375 0.7722222208976746 0.06093750149011612 0.07592592388391495
3 0.3968749940395355 0.7837963104248047 0.0729166641831398 0.0972222238779068
1 0.4716145694255829 0.7486110925674438 0.01614583283662796 0.028703704476356506
1 0.5257812738418579 0.34398147463798523 0.01822916604578495 0.028703704476356506
0 0.44609373807907104 0.7527777552604675 0.03593749925494194 0.051851850003004074
1 0.44218748807907104 0.832870364189148 0.01666666753590107 0.026851851493120193
1 0.7104166746139526 0.3601851761341095 0.01770833320915699 0.024074073880910873
1 0.6067708134651184 0.6842592358589172 0.01770833320915699 0.029629629105329514
0 0.5190104246139526 0.3236111104488373 0.0338541679084301 0.08055555820465088
3 0.34296876192092896 0.6902777552604675 0.04322916641831398 0.12129629403352737
0 0.7091146111488342 0.33564814925193787 0.02968749962747097 0.07500000298023224
0 0.4515624940395355 0.852314829826355 0.03541666641831398 0.06388889253139496
3 0.3255208432674408 0.6310185194015503 0.03229166567325592 0.125
0 0.484375 0.7393518686294556 0.0416666679084301 0.05462963134050369
0 0.7244791388511658 0.5597222447395325 0.03125 0.07500000298023224
0 0.6158854365348816 0.7004629373550415 0.04531250149011612 0.08796296268701553