1 0.36276042461395264 0.7833333611488342 0.01822916604578495 0.031481482088565826
1 0.39505207538604736 0.6689814925193787 0.02031249925494194 0.028703704476356506
0 0.3460937440395355 0.7583333253860474 0.0234375 0.03333333507180214
1 0.5341145992279053 0.8736110925674438 0.01718750037252903 0.023148147389292717
3 0.3984375 0.6828703880310059 0.05520833283662796 0.10092592239379883
1 0.6674479246139526 0.7314814925193787 0.015104166232049465 0.02777777798473835
0 0.35364583134651184 0.7837963104248047 0.04062499850988388 0.10092592239379883
1 0.33671873807907104 0.28796297311782837 0.015104166232049465 0.031481482088565826
0 0.40234375 0.6675925850868225 0.0546875 0.10370370000600815
0 0.5153645873069763 0.8805555701255798 0.0234375 0.035185184329748154
1 0.4351562559604645 0.8592592477798462 0.01822916604578495 0.029629629105329514
1 0.40052083134651184 0.8374999761581421 0.01770833320915699 0.028703704476356506
1 0.6372395753860474 0.7856481671333313 0.01718750037252903 0.028703704476356506
1 0.6208333373069763 0.7481481432914734 0.01666666753590107 0.029629629105329514
0 0.4403645694255829 0.8800926208496094 0.02656250074505806 0.06574074178934097
1 0.42265623807907104 0.6490740776062012 0.015104166232049465 0.029629629105329514
0 0.3268229067325592 0.2986111044883728 0.04010416567325592 0.08425925672054291
3 0.3531250059604645 0.7805555462837219 0.04270833358168602 0.10000000149011612
0 0.32369792461395264 0.7185184955596924 0.02968749962747097 0.05000000074505806
0 0.36145833134651184 0.7939814925193787 0.02500000037252903 0.06018518656492233
1 0.6005208492279053 0.2699074149131775 0.01979166641831398 0.034259259700775146
0 0.39010417461395264 0.6907407641410828 0.03541666641831398 0.07777778059244156
0 0.4091145694255829 0.8500000238418579 0.03489583358168602 0.05740740895271301
0 0.4098958373069763 0.6342592835426331 0.04479166492819786 0.06296296417713165
0 0.6315104365348816 0.8032407164573669 0.03697916492819786 0.07500000298023224
0 0.6312500238418579 0.7291666865348816 0.03958333283662796 0.06759259104728699
0 0.6770833134651184 0.7208333611488342 0.03229166567325592 0.06759259104728699
0 0.6138020753860474 0.2611111104488373 0.04843749850988388 0.06296296417713165