0 0.32175925374031067 0.2425314486026764 0.037962961941957474 0.027515722438693047
3 0.6222222447395325 0.3553459048271179 0.06111111119389534 0.06132075563073158
1 0.08055555820465088 0.42570754885673523 0.035185184329748154 0.01808176189661026
0 0.49444442987442017 0.24646227061748505 0.04259259253740311 0.02437106892466545
0 0.3620370328426361 0.2904874086380005 0.04259259253740311 0.03537735715508461
1 0.4027777910232544 0.5782232880592346 0.03333333507180214 0.025943396613001823
0 0.26944443583488464 0.2936320900917053 0.040740739554166794 0.02437106892466545
1 0.3643518388271332 0.29520440101623535 0.026851851493120193 0.021226415410637856
4 0.34675925970077515 0.3616352081298828 0.07500000298023224 0.05503144487738609
3 0.32685184478759766 0.26690250635147095 0.07222222536802292 0.0762578621506691
3 0.5074074268341064 0.28144654631614685 0.08518518507480621 0.039308175444602966
0 0.23379629850387573 0.3404088020324707 0.03981481492519379 0.03144654259085655
1 0.5712962746620178 0.321540892124176 0.025925925001502037 0.01886792480945587
0 0.4967592656612396 0.28066039085388184 0.0694444477558136 0.03616352379322052
1 0.32175925374031067 0.23860062658786774 0.03055555559694767 0.021226415410637856
1 0.447685182094574 0.22562892735004425 0.028703704476356506 0.022012578323483467
0 0.47777777910232544 0.23506289720535278 0.08148147910833359 0.04559748247265816
1 0.36759260296821594 0.35141509771347046 0.02777777798473835 0.020440252497792244
3 0.5689814686775208 0.2995283007621765 0.04537037014961243 0.07075471431016922
1 0.11064814776182175 0.3121069073677063 0.032407406717538834 0.026729559525847435
1 0.8407407402992249 0.499213844537735 0.031481482088565826 0.020440252497792244
1 0.07777778059244156 0.46069180965423584 0.03333333507180214 0.025157231837511063
1 0.3194444477558136 0.5251572132110596 0.03888889029622078 0.025157231837511063
1 0.5416666865348816 0.2838050425052643 0.024074073880910873 0.020440252497792244
1 0.42222222685813904 0.5750786066055298 0.031481482088565826 0.032232705503702164
1 0.8055555820465088 0.5471698045730591 0.031481482088565826 0.020440252497792244
1 0.6037036776542664 0.3333333432674408 0.02777777798473835 0.020440252497792244
1 0.8393518328666687 0.4371069073677063 0.032407406717538834 0.020440252497792244
1 0.2074074000120163 0.3683176040649414 0.031481482088565826 0.02437106892466545
1 0.15601852536201477 0.5220125913619995 0.03055555559694767 0.02358490601181984
0 0.782870352268219 0.5672169923782349 0.07870370149612427 0.06053459271788597
0 0.14861111342906952 0.5007861852645874 0.05833333358168602 0.06603773683309555
0 0.39120370149612427 0.5766509175300598 0.09166666865348816 0.049528300762176514
0 0.845370352268219 0.4583333432674408 0.05925925821065903 0.06446541100740433
0 0.6222222447395325 0.3537735939025879 0.06296296417713165 0.06132075563073158
0 0.31203705072402954 0.5035377144813538 0.06296296417713165 0.07311321049928665
0 0.22268518805503845 0.39347484707832336 0.06759259104728699 0.07154087722301483
0 0.08425925672054291 0.4441823959350586 0.06296296417713165 0.06603773683309555
0 0.12129629403352737 0.32311320304870605 0.07037036865949631 0.05817610025405884