1 0.4528645873069763 0.8046296238899231 0.010937499813735485 0.020370369777083397
1 0.5135416388511658 0.6865741014480591 0.012500000186264515 0.02500000037252903
0 0.4554687440395355 0.5759259462356567 0.02447916753590107 0.03703703731298447
1 0.4533854126930237 0.6018518805503845 0.010937499813735485 0.01666666753590107
3 0.4651041626930237 0.5564814805984497 0.03958333283662796 0.07222222536802292
1 0.5033854246139526 0.5856481194496155 0.01197916641831398 0.01944444514811039
1 0.551562488079071 0.30694442987442017 0.01354166679084301 0.02500000037252903
0 0.4752604067325592 0.5393518805503845 0.02239583246409893 0.037962961941957474
0 0.4697916805744171 0.8152777552604675 0.02083333395421505 0.028703704476356506
0 0.4554687440395355 0.6254629492759705 0.0234375 0.06759259104728699
0 0.5132812261581421 0.7976852059364319 0.0234375 0.0416666679084301
1 0.3942708373069763 0.7486110925674438 0.010416666977107525 0.021296296268701553
0 0.44192707538604736 0.8037037253379822 0.02656250074505806 0.029629629105329514
0 0.5596354007720947 0.3087962865829468 0.02968749962747097 0.04722222313284874
0 0.6234375238418579 0.4643518626689911 0.03333333507180214 0.05648148059844971
0 0.3580729067325592 0.47175925970077515 0.0234375 0.06574074178934097
0 0.504687488079071 0.6949074268341064 0.03125 0.049074072390794754
0 0.4033854305744171 0.7365740537643433 0.0338541679084301 0.05648148059844971
0 0.5122395753860474 0.5967592597007751 0.0338541679084301 0.05462963134050369