0 0.4085937440395355 0.7541666626930237 0.02447916753590107 0.06574074178934097
1 0.4533854126930237 0.6101852059364319 0.013020833022892475 0.02222222276031971
1 0.5697916746139526 0.7509258985519409 0.014583333395421505 0.02222222276031971
1 0.5145833492279053 0.6847222447395325 0.010416666977107525 0.01944444514811039
0 0.46927082538604736 0.8162037134170532 0.02291666716337204 0.03055555559694767
0 0.41223958134651184 0.7754629850387573 0.02031249925494194 0.037962961941957474
0 0.5794270634651184 0.7583333253860474 0.02968749962747097 0.05000000074505806
1 0.40312498807907104 0.75 0.012500000186264515 0.018518518656492233
0 0.625781238079071 0.40925925970077515 0.02552083320915699 0.0555555559694767
0 0.4052083194255829 0.7347221970558167 0.02395833283662796 0.05648148059844971
0 0.5028645992279053 0.7749999761581421 0.03177083283662796 0.035185184329748154
0 0.4554687440395355 0.6263889074325562 0.02135416679084301 0.06388889253139496
0 0.3544270694255829 0.48750001192092896 0.02447916753590107 0.06018518656492233
0 0.4700520932674408 0.5574073791503906 0.01822916604578495 0.051851850003004074
0 0.3656249940395355 0.4268518388271332 0.02395833283662796 0.051851850003004074
0 0.44348958134651184 0.5625 0.02968749962747097 0.043518517166376114
0 0.5067708492279053 0.6930555701255798 0.03125 0.049074072390794754