0 0.3903645873069763 0.5874999761581421 0.04322916641831398 0.07500000298023224
0 0.38854166865348816 0.5263888835906982 0.02604166604578495 0.05648148059844971
1 0.6544271111488342 0.6879629492759705 0.01718750037252903 0.025925925001502037
1 0.3786458373069763 0.8333333134651184 0.014583333395421505 0.02777777798473835
1 0.33802083134651184 0.7527777552604675 0.01666666753590107 0.025925925001502037
1 0.5755208134651184 0.8152777552604675 0.01875000074505806 0.028703704476356506
1 0.40833333134651184 0.18101851642131805 0.014583333395421505 0.03055555559694767
1 0.6252604126930237 0.7537037134170532 0.01614583283662796 0.02777777798473835
1 0.4320312440395355 0.8263888955116272 0.013020833022892475 0.02500000037252903
0 0.40312498807907104 0.4722222089767456 0.03125 0.05370370298624039
3 0.3893229067325592 0.5601851940155029 0.0442708320915699 0.12962962687015533
3 0.3973958194255829 0.49861112236976624 0.04270833358168602 0.09537036716938019
1 0.44869792461395264 0.17546296119689941 0.01822916604578495 0.03055555559694767
1 0.5653645992279053 0.1893518567085266 0.015104166232049465 0.028703704476356506
0 0.5705729126930237 0.7884259223937988 0.02656250074505806 0.07314814627170563
0 0.3877604305744171 0.8356481194496155 0.03489583358168602 0.04537037014961243
0 0.31041666865348816 0.6986111402511597 0.02083333395421505 0.06018518656492233
0 0.34166666865348816 0.770370364189148 0.03229166567325592 0.06851851940155029
0 0.39505207538604736 0.18472221493721008 0.03489583358168602 0.05277777835726738
0 0.4385416805744171 0.18425926566123962 0.03854166716337204 0.05740740895271301
0 0.4440104067325592 0.8125 0.03593749925494194 0.06388889253139496
0 0.6338541507720947 0.7412037253379822 0.0364583320915699 0.06388889253139496
0 0.659375011920929 0.668055534362793 0.03229166567325592 0.07129629701375961
0 0.5552083253860474 0.1796296238899231 0.03854166716337204 0.06296296417713165