1 0.4674479067325592 0.6504629850387573 0.015104166232049465 0.032407406717538834
1 0.4216145873069763 0.7842592597007751 0.015104166232049465 0.025925925001502037
0 0.48229166865348816 0.7208333611488342 0.03020833246409893 0.07129629701375961
3 0.4598958194255829 0.6509259343147278 0.06145833432674408 0.07592592388391495
1 0.6578124761581421 0.22870370745658875 0.01666666753590107 0.024074073880910873
1 0.5252603888511658 0.3421296179294586 0.01927083358168602 0.03055555559694767
1 0.6533854007720947 0.22175925970077515 0.01927083358168602 0.032407406717538834
1 0.5286458134651184 0.8583333492279053 0.014583333395421505 0.02777777798473835
1 0.4609375 0.7833333611488342 0.015625 0.02777777798473835
1 0.44218748807907104 0.8333333134651184 0.015625 0.025925925001502037
0 0.43281251192092896 0.7842592597007751 0.0364583320915699 0.03888889029622078
3 0.4117187559604645 0.6625000238418579 0.03072916716337204 0.14351852238178253
1 0.39375001192092896 0.7939814925193787 0.02083333395421505 0.032407406717538834
1 0.6244791746139526 0.8069444298744202 0.015625 0.03055555559694767
0 0.45364582538604736 0.6481481194496155 0.046875 0.05925925821065903
1 0.7203124761581421 0.5685185194015503 0.01770833320915699 0.025925925001502037
0 0.39791667461395264 0.800000011920929 0.03333333507180214 0.051851850003004074
3 0.4856770932674408 0.6888889074325562 0.03593749925494194 0.1111111119389534
0 0.610156238079071 0.7990740537643433 0.04218750074505806 0.05370370298624039
0 0.4153645932674408 0.7074074149131775 0.02864583395421505 0.07037036865949631
0 0.47343748807907104 0.7745370268821716 0.03854166716337204 0.04722222313284874
0 0.40963542461395264 0.6277777552604675 0.02864583395421505 0.07777778059244156
0 0.49036458134651184 0.6703703999519348 0.02552083320915699 0.07407407462596893
0 0.4515624940395355 0.8532407283782959 0.03541666641831398 0.06574074178934097
0 0.5192708373069763 0.3231481611728668 0.03437500074505806 0.08148147910833359
0 0.7216145992279053 0.5504629611968994 0.02968749962747097 0.08425925672054291
0 0.6580728888511658 0.21157407760620117 0.03593749925494194 0.06759259104728699