1 0.6200520992279053 0.5319444537162781 0.01927083358168602 0.023148147389292717
3 0.6122395992279053 0.522685170173645 0.0546875 0.1101851835846901
3 0.6119791865348816 0.25833332538604736 0.0520833320915699 0.06851851940155029
1 0.33385416865348816 0.720370352268219 0.01666666753590107 0.025925925001502037
1 0.3752604126930237 0.7810184955596924 0.01822916604578495 0.02500000037252903
1 0.4638020694255829 0.46388888359069824 0.01614583283662796 0.029629629105329514
1 0.6083333492279053 0.2759259343147278 0.014583333395421505 0.02777777798473835
1 0.5335937738418579 0.5143518447875977 0.01718750037252903 0.028703704476356506
1 0.6184895634651184 0.5476852059364319 0.01614583283662796 0.026851851493120193
0 0.5997396111488342 0.25833332538604736 0.02968749962747097 0.06666667014360428
1 0.36015623807907104 0.2750000059604645 0.015104166232049465 0.029629629105329514
1 0.2890625 0.5611110925674438 0.01666666753590107 0.029629629105329514
0 0.6260416507720947 0.2537037134170532 0.03333333507180214 0.04814814776182175
1 0.3401041626930237 0.6296296119689941 0.015625 0.02777777798473835
1 0.4856770932674408 0.24861110746860504 0.01718750037252903 0.028703704476356506
0 0.6244791746139526 0.5032407641410828 0.02708333358168602 0.0694444477558136
0 0.4749999940395355 0.23287037014961243 0.04479166492819786 0.06759259104728699
0 0.6039062738418579 0.5578703880310059 0.04010416567325592 0.03981481492519379
0 0.5257812738418579 0.4962962865829468 0.04010416567325592 0.07037036865949631
0 0.46302083134651184 0.47777777910232544 0.02812499925494194 0.07962962985038757
0 0.3760416805744171 0.7962962985038757 0.03229166567325592 0.06481481343507767
0 0.3502604067325592 0.6425926089286804 0.0390625 0.07037036865949631
0 0.33645832538604736 0.7314814925193787 0.03229166567325592 0.06481481343507767
0 0.37552082538604736 0.2680555582046509 0.04791666567325592 0.05833333358168602
0 0.296875 0.5490740537643433 0.04062499850988388 0.07222222536802292