1 0.3648437559604645 0.2726851999759674 0.02135416679084301 0.03055555559694767
0 0.3424479067325592 0.32407405972480774 0.0546875 0.10925926268100739
3 0.35885417461395264 0.30324074625968933 0.06145833432674408 0.11759259551763535
0 0.3854166567325592 0.7513889074325562 0.02812499925494194 0.07500000298023224
0 0.35338541865348816 0.29398149251937866 0.03072916716337204 0.06203703582286835
1 0.5583333373069763 0.5347222089767456 0.014583333395421505 0.026851851493120193
0 0.37291666865348816 0.255092591047287 0.02604166604578495 0.06203703582286835
1 0.6002604365348816 0.6574074029922485 0.01822916604578495 0.025925925001502037
1 0.37812501192092896 0.22870370745658875 0.01979166641831398 0.025925925001502037
1 0.5098958611488342 0.8476851582527161 0.01770833320915699 0.028703704476356506
1 0.5833333134651184 0.6583333611488342 0.014583333395421505 0.02777777798473835
3 0.39010417461395264 0.7740740776062012 0.03541666641831398 0.11296296119689941
1 0.32630208134651184 0.3601851761341095 0.01822916604578495 0.02777777798473835
1 0.5033854246139526 0.8810185194015503 0.01406249962747097 0.028703704476356506
1 0.38463541865348816 0.7287036776542664 0.01718750037252903 0.024074073880910873
1 0.6791666746139526 0.27731481194496155 0.01770833320915699 0.032407406717538834
0 0.32864582538604736 0.34166666865348816 0.02604166604578495 0.06481481343507767
0 0.48906248807907104 0.8796296119689941 0.03958333283662796 0.03888889029622078
0 0.39010417461395264 0.8078703880310059 0.03437500074505806 0.05277777835726738
0 0.5257812738418579 0.8439815044403076 0.04218750074505806 0.037962961941957474
0 0.3955729305744171 0.2083333283662796 0.03697916492819786 0.05925925821065903
0 0.565625011920929 0.667129635810852 0.0364583320915699 0.05092592537403107
0 0.35338541865348816 0.7439814805984497 0.03177083283662796 0.04722222313284874
0 0.6057291626930237 0.6328703761100769 0.02916666679084301 0.08055555820465088
0 0.6653645634651184 0.2796296179294586 0.04531250149011612 0.06481481343507767
3 0.3843750059604645 0.23240740597248077 0.05624999850988388 0.10925926268100739
0 0.5684896111488342 0.5208333134651184 0.04322916641831398 0.07129629701375961
3 0.3427083194255829 0.3231481611728668 0.05416666716337204 0.10925926268100739