1 0.4052083194255829 0.8013888597488403 0.014583333395421505 0.028703704476356506
1 0.04322916641831398 0.2967592477798462 0.01666666753590107 0.026851851493120193
1 0.6346353888511658 0.7277777791023254 0.01718750037252903 0.024074073880910873
1 0.6499999761581421 0.24351851642131805 0.015625 0.029629629105329514
1 0.015104166232049465 0.5259259343147278 0.01770833320915699 0.02777777798473835
1 0.38619792461395264 0.7972221970558167 0.01927083358168602 0.02777777798473835
1 0.04531250149011612 0.385185182094574 0.01770833320915699 0.025925925001502037
1 0.5981770753860474 0.8912037014961243 0.01822916604578495 0.028703704476356506
0 0.014322916977107525 0.1884259283542633 0.02864583395421505 0.03981481492519379
1 0.6299479007720947 0.22638888657093048 0.01718750037252903 0.03055555559694767
1 0.03541666641831398 0.22870370745658875 0.012500000186264515 0.02222222276031971
0 0.04505208507180214 0.3717592656612396 0.02552083320915699 0.07685185223817825
1 0.7151041626930237 0.37453705072402954 0.01770833320915699 0.028703704476356506
0 0.6572916507720947 0.25462964177131653 0.03020833246409893 0.04814814776182175
3 0.4320312440395355 0.7509258985519409 0.0651041641831398 0.09814814478158951
3 0.6739583611488342 0.28009259700775146 0.06145833432674408 0.10092592239379883
0 0.5054687261581421 0.9041666388511658 0.03489583358168602 0.05648148059844971
0 0.686718761920929 0.3037036955356598 0.03489583358168602 0.05740740895271301
0 0.01380208320915699 0.5074074268341064 0.02656250074505806 0.07962962985038757
0 0.5882812738418579 0.9009259343147278 0.04114583507180214 0.05370370298624039
0 0.4169270694255829 0.7884259223937988 0.0338541679084301 0.04722222313284874
0 0.3843750059604645 0.8157407641410828 0.03020833246409893 0.06851851940155029
0 0.04140625149011612 0.31296294927597046 0.0234375 0.06666667014360428
0 0.03098958358168602 0.24351851642131805 0.02968749962747097 0.0555555559694767
0 0.6161458492279053 0.22638888657093048 0.03854166716337204 0.05462963134050369
0 0.7213541865348816 0.39120370149612427 0.03229166567325592 0.07500000298023224
0 0.6354166865348816 0.7560185194015503 0.02708333358168602 0.08611111342906952
0 0.4479166567325592 0.7351852059364319 0.03437500074505806 0.07407407462596893