0 0.6240741014480591 0.31485849618911743 0.07592592388391495 0.032232705503702164
3 0.6203703880310059 0.3128930926322937 0.0833333358168602 0.03616352379322052
1 0.3055555522441864 0.3761792480945587 0.029629629105329514 0.021226415410637856
3 0.4662036895751953 0.37932389974594116 0.06574074178934097 0.06367924809455872
0 0.6439814567565918 0.313286155462265 0.032407406717538834 0.025943396613001823
0 0.6430555582046509 0.5656446814537048 0.06203703582286835 0.06367924809455872
0 0.4652777910232544 0.37932389974594116 0.0694444477558136 0.06525157392024994
1 0.32175925374031067 0.259040892124176 0.02500000037252903 0.021226415410637856
0 0.6032407283782959 0.3734276592731476 0.03611111268401146 0.025157231837511063
0 0.4523148238658905 0.35927674174308777 0.03981481492519379 0.026729559525847435
1 0.602314829826355 0.37067610025405884 0.03055555559694767 0.021226415410637856
1 0.45370370149612427 0.3596698045730591 0.03333333507180214 0.021226415410637856
1 0.32175925374031067 0.2838050425052643 0.034259259700775146 0.022012578323483467
1 0.5509259104728699 0.23860062658786774 0.029629629105329514 0.02437106892466545
3 0.5583333373069763 0.2861635088920593 0.06666667014360428 0.05503144487738609
1 0.6472222208976746 0.31485849618911743 0.025925925001502037 0.021226415410637856
1 0.40740740299224854 0.5821540951728821 0.03703703731298447 0.02437106892466545
1 0.08842592686414719 0.5031446814537048 0.034259259700775146 0.02358490601181984
1 0.24583333730697632 0.5247641801834106 0.032407406717538834 0.025943396613001823
1 0.15648147463798523 0.5621069073677063 0.031481482088565826 0.022012578323483467
0 0.6074073910713196 0.3958333432674408 0.05370370298624039 0.06839622557163239
1 0.1856481432914734 0.44143080711364746 0.034259259700775146 0.02279874123632908
0 0.5546296238899231 0.2830188572406769 0.05740740895271301 0.04716981202363968
1 0.5745370388031006 0.2991352081298828 0.028703704476356506 0.021226415410637856
1 0.49861112236976624 0.2720125913619995 0.026851851493120193 0.01886792480945587
1 0.37638887763023376 0.340015709400177 0.03055555559694767 0.021226415410637856
1 0.11388888955116272 0.3600628972053528 0.02777777798473835 0.026729559525847435
1 0.6620370149612427 0.5452044010162354 0.031481482088565826 0.02279874123632908
0 0.3046296238899231 0.3895440399646759 0.03888889029622078 0.05267295613884926
0 0.3245370388031006 0.3109276592731476 0.04722222313284874 0.07468553632497787
0 0.5824074149131775 0.23781447112560272 0.08148147910833359 0.03537735715508461
0 0.3560185134410858 0.2555031478404999 0.08425925672054291 0.034591194242239
0 0.4009259343147278 0.5542452931404114 0.05000000074505806 0.07389937341213226
0 0.23055554926395416 0.5055031180381775 0.07037036865949631 0.069182388484478
0 0.49074074625968933 0.2971698045730591 0.051851850003004074 0.06761006265878677
0 0.18611110746860504 0.4241352081298828 0.05740740895271301 0.062106918543577194
0 0.3768518567085266 0.32193395495414734 0.04814814776182175 0.06367924809455872
0 0.12777778506278992 0.3663522005081177 0.06296296417713165 0.050314463675022125
0 0.1476851850748062 0.544025182723999 0.05462963134050369 0.05974842607975006
0 0.09212963283061981 0.4854559600353241 0.05277777835726738 0.06682389974594116