3 0.6354166865348816 0.24120371043682098 0.05416666716337204 0.07314814627170563
1 0.6755208373069763 0.27453702688217163 0.01770833320915699 0.023148147389292717
0 0.6736978888511658 0.2888889014720917 0.0546875 0.08888889104127884
0 0.6473958492279053 0.2240740805864334 0.03333333507180214 0.05370370298624039
1 0.6380208134651184 0.2101851850748062 0.01354166679084301 0.025925925001502037
1 0.5309895873069763 0.7449073791503906 0.01718750037252903 0.026851851493120193
1 0.5611979365348816 0.7226851582527161 0.013020833022892475 0.026851851493120193
0 0.5158854126930237 0.5810185074806213 0.03072916716337204 0.10277777910232544
1 0.6312500238418579 0.6435185074806213 0.01666666753590107 0.02777777798473835
0 0.625781238079071 0.2532407343387604 0.0390625 0.049074072390794754
1 0.55859375 0.5347222089767456 0.015104166232049465 0.028703704476356506
3 0.5153645873069763 0.5787037014961243 0.03489583358168602 0.1111111119389534
1 0.4802083373069763 0.6138888597488403 0.01875000074505806 0.025925925001502037
0 0.5210937261581421 0.6000000238418579 0.02447916753590107 0.06851851940155029
1 0.31718748807907104 0.447685182094574 0.015625 0.02500000037252903
0 0.6864583492279053 0.3046296238899231 0.03020833246409893 0.06111111119389534
3 0.6742187738418579 0.28425925970077515 0.05677083507180214 0.0962962955236435
3 0.4947916567325592 0.5277777910232544 0.05520833283662796 0.09444444626569748
1 0.5210937261581421 0.6180555820465088 0.01718750037252903 0.023148147389292717
1 0.6138020753860474 0.2430555522441864 0.01614583283662796 0.028703704476356506
0 0.4828124940395355 0.5050926208496094 0.03125 0.05462963134050369
0 0.5713541507720947 0.7055555582046509 0.0364583320915699 0.06111111119389534
0 0.4765625 0.5925925970077515 0.02916666679084301 0.07222222536802292
0 0.542187511920929 0.7439814805984497 0.0416666679084301 0.037962961941957474
0 0.6401041746139526 0.6606481671333313 0.0364583320915699 0.06759259104728699
0 0.32369792461395264 0.427314817905426 0.0390625 0.08055555820465088
0 0.5690104365348816 0.5231481194496155 0.03802083432674408 0.06111111119389534