3 0.41979166865348816 0.2925925850868225 0.04583333432674408 0.07777778059244156
0 0.5843750238418579 0.3837963044643402 0.03125 0.10277777910232544
1 0.4632812440395355 0.7504629492759705 0.013020833022892475 0.026851851493120193
0 0.39010417461395264 0.23333333432674408 0.01770833320915699 0.031481482088565826
4 0.42890626192092896 0.3087962865829468 0.02968749962747097 0.049074072390794754
3 0.40156251192092896 0.2569444477558136 0.0364583320915699 0.0694444477558136
1 0.38880208134651184 0.23101851344108582 0.01406249962747097 0.023148147389292717
1 0.31432291865348816 0.47777777910232544 0.01718750037252903 0.02222222276031971
1 0.3981770873069763 0.6495370268821716 0.015104166232049465 0.023148147389292717
0 0.37578123807907104 0.6296296119689941 0.02656250074505806 0.040740739554166794
0 0.5794270634651184 0.364814817905426 0.02031249925494194 0.0555555559694767
1 0.36796873807907104 0.41296297311782837 0.01718750037252903 0.02222222276031971
0 0.5114583373069763 0.7833333611488342 0.02916666679084301 0.03333333507180214
1 0.5794270634651184 0.35046297311782837 0.01614583283662796 0.01944444514811039
1 0.6377604007720947 0.6439814567565918 0.01614583283662796 0.02500000037252903
0 0.4013020694255829 0.6703703999519348 0.02239583246409893 0.06666667014360428
0 0.592968761920929 0.41203704476356506 0.02656250074505806 0.05370370298624039
0 0.4541666805744171 0.7462962865829468 0.03437500074505806 0.03888889029622078
3 0.586718738079071 0.38842591643333435 0.03593749925494194 0.10648148506879807
0 0.37187498807907104 0.3888888955116272 0.02291666716337204 0.07222222536802292
0 0.3140625059604645 0.4958333373069763 0.02187499962747097 0.06759259104728699
0 0.6408854126930237 0.6212962865829468 0.02552083320915699 0.07037036865949631