1 0.6348958611488342 0.7777777910232544 0.015625 0.024074073880910873
1 0.34062498807907104 0.7472222447395325 0.02291666716337204 0.025925925001502037
1 0.3278645873069763 0.7277777791023254 0.02135416679084301 0.02777777798473835
0 0.6450520753860474 0.7870370149612427 0.02864583395421505 0.05370370298624039
1 0.6877604126930237 0.34351852536201477 0.01614583283662796 0.02222222276031971
1 0.49531251192092896 0.8407407402992249 0.01666666753590107 0.02777777798473835
1 0.4338541626930237 0.8606481552124023 0.01770833320915699 0.03055555559694767
0 0.4398437440395355 0.8800926208496094 0.0234375 0.06018518656492233
3 0.6424478888511658 0.7689814567565918 0.03697916492819786 0.10462962836027145
1 0.6669270992279053 0.3018518388271332 0.01614583283662796 0.025925925001502037
1 0.3971354067325592 0.7763888835906982 0.015104166232049465 0.03055555559694767
0 0.6424478888511658 0.7541666626930237 0.03072916716337204 0.07129629701375961
0 0.36380207538604736 0.8018518686294556 0.02552083320915699 0.0555555559694767
1 0.4065104126930237 0.6537036895751953 0.01614583283662796 0.029629629105329514
0 0.4085937440395355 0.8486111164093018 0.03489583358168602 0.05648148059844971
0 0.6148437261581421 0.8175926208496094 0.02968749962747097 0.04444444552063942
0 0.3229166567325592 0.7175925970077515 0.02500000037252903 0.051851850003004074
0 0.38489583134651184 0.7634259462356567 0.03958333283662796 0.06759259104728699
0 0.69140625 0.3560185134410858 0.02864583395421505 0.06388889253139496
0 0.6630208492279053 0.2736110985279083 0.03229166567325592 0.07685185223817825
3 0.35364583134651184 0.779629647731781 0.04791666567325592 0.09444444626569748
0 0.3179687559604645 0.3273148238658905 0.03072916716337204 0.06018518656492233
0 0.3997395932674408 0.6370370388031006 0.0390625 0.07962962985038757