0 0.5260416865348816 0.8814814686775208 0.02395833283662796 0.04259259253740311
0 0.5723958611488342 0.15648147463798523 0.03437500074505806 0.031481482088565826
1 0.34375 0.3152777850627899 0.01666666753590107 0.021296296268701553
1 0.5533854365348816 0.1537037044763565 0.015104166232049465 0.031481482088565826
1 0.4723958373069763 0.1527777761220932 0.01354166679084301 0.02777777798473835
1 0.5119791626930237 0.15138888359069824 0.015625 0.026851851493120193
1 0.3919270932674408 0.2587963044643402 0.01822916604578495 0.032407406717538834
1 0.5492187738418579 0.5217592716217041 0.01718750037252903 0.034259259700775146
0 0.5255208611488342 0.1458333283662796 0.03854166716337204 0.037962961941957474
1 0.5763021111488342 0.19398148357868195 0.015104166232049465 0.03055555559694767
1 0.5169270634651184 0.6083333492279053 0.01614583283662796 0.02777777798473835
1 0.5541666746139526 0.8763889074325562 0.015625 0.026851851493120193
1 0.421875 0.2717592716217041 0.01979166641831398 0.03055555559694767
1 0.699999988079071 0.3532407283782959 0.01770833320915699 0.026851851493120193
0 0.44921875 0.1648148149251938 0.02864583395421505 0.04259259253740311
0 0.4169270694255829 0.2560185194015503 0.03072916716337204 0.07500000298023224
0 0.5565103888511658 0.8652777671813965 0.02135416679084301 0.05277777835726738
0 0.5901041626930237 0.19861111044883728 0.04062499850988388 0.03981481492519379
0 0.4830729067325592 0.1476851850748062 0.03281249850988388 0.0416666679084301
0 0.38593751192092896 0.2828703820705414 0.03125 0.07870370149612427
0 0.3427083194255829 0.30000001192092896 0.02916666679084301 0.05740740895271301
0 0.5151041746139526 0.5856481194496155 0.03229166567325592 0.09166666865348816
0 0.690625011920929 0.3351851999759674 0.0416666679084301 0.07407407462596893
0 0.561718761920929 0.5324074029922485 0.05260416492819786 0.07222222536802292