1 0.32760417461395264 0.7259259223937988 0.01875000074505806 0.025925925001502037
1 0.5328124761581421 0.8754629492759705 0.01666666753590107 0.02500000037252903
1 0.44218748807907104 0.8550925850868225 0.02083333395421505 0.028703704476356506
1 0.4346354305744171 0.8574073910713196 0.01614583283662796 0.031481482088565826
1 0.6893228888511658 0.3523148000240326 0.01718750037252903 0.026851851493120193
0 0.5138021111488342 0.4402777850627899 0.03489583358168602 0.14166666567325592
1 0.4789062440395355 0.14305555820465088 0.01822916604578495 0.034259259700775146
0 0.4111979305744171 0.8462963104248047 0.03177083283662796 0.04814814776182175
0 0.4830729067325592 0.13750000298023224 0.05677083507180214 0.05648148059844971
0 0.4398437440395355 0.8782407641410828 0.02656250074505806 0.0694444477558136
0 0.3226562440395355 0.7074074149131775 0.0338541679084301 0.06851851940155029
1 0.40182292461395264 0.6532407402992249 0.01718750037252903 0.026851851493120193
0 0.5143229365348816 0.4138889014720917 0.02656250074505806 0.08148147910833359
1 0.6299479007720947 0.7032407522201538 0.01927083358168602 0.028703704476356506
0 0.4635416567325592 0.14537036418914795 0.03854166716337204 0.046296294778585434
1 0.4658854305744171 0.3958333432674408 0.01822916604578495 0.02500000037252903
1 0.40572917461395264 0.8393518328666687 0.01770833320915699 0.028703704476356506
0 0.3414062559604645 0.760185182094574 0.02447916753590107 0.04259259253740311
0 0.49401041865348816 0.13703703880310059 0.03072916716337204 0.046296294778585434
0 0.5140625238418579 0.4851851761341095 0.03333333507180214 0.07592592388391495
0 0.692187488079071 0.36574074625968933 0.03020833246409893 0.07962962985038757
0 0.6283854246139526 0.6796296238899231 0.03281249850988388 0.09259258955717087
0 0.46666666865348816 0.4175925850868225 0.03020833246409893 0.09444444626569748
0 0.39895832538604736 0.6291666626930237 0.03541666641831398 0.09166666865348816