0 0.6468750238418579 0.25648146867752075 0.0520833320915699 0.07777778059244156
3 0.7018229365348816 0.47962963581085205 0.02864583395421505 0.12777778506278992
1 0.32760417461395264 0.6731481552124023 0.01666666753590107 0.029629629105329514
3 0.6421874761581421 0.255092591047287 0.05312500149011612 0.07870370149612427
3 0.625781238079071 0.31712964177131653 0.04114583507180214 0.1120370402932167
1 0.5979166626930237 0.18518517911434174 0.015625 0.025925925001502037
1 0.6981770992279053 0.41990742087364197 0.01614583283662796 0.028703704476356506
0 0.6364583373069763 0.23240740597248077 0.02708333358168602 0.051851850003004074
1 0.699999988079071 0.4902777671813965 0.015625 0.021296296268701553
1 0.5171874761581421 0.6847222447395325 0.01666666753590107 0.026851851493120193
3 0.3322916626930237 0.6699073910713196 0.03854166716337204 0.10833333432674408
0 0.6276041865348816 0.32499998807907104 0.03125 0.08518518507480621
1 0.4739583432674408 0.49537035822868347 0.015625 0.02777777798473835
0 0.620312511920929 0.28148147463798523 0.0416666679084301 0.040740739554166794
1 0.32109373807907104 0.6300926208496094 0.015104166232049465 0.026851851493120193
1 0.6343749761581421 0.35555556416511536 0.01770833320915699 0.02777777798473835
1 0.58984375 0.3430555462837219 0.01614583283662796 0.028703704476356506
0 0.33151042461395264 0.6370370388031006 0.03281249850988388 0.04814814776182175
0 0.6041666865348816 0.19074073433876038 0.02604166604578495 0.051851850003004074
0 0.7026041746139526 0.5115740895271301 0.02604166604578495 0.07129629701375961
0 0.7018229365348816 0.44305557012557983 0.02864583395421505 0.07314814627170563
0 0.3343749940395355 0.6902777552604675 0.03020833246409893 0.06759259104728699
0 0.659375011920929 0.27222222089767456 0.02708333358168602 0.05370370298624039
0 0.4651041626930237 0.5138888955116272 0.03750000149011612 0.07407407462596893
0 0.512499988079071 0.7083333134651184 0.0364583320915699 0.08518518507480621
0 0.5778645873069763 0.33101850748062134 0.04010416567325592 0.06203703582286835