1 0.44999998807907104 0.8518518805503845 0.01770833320915699 0.031481482088565826
1 0.4971354305744171 0.8425925970077515 0.02031249925494194 0.029629629105329514
1 0.42005208134651184 0.17916665971279144 0.015104166232049465 0.028703704476356506
1 0.44609373807907104 0.34583333134651184 0.01718750037252903 0.028703704476356506
1 0.3580729067325592 0.38425925374031067 0.01406249962747097 0.02777777798473835
1 0.3708333373069763 0.552314817905426 0.014583333395421505 0.03055555559694767
1 0.359375 0.6138888597488403 0.015625 0.025925925001502037
1 0.30416667461395264 0.46203702688217163 0.014583333395421505 0.02222222276031971
1 0.3817708194255829 0.8300926089286804 0.015625 0.03055555559694767
1 0.4466145932674408 0.8726851940155029 0.01822916604578495 0.03055555559694767
0 0.6809895634651184 0.45509257912635803 0.0234375 0.06574074178934097
0 0.667187511920929 0.39537036418914795 0.02916666679084301 0.05740740895271301
0 0.49427083134651184 0.8259259462356567 0.03020833246409893 0.07407407462596893
0 0.4401041567325592 0.3620370328426361 0.03125 0.07962962985038757
0 0.43411457538604736 0.8550925850868225 0.05260416492819786 0.07500000298023224
0 0.30260416865348816 0.47592592239379883 0.02916666679084301 0.06851851940155029
0 0.3695312440395355 0.8185185194015503 0.0390625 0.06111111119389534
0 0.6231771111488342 0.2680555582046509 0.02968749962747097 0.05648148059844971
0 0.34765625 0.6282407641410828 0.04218750074505806 0.06203703582286835
0 0.3479166626930237 0.39351850748062134 0.04062499850988388 0.06666667014360428
0 0.38463541865348816 0.5560185313224792 0.04843749850988388 0.06388889253139496
0 0.4325520694255829 0.17129629850387573 0.04218750074505806 0.05740740895271301