1 0.3763020932674408 0.7805555462837219 0.01718750037252903 0.029629629105329514
0 0.6208333373069763 0.6472222208976746 0.02812499925494194 0.06296296417713165
1 0.6263020634651184 0.6305555701255798 0.01718750037252903 0.02777777798473835
1 0.571093738079071 0.7337962985038757 0.01406249962747097 0.03055555559694767
1 0.328125 0.7194444537162781 0.015625 0.025925925001502037
1 0.4075520932674408 0.7685185074806213 0.01927083358168602 0.02777777798473835
3 0.6380208134651184 0.6601851582527161 0.06562499701976776 0.07777778059244156
3 0.6135416626930237 0.6736111044883728 0.03854166716337204 0.11388888955116272
0 0.6098958253860474 0.7013888955116272 0.03125 0.06388889253139496
1 0.28984373807907104 0.5560185313224792 0.01822916604578495 0.026851851493120193
1 0.5406249761581421 0.18379630148410797 0.01666666753590107 0.03055555559694767
0 0.4247395694255829 0.8277778029441833 0.03177083283662796 0.046296294778585434
0 0.3635416626930237 0.21990740299224854 0.03125 0.05648148059844971
0 0.40182292461395264 0.7467592358589172 0.03177083283662796 0.07500000298023224
0 0.653124988079071 0.667129635810852 0.03854166716337204 0.05277777835726738
0 0.32343751192092896 0.7018518447875977 0.03125 0.07037036865949631
0 0.53125 0.19305555522441864 0.03958333283662796 0.06574074178934097
0 0.36666667461395264 0.7689814567565918 0.03541666641831398 0.05833333358168602
0 0.5575520992279053 0.7439814805984497 0.04322916641831398 0.05648148059844971
0 0.2901041805744171 0.5319444537162781 0.02812499925494194 0.08425925672054291