0 0.5690104365348816 0.7805555462837219 0.02447916753590107 0.03703703731298447
3 0.5606771111488342 0.7759259343147278 0.05260416492819786 0.0555555559694767
1 0.46822917461395264 0.36759260296821594 0.01666666753590107 0.02777777798473835
1 0.5536458492279053 0.8412036895751953 0.01666666753590107 0.028703704476356506
1 0.4515624940395355 0.2240740805864334 0.01666666753590107 0.020370369777083397
1 0.5091145634651184 0.8587962985038757 0.015104166232049465 0.023148147389292717
0 0.4932291805744171 0.8666666746139526 0.04062499850988388 0.046296294778585434
0 0.5471354126930237 0.854629635810852 0.03177083283662796 0.04259259253740311
1 0.5166666507720947 0.7472222447395325 0.015625 0.025925925001502037
0 0.5963541865348816 0.8134258985519409 0.03229166567325592 0.049074072390794754
1 0.6760416626930237 0.5754629373550415 0.01875000074505806 0.02500000037252903
1 0.484375 0.7847222089767456 0.014583333395421505 0.028703704476356506
1 0.546093761920929 0.7879629731178284 0.01614583283662796 0.024074073880910873
1 0.4593749940395355 0.3921296298503876 0.015625 0.02500000037252903
0 0.4528645873069763 0.19907407462596893 0.03072916716337204 0.06481481343507767
1 0.5768229365348816 0.28425925970077515 0.01614583283662796 0.02777777798473835
0 0.5419270992279053 0.7712963223457336 0.02552083320915699 0.05925925821065903
3 0.45494791865348816 0.2273148149251938 0.03177083283662796 0.11574073880910873
0 0.44739583134651184 0.38333332538604736 0.03958333283662796 0.051851850003004074
0 0.5104166865348816 0.7648147940635681 0.02604166604578495 0.06111111119389534
0 0.47213542461395264 0.792129635810852 0.0390625 0.049074072390794754
0 0.4580729305744171 0.2569444477558136 0.02447916753590107 0.05648148059844971
0 0.6752604246139526 0.5990740656852722 0.02656250074505806 0.07407407462596893
0 0.581250011920929 0.30324074625968933 0.03125 0.07685185223817825
0 0.4794270694255829 0.34768518805503845 0.03489583358168602 0.06388889253139496