0 0.5231770873069763 0.7546296119689941 0.03593749925494194 0.04259259253740311
1 0.557812511920929 0.782870352268219 0.01666666753590107 0.03055555559694767
1 0.5044270753860474 0.7699074149131775 0.01614583283662796 0.034259259700775146
1 0.4776041805744171 0.8518518805503845 0.015625 0.02777777798473835
0 0.5278645753860474 0.8115741014480591 0.02968749962747097 0.06388889253139496
1 0.5052083134651184 0.29907408356666565 0.01770833320915699 0.029629629105329514
0 0.4817708432674408 0.8513888716697693 0.02500000037252903 0.032407406717538834
1 0.6466146111488342 0.532870352268219 0.015104166232049465 0.03055555559694767
1 0.45755207538604736 0.48055556416511536 0.01718750037252903 0.02777777798473835
1 0.6614583134651184 0.39027777314186096 0.01770833320915699 0.02500000037252903
0 0.4906249940395355 0.789814829826355 0.03229166567325592 0.0555555559694767
1 0.41328126192092896 0.5712962746620178 0.01718750037252903 0.029629629105329514
1 0.4854166805744171 0.15601852536201477 0.01666666753590107 0.03055555559694767
0 0.5723958611488342 0.779629647731781 0.04374999925494194 0.05370370298624039
1 0.3947916626930237 0.8060185313224792 0.015625 0.02500000037252903
0 0.4976562559604645 0.317592591047287 0.0338541679084301 0.07962962985038757
3 0.5236979126930237 0.7879629731178284 0.03802083432674408 0.10740740597248077
0 0.6635416746139526 0.37037035822868347 0.03125 0.08148147910833359
0 0.4611979126930237 0.5004629492759705 0.02968749962747097 0.09351851791143417
0 0.6351562738418579 0.5231481194496155 0.0494791679084301 0.07222222536802292
0 0.40807291865348816 0.5509259104728699 0.03281249850988388 0.0833333358168602
0 0.47265625 0.1657407432794571 0.04322916641831398 0.0555555559694767
0 0.3843750059604645 0.7939814925193787 0.04062499850988388 0.06388889253139496