0 0.4765625 0.8152777552604675 0.01875000074505806 0.02500000037252903
1 0.46796876192092896 0.8106481432914734 0.01197916641831398 0.023148147389292717
1 0.49947917461395264 0.7587962746620178 0.01145833358168602 0.021296296268701553
1 0.42890626192092896 0.7587962746620178 0.013020833022892475 0.023148147389292717
1 0.49531251192092896 0.5046296119689941 0.01145833358168602 0.02222222276031971
1 0.6346353888511658 0.6819444298744202 0.00989583320915699 0.017592592164874077
1 0.4583333432674408 0.6060185432434082 0.01145833358168602 0.01944444514811039
0 0.4505208432674408 0.8125 0.02708333358168602 0.032407406717538834
0 0.4247395694255829 0.7527777552604675 0.02031249925494194 0.03888889029622078
0 0.4502604305744171 0.792129635810852 0.02239583246409893 0.06018518656492233
0 0.5127604007720947 0.7972221970558167 0.02239583246409893 0.03703703731298447
1 0.5158854126930237 0.3949074149131775 0.01614583283662796 0.021296296268701553
0 0.40052083134651184 0.7384259104728699 0.02395833283662796 0.04537037014961243
0 0.4908854067325592 0.7606481313705444 0.02864583395421505 0.0416666679084301
0 0.6075521111488342 0.7435185313224792 0.02239583246409893 0.040740739554166794
0 0.6239583492279053 0.6736111044883728 0.03333333507180214 0.05092592537403107
0 0.45390623807907104 0.6180555820465088 0.02760416641831398 0.05277777835726738
0 0.5169270634651184 0.4106481373310089 0.02239583246409893 0.06759259104728699
0 0.4867187440395355 0.5134259462356567 0.03281249850988388 0.05277777835726738