1 0.4559895694255829 0.8472222089767456 0.01614583283662796 0.02777777798473835
0 0.4114583432674408 0.8037037253379822 0.02500000037252903 0.031481482088565826
1 0.45703125 0.8032407164573669 0.015104166232049465 0.03055555559694767
1 0.6656249761581421 0.5925925970077515 0.01666666753590107 0.025925925001502037
1 0.5653645992279053 0.36250001192092896 0.01822916604578495 0.028703704476356506
1 0.3075520694255829 0.5587962865829468 0.01822916604578495 0.026851851493120193
1 0.6888020634651184 0.604629635810852 0.01822916604578495 0.02777777798473835
1 0.3216145932674408 0.6314814686775208 0.01927083358168602 0.025925925001502037
1 0.44192707538604736 0.4902777671813965 0.01718750037252903 0.028703704476356506
0 0.44713541865348816 0.8416666388511658 0.02968749962747097 0.03703703731298447
1 0.36145833134651184 0.5152778029441833 0.01770833320915699 0.026851851493120193
1 0.5221354365348816 0.15416666865348816 0.015104166232049465 0.03055555559694767
0 0.696093738079071 0.5907407402992249 0.03281249850988388 0.07407407462596893
0 0.3070312440395355 0.572685182094574 0.02968749962747097 0.06759259104728699
0 0.39010417461395264 0.7944444417953491 0.03437500074505806 0.04259259253740311
0 0.3229166567325592 0.6541666388511658 0.03437500074505806 0.07685185223817825
0 0.44479167461395264 0.5148147940635681 0.03541666641831398 0.08888889104127884
0 0.5731770992279053 0.38425925374031067 0.03593749925494194 0.09444444626569748
0 0.3708333373069763 0.529629647731781 0.0416666679084301 0.07222222536802292
0 0.66015625 0.6162037253379822 0.03072916716337204 0.08981481194496155
0 0.34453123807907104 0.2777777910232544 0.03593749925494194 0.06296296417713165
0 0.5080729126930237 0.1509259194135666 0.04531250149011612 0.05740740895271301