0 0.42630207538604736 0.8495370149612427 0.02656250074505806 0.03055555559694767
1 0.6463541388511658 0.6087962985038757 0.01770833320915699 0.028703704476356506
1 0.6463541388511658 0.7231481671333313 0.01666666753590107 0.025925925001502037
1 0.49036458134651184 0.5222222208976746 0.01718750037252903 0.031481482088565826
1 0.48385417461395264 0.2898148000240326 0.01875000074505806 0.031481482088565826
1 0.5963541865348816 0.24953703582286835 0.01666666753590107 0.03055555559694767
1 0.625781238079071 0.512499988079071 0.01614583283662796 0.03055555559694767
1 0.6098958253860474 0.5583333373069763 0.015625 0.031481482088565826
1 0.30000001192092896 0.442592591047287 0.015625 0.02777777798473835
1 0.3140625059604645 0.6898148059844971 0.01666666753590107 0.029629629105329514
1 0.4664062559604645 0.3949074149131775 0.01614583283662796 0.032407406717538834
1 0.5166666507720947 0.16805554926395416 0.01666666753590107 0.032407406717538834
1 0.6666666865348816 0.3847222328186035 0.01770833320915699 0.023148147389292717
0 0.6388021111488342 0.6342592835426331 0.0338541679084301 0.07407407462596893
0 0.6536458134651184 0.7087963223457336 0.02916666679084301 0.06759259104728699
0 0.60546875 0.2699074149131775 0.03489583358168602 0.07500000298023224
0 0.6682291626930237 0.3662036955356598 0.02812499925494194 0.06018518656492233
0 0.5296875238418579 0.17499999701976776 0.04270833358168602 0.0555555559694767
0 0.31822916865348816 0.667129635810852 0.03229166567325592 0.08425925672054291
0 0.4963541626930237 0.27824074029922485 0.04479166492819786 0.06759259104728699
0 0.2893229126930237 0.4541666805744171 0.04114583507180214 0.07500000298023224
0 0.5 0.5078703761100769 0.04895833507180214 0.07314814627170563
0 0.4533854126930237 0.3837963044643402 0.0494791679084301 0.06203703582286835
0 0.6151041388511658 0.494907408952713 0.04583333432674408 0.07685185223817825
0 0.594531238079071 0.5712962746620178 0.04843749850988388 0.06666667014360428