0 0.49296873807907104 0.5708333253860474 0.03697916492819786 0.08425925672054291
1 0.4802083373069763 0.3092592656612396 0.01666666753590107 0.025925925001502037
1 0.3083333373069763 0.35092592239379883 0.01770833320915699 0.024074073880910873
1 0.4533854126930237 0.5245370268821716 0.01614583283662796 0.02500000037252903
1 0.3700520694255829 0.7365740537643433 0.01614583283662796 0.021296296268701553
1 0.5078125 0.5361111164093018 0.014583333395421505 0.02777777798473835
0 0.2955729067325592 0.38055557012557983 0.0338541679084301 0.06296296417713165
1 0.45260417461395264 0.5949074029922485 0.01770833320915699 0.02500000037252903
1 0.62890625 0.6194444298744202 0.01822916604578495 0.025925925001502037
1 0.48489582538604736 0.582870364189148 0.01354166679084301 0.023148147389292717
1 0.33385416865348816 0.5814814567565918 0.01354166679084301 0.020370369777083397
1 0.2916666567325592 0.39537036418914795 0.01770833320915699 0.025925925001502037
1 0.34166666865348816 0.5106481313705444 0.015625 0.02500000037252903
1 0.6127604246139526 0.40231481194496155 0.01406249962747097 0.02500000037252903
0 0.3098958432674408 0.33009257912635803 0.02500000037252903 0.07129629701375961
1 0.5208333134651184 0.32685184478759766 0.015625 0.02777777798473835
0 0.4971354305744171 0.5439814925193787 0.04114583507180214 0.04537037014961243
0 0.48489582538604736 0.6078703999519348 0.02500000037252903 0.07129629701375961
0 0.4505208432674408 0.6157407164573669 0.02812499925494194 0.07962962985038757
0 0.33411458134651184 0.5976851582527161 0.02864583395421505 0.07685185223817825
0 0.34817707538604736 0.49074074625968933 0.04010416567325592 0.07962962985038757
0 0.3700520694255829 0.7532407641410828 0.02656250074505806 0.07685185223817825
0 0.4828124940395355 0.3282407522201538 0.02708333358168602 0.08055555820465088
0 0.6205729246139526 0.41342592239379883 0.04010416567325592 0.0694444477558136
0 0.625 0.6421296000480652 0.03333333507180214 0.08055555820465088
0 0.4598958194255829 0.5083333253860474 0.03854166716337204 0.06666667014360428
0 0.5333333611488342 0.33379629254341125 0.04270833358168602 0.06203703582286835