3 0.3505208194255829 0.3412036895751953 0.03541666641831398 0.07870370149612427
1 0.3578124940395355 0.3231481611728668 0.01666666753590107 0.02777777798473835
1 0.645312488079071 0.5143518447875977 0.01875000074505806 0.023148147389292717
1 0.6520833373069763 0.44212964177131653 0.01666666753590107 0.02500000037252903
1 0.610156238079071 0.5916666388511658 0.015104166232049465 0.025925925001502037
1 0.33541667461395264 0.2717592716217041 0.014583333395421505 0.023148147389292717
0 0.3499999940395355 0.33981481194496155 0.03437500074505806 0.07407407462596893
1 0.3385416567325592 0.6027777791023254 0.015625 0.029629629105329514
1 0.6401041746139526 0.29814815521240234 0.01666666753590107 0.025925925001502037
1 0.5335937738418579 0.31388887763023376 0.01822916604578495 0.025925925001502037
1 0.35338541865348816 0.24027778208255768 0.01614583283662796 0.023148147389292717
1 0.3596354126930237 0.7736111283302307 0.013020833022892475 0.02500000037252903
0 0.6505208611488342 0.39722222089767456 0.02395833283662796 0.07037036865949631
0 0.2940104305744171 0.5995370149612427 0.02760416641831398 0.05462963134050369
0 0.65234375 0.4671296179294586 0.02552083320915699 0.06388889253139496
0 0.6429687738418579 0.317592591047287 0.02656250074505806 0.07777778059244156
0 0.34973958134651184 0.7652778029441833 0.03593749925494194 0.06018518656492233
0 0.3265624940395355 0.28842592239379883 0.03020833246409893 0.06018518656492233
0 0.3622395694255829 0.22453702986240387 0.0338541679084301 0.05092592537403107
0 0.32864582538604736 0.5939815044403076 0.03958333283662796 0.05462963134050369
0 0.600781261920929 0.6092592477798462 0.0390625 0.07037036865949631
0 0.5375000238418579 0.3351851999759674 0.02812499925494194 0.07777778059244156
0 0.6380208134651184 0.5351851582527161 0.03750000149011612 0.06666667014360428