0 0.46666666865348816 0.5074074268341064 0.02812499925494194 0.06111111119389534
0 0.4554687440395355 0.8333333134651184 0.01822916604578495 0.03703703731298447
1 0.44739583134651184 0.730555534362793 0.014583333395421505 0.02777777798473835
1 0.45494791865348816 0.15925925970077515 0.015104166232049465 0.02777777798473835
1 0.504687488079071 0.18009258806705475 0.01666666753590107 0.028703704476356506
1 0.4143229126930237 0.7560185194015503 0.015104166232049465 0.026851851493120193
1 0.4533854126930237 0.42500001192092896 0.01822916604578495 0.02222222276031971
1 0.5356770753860474 0.22453702986240387 0.01927083358168602 0.03055555559694767
0 0.4664062559604645 0.8305555582046509 0.03593749925494194 0.04444444552063942
3 0.4632812440395355 0.47083333134651184 0.04114583507180214 0.125
0 0.3984375 0.8064814805984497 0.03958333283662796 0.04444444552063942
0 0.4950520694255829 0.19722221791744232 0.03489583358168602 0.06111111119389534
0 0.49427083134651184 0.5675926208496094 0.03125 0.06111111119389534
0 0.4541666805744171 0.44490739703178406 0.02708333358168602 0.0824074074625969
0 0.4585937559604645 0.7444444298744202 0.0338541679084301 0.06111111119389534
3 0.48385417461395264 0.5425925850868225 0.05312500149011612 0.11666666716337204
0 0.42135417461395264 0.7435185313224792 0.03333333507180214 0.0555555559694767
0 0.4645833373069763 0.15555556118488312 0.03229166567325592 0.04444444552063942
0 0.5302083492279053 0.24583333730697632 0.03125 0.06574074178934097