1 0.45885416865348816 0.8069444298744202 0.015625 0.03055555559694767
0 0.3486979305744171 0.3263888955116272 0.03593749925494194 0.09537036716938019
0 0.3609375059604645 0.3087962865829468 0.03333333507180214 0.08055555820465088
1 0.3057291805744171 0.45277777314186096 0.01666666753590107 0.024074073880910873
1 0.39244791865348816 0.5300925970077515 0.01614583283662796 0.03055555559694767
1 0.5333333611488342 0.3092592656612396 0.01770833320915699 0.031481482088565826
1 0.3518229126930237 0.2856481373310089 0.01614583283662796 0.028703704476356506
1 0.6364583373069763 0.3569444417953491 0.01666666753590107 0.026851851493120193
1 0.30677083134651184 0.5393518805503845 0.01770833320915699 0.028703704476356506
0 0.3411458432674408 0.3430555462837219 0.02812499925494194 0.07314814627170563
1 0.3786458373069763 0.7180555462837219 0.01875000074505806 0.028703704476356506
1 0.3408854305744171 0.3592592477798462 0.015104166232049465 0.02777777798473835
1 0.6703125238418579 0.39444443583488464 0.01770833320915699 0.025925925001502037
1 0.45390623807907104 0.16111111640930176 0.01718750037252903 0.029629629105329514
0 0.3609375059604645 0.2430555522441864 0.02604166604578495 0.05277777835726738
0 0.30520832538604736 0.42824074625968933 0.03229166567325592 0.07129629701375961
0 0.44973957538604736 0.8333333134651184 0.03593749925494194 0.05000000074505806
0 0.4026041626930237 0.5476852059364319 0.04062499850988388 0.08796296268701553
0 0.3033854067325592 0.5212963223457336 0.0338541679084301 0.07962962985038757
0 0.5505208373069763 0.31111112236976624 0.05520833283662796 0.05740740895271301
0 0.672656238079071 0.41990742087364197 0.03177083283662796 0.09537036716938019
0 0.38098958134651184 0.7402777671813965 0.03489583358168602 0.08796296268701553
0 0.633593738079071 0.3305555582046509 0.03281249850988388 0.09259258955717087
0 0.4674479067325592 0.15324074029922485 0.0494791679084301 0.05462963134050369