1 0.5291666388511658 0.31388887763023376 0.01770833320915699 0.02777777798473835
1 0.5466145873069763 0.36851853132247925 0.01718750037252903 0.031481482088565826
1 0.6114583611488342 0.7888888716697693 0.01770833320915699 0.02777777798473835
1 0.5640624761581421 0.494907408952713 0.01666666753590107 0.028703704476356506
1 0.4794270694255829 0.30416667461395264 0.01614583283662796 0.026851851493120193
1 0.5268229246139526 0.46759259700775146 0.01614583283662796 0.029629629105329514
1 0.5169270634651184 0.16944444179534912 0.01614583283662796 0.031481482088565826
1 0.5075520873069763 0.7157407402992249 0.01614583283662796 0.029629629105329514
1 0.6731770634651184 0.4018518626689911 0.01927083358168602 0.029629629105329514
1 0.4242187440395355 0.18333333730697632 0.02031249925494194 0.031481482088565826
0 0.5322916507720947 0.36250001192092896 0.04791666567325592 0.04722222313284874
0 0.4895833432674408 0.2865740656852722 0.0364583320915699 0.06574074178934097
0 0.6703125238418579 0.42500001192092896 0.03020833246409893 0.07962962985038757
0 0.3947916626930237 0.4800925850868225 0.0364583320915699 0.07685185223817825
0 0.6166666746139526 0.7652778029441833 0.02916666679084301 0.07870370149612427
0 0.534375011920929 0.29212963581085205 0.02604166604578495 0.07314814627170563
0 0.571093738079071 0.47546297311782837 0.03281249850988388 0.07685185223817825
0 0.5145833492279053 0.48379629850387573 0.04062499850988388 0.06203703582286835
0 0.43281251192092896 0.8379629850387573 0.0364583320915699 0.06296296417713165
0 0.5044270753860474 0.16805554926395416 0.04322916641831398 0.04537037014961243
0 0.4244791567325592 0.2074074000120163 0.02812499925494194 0.0833333358168602
0 0.4924479126930237 0.706944465637207 0.04843749850988388 0.06018518656492233