0 0.6036458611488342 0.4185185134410858 0.03125 0.06111111119389534
3 0.4013020694255829 0.6694444417953491 0.02760416641831398 0.07222222536802292
3 0.4296875 0.2805555462837219 0.04270833358168602 0.06481481343507767
4 0.6036458611488342 0.4185185134410858 0.03125 0.06111111119389534
1 0.39635416865348816 0.6472222208976746 0.015625 0.02222222276031971
3 0.40963542461395264 0.6939814686775208 0.03177083283662796 0.125
1 0.3244791626930237 0.38333332538604736 0.014583333395421505 0.020370369777083397
1 0.42005208134651184 0.7421296238899231 0.013020833022892475 0.023148147389292717
0 0.41718751192092896 0.7222222089767456 0.01979166641831398 0.05925925821065903
1 0.5864583253860474 0.3722222149372101 0.014583333395421505 0.024074073880910873
1 0.38984376192092896 0.24120371043682098 0.01197916641831398 0.02500000037252903
0 0.3968749940395355 0.7453703880310059 0.02916666679084301 0.035185184329748154
3 0.40546876192092896 0.2537037134170532 0.04218750074505806 0.05000000074505806
1 0.637499988079071 0.6439814567565918 0.015625 0.02500000037252903
3 0.5953124761581421 0.40601852536201477 0.05000000074505806 0.09537036716938019
0 0.581250011920929 0.3856481611728668 0.02187499962747097 0.06018518656492233
0 0.4000000059604645 0.6675925850868225 0.02500000037252903 0.06851851940155029
1 0.3148437440395355 0.5310184955596924 0.015104166232049465 0.021296296268701553
0 0.3283854126930237 0.36342594027519226 0.02447916753590107 0.05833333358168602
0 0.6411458253860474 0.6217592358589172 0.02604166604578495 0.06759259104728699
0 0.31640625 0.5143518447875977 0.02239583246409893 0.06388889253139496