0 0.34296876192092896 0.3231481611728668 0.05156249925494194 0.10555555671453476
1 0.38229167461395264 0.737500011920929 0.014583333395421505 0.02500000037252903
0 0.35338541865348816 0.2925925850868225 0.02968749962747097 0.06296296417713165
3 0.3591145873069763 0.30092594027519226 0.05572916567325592 0.11666666716337204
0 0.37291666865348816 0.25555557012557983 0.02708333358168602 0.05370370298624039
0 0.3843750059604645 0.7574074268341064 0.02500000037252903 0.07592592388391495
1 0.5580729246139526 0.5347222089767456 0.015104166232049465 0.026851851493120193
1 0.6002604365348816 0.6574074029922485 0.01822916604578495 0.025925925001502037
1 0.5098958611488342 0.8476851582527161 0.01770833320915699 0.028703704476356506
1 0.5838541388511658 0.6592592597007751 0.014583333395421505 0.02777777798473835
1 0.4945312440395355 0.8800926208496094 0.013020833022892475 0.026851851493120193
0 0.3903645873069763 0.8106481432914734 0.03281249850988388 0.049074072390794754
1 0.6796875 0.27916666865348816 0.01770833320915699 0.032407406717538834
1 0.328125 0.35879629850387573 0.01875000074505806 0.028703704476356506
0 0.3971354067325592 0.20879629254341125 0.03697916492819786 0.06203703582286835
0 0.33020833134651184 0.3393518626689911 0.02500000037252903 0.06388889253139496
0 0.5249999761581421 0.8439815044403076 0.04583333432674408 0.043518517166376114
0 0.35338541865348816 0.7449073791503906 0.02968749962747097 0.05462963134050369
3 0.3890624940395355 0.7773148417472839 0.03750000149011612 0.11574073880910873
0 0.56640625 0.6666666865348816 0.0390625 0.05000000074505806
0 0.4807291626930237 0.8722222447395325 0.04062499850988388 0.05000000074505806
0 0.6057291626930237 0.6319444179534912 0.02916666679084301 0.08055555820465088
3 0.38489583134651184 0.2300925999879837 0.05833333358168602 0.10462962836027145
3 0.3434895873069763 0.32175925374031067 0.05156249925494194 0.10462962836027145
0 0.6658853888511658 0.28148147463798523 0.04635416716337204 0.06481481343507767
0 0.5684896111488342 0.5212963223457336 0.04322916641831398 0.07037036865949631