1 0.6763020753860474 0.44305557012557983 0.02135416679084301 0.034259259700775146
1 0.5385416746139526 0.8416666388511658 0.01666666753590107 0.02777777798473835
1 0.33802083134651184 0.40833333134651184 0.01666666753590107 0.024074073880910873
0 0.557812511920929 0.8050925731658936 0.02812499925494194 0.034259259700775146
1 0.2888020873069763 0.5629629492759705 0.01822916604578495 0.025925925001502037
1 0.590624988079071 0.7254629731178284 0.01666666753590107 0.028703704476356506
0 0.53125 0.8435184955596924 0.03333333507180214 0.040740739554166794
1 0.30859375 0.6675925850868225 0.01718750037252903 0.02777777798473835
1 0.41614583134651184 0.38749998807907104 0.015625 0.03055555559694767
1 0.32734376192092896 0.29722222685813904 0.01614583283662796 0.02777777798473835
0 0.28723958134651184 0.5407407283782959 0.02760416641831398 0.07407407462596893
1 0.3122395873069763 0.5268518328666687 0.01822916604578495 0.024074073880910873
0 0.31692707538604736 0.5060185194015503 0.03072916716337204 0.07685185223817825
1 0.5080729126930237 0.1726851910352707 0.01718750037252903 0.034259259700775146
0 0.5854166746139526 0.7032407522201538 0.03125 0.08055555820465088
0 0.6776041388511658 0.4564814865589142 0.03020833246409893 0.07592592388391495
0 0.3083333373069763 0.6462963223457336 0.02812499925494194 0.08148147910833359
0 0.34375 0.3861111104488373 0.03333333507180214 0.08148147910833359
0 0.40546876192092896 0.3958333432674408 0.04114583507180214 0.05833333358168602
0 0.33385416865348816 0.2796296179294586 0.03437500074505806 0.06666667014360428
0 0.5216146111488342 0.18287037312984467 0.0442708320915699 0.06388889253139496
0 0.5375000238418579 0.44675925374031067 0.02500000037252903 0.08611111342906952