1 0.38619792461395264 0.8074073791503906 0.01614583283662796 0.029629629105329514
1 0.606249988079071 0.7754629850387573 0.01666666753590107 0.028703704476356506
1 0.3203125 0.7097222208976746 0.01666666753590107 0.02500000037252903
1 0.569531261920929 0.19490741193294525 0.01614583283662796 0.026851851493120193
1 0.6739583611488342 0.4287036955356598 0.01979166641831398 0.02777777798473835
1 0.6309896111488342 0.38657405972480774 0.01822916604578495 0.03055555559694767
1 0.5861979126930237 0.41898149251937866 0.01614583283662796 0.028703704476356506
1 0.44453126192092896 0.16944444179534912 0.01614583283662796 0.029629629105329514
1 0.38854166865348816 0.3087962865829468 0.01770833320915699 0.032407406717538834
1 0.5859375 0.5361111164093018 0.01666666753590107 0.03333333507180214
1 0.4270833432674408 0.3847222328186035 0.01770833320915699 0.032407406717538834
1 0.6841145753860474 0.5495370626449585 0.01927083358168602 0.02500000037252903
0 0.6013020873069763 0.7972221970558167 0.02968749962747097 0.06666667014360428
1 0.5223958492279053 0.6254629492759705 0.01875000074505806 0.034259259700775146
0 0.637499988079071 0.4087963104248047 0.03020833246409893 0.07685185223817825
0 0.43437498807907104 0.1865740716457367 0.03333333507180214 0.0694444477558136
0 0.4130208194255829 0.39120370149612427 0.04791666567325592 0.05277777835726738
0 0.68359375 0.5708333253860474 0.02864583395421505 0.07685185223817825
0 0.6713541746139526 0.4055555462837219 0.03125 0.07592592388391495
0 0.5122395753860474 0.6069444417953491 0.03697916492819786 0.0694444477558136
0 0.3268229067325592 0.7319444417953491 0.03593749925494194 0.07314814627170563
0 0.5588541626930237 0.1884259283542633 0.0364583320915699 0.049074072390794754
0 0.5903645753860474 0.44212964177131653 0.03177083283662796 0.08611111342906952
0 0.3736979067325592 0.3162037134170532 0.04531250149011612 0.06018518656492233
0 0.5723958611488342 0.5453703999519348 0.046875 0.06481481343507767
0 0.38359373807907104 0.7833333611488342 0.03072916716337204 0.08888889104127884