1 0.41588541865348816 0.8425925970077515 0.01406249962747097 0.02777777798473835
1 0.6755208373069763 0.41203704476356506 0.01666666753590107 0.02222222276031971
3 0.41067707538604736 0.8527777791023254 0.06406249850988388 0.06666667014360428
1 0.3726562559604645 0.2101851850748062 0.01406249962747097 0.02222222276031971
1 0.524218738079071 0.3782407343387604 0.01718750037252903 0.02500000037252903
1 0.5677083134651184 0.19768518209457397 0.014583333395421505 0.03055555559694767
1 0.3851562440395355 0.8324074149131775 0.015104166232049465 0.025925925001502037
0 0.3921875059604645 0.8370370268821716 0.02916666679084301 0.040740739554166794
1 0.653124988079071 0.3592592477798462 0.015625 0.02777777798473835
0 0.3440104126930237 0.24351851642131805 0.0338541679084301 0.06481481343507767
1 0.4635416567325592 0.8736110925674438 0.01666666753590107 0.028703704476356506
1 0.3205729126930237 0.7282407283782959 0.01718750037252903 0.02500000037252903
0 0.47473958134651184 0.8754629492759705 0.03802083432674408 0.037962961941957474
1 0.3375000059604645 0.25925925374031067 0.01770833320915699 0.02777777798473835
1 0.2893229126930237 0.46481481194496155 0.01822916604578495 0.029629629105329514
0 0.6773437261581421 0.43101853132247925 0.02864583395421505 0.07685185223817825
0 0.6619791388511658 0.3680555522441864 0.03541666641831398 0.06388889253139496
0 0.5260416865348816 0.3560185134410858 0.02812499925494194 0.08425925672054291
0 0.38333332538604736 0.19768518209457397 0.03333333507180214 0.05092592537403107
0 0.3270833194255829 0.7467592358589172 0.03333333507180214 0.07129629701375961
0 0.29114583134651184 0.4888888895511627 0.02812499925494194 0.08518518507480621
0 0.578906238079071 0.2023148089647293 0.0390625 0.05648148059844971
0 0.4778645932674408 0.16203702986240387 0.0338541679084301 0.0555555559694767