3 0.38359373807907104 0.2092592567205429 0.03177083283662796 0.06296296417713165
1 0.4361979067325592 0.4097222089767456 0.01614583283662796 0.032407406717538834
1 0.4736979305744171 0.5175926089286804 0.013020833022892475 0.02777777798473835
1 0.3760416805744171 0.7805555462837219 0.01875000074505806 0.02777777798473835
1 0.38671875 0.26620370149612427 0.015104166232049465 0.026851851493120193
1 0.3658854067325592 0.6541666388511658 0.01822916604578495 0.026851851493120193
3 0.39531248807907104 0.24722221493721008 0.04791666567325592 0.10555555671453476
1 0.55859375 0.5652777552604675 0.01614583283662796 0.03055555559694767
1 0.620312511920929 0.5254629850387573 0.01666666753590107 0.02500000037252903
1 0.39140623807907104 0.19629628956317902 0.01614583283662796 0.029629629105329514
1 0.28984373807907104 0.5615741014480591 0.01718750037252903 0.03055555559694767
0 0.38333332538604736 0.2101851850748062 0.03125 0.06296296417713165
0 0.39895832538604736 0.2759259343147278 0.03854166716337204 0.051851850003004074
1 0.5630208253860474 0.21157407760620117 0.015625 0.034259259700775146
1 0.6328125 0.2819444537162781 0.015625 0.03055555559694767
0 0.6247395873069763 0.5023148059844971 0.0338541679084301 0.09166666865348816
0 0.3760416805744171 0.7939814925193787 0.03125 0.06574074178934097
0 0.36927083134651184 0.6745370626449585 0.03229166567325592 0.08796296268701553
0 0.29739582538604736 0.5486111044883728 0.0416666679084301 0.07685185223817825
0 0.6421874761581421 0.29722222685813904 0.0364583320915699 0.07777778059244156
0 0.34296876192092896 0.7412037253379822 0.03177083283662796 0.05833333358168602
0 0.5463541746139526 0.5537037253379822 0.04895833507180214 0.06481481343507767
0 0.4260416626930237 0.3967592716217041 0.04270833358168602 0.0694444477558136
0 0.5502604246139526 0.20972222089767456 0.04531250149011612 0.05833333358168602
0 0.4632812440395355 0.5157407522201538 0.04531250149011612 0.06111111119389534