1 0.52734375 0.6587963104248047 0.00989583320915699 0.021296296268701553
0 0.6497395634651184 0.5537037253379822 0.02031249925494194 0.05740740895271301
3 0.6505208611488342 0.5731481313705444 0.01979166641831398 0.10555555671453476
1 0.45130208134651184 0.7638888955116272 0.00989583320915699 0.020370369777083397
1 0.46015626192092896 0.7277777791023254 0.013020833022892475 0.02222222276031971
0 0.6494791507720947 0.6004629731178284 0.01770833320915699 0.049074072390794754
1 0.4609375 0.6060185432434082 0.01145833358168602 0.017592592164874077
1 0.61328125 0.5587962865829468 0.013020833022892475 0.017592592164874077
0 0.44713541865348816 0.7356481552124023 0.03072916716337204 0.028703704476356506
1 0.4231770932674408 0.6416666507720947 0.013020833022892475 0.018518518656492233
1 0.5 0.5189814567565918 0.010416666977107525 0.023148147389292717
1 0.55859375 0.4138889014720917 0.015104166232049465 0.020370369777083397
0 0.4671874940395355 0.7393518686294556 0.02291666716337204 0.049074072390794754
0 0.4221354126930237 0.6236110925674438 0.02031249925494194 0.05833333358168602
0 0.45625001192092896 0.6180555820465088 0.02604166604578495 0.05277777835726738
0 0.44192707538604736 0.7745370268821716 0.02760416641831398 0.03611111268401146
0 0.6156250238418579 0.5384259223937988 0.02500000037252903 0.06388889253139496
0 0.49010416865348816 0.5152778029441833 0.0364583320915699 0.049074072390794754
0 0.49270832538604736 0.737500011920929 0.01770833320915699 0.05648148059844971
0 0.5567708611488342 0.39537036418914795 0.02291666716337204 0.07037036865949631
0 0.5364583134651184 0.6629629731178284 0.03333333507180214 0.04814814776182175