1 0.31822916865348816 0.6509259343147278 0.01979166641831398 0.025925925001502037
1 0.3752604126930237 0.7819444537162781 0.0234375 0.032407406717538834
1 0.3088541626930237 0.6550925970077515 0.01770833320915699 0.02500000037252903
0 0.33281248807907104 0.6666666865348816 0.02500000037252903 0.05925925821065903
1 0.3411458432674408 0.6300926208496094 0.015625 0.026851851493120193
1 0.6596354246139526 0.647685170173645 0.01927083358168602 0.028703704476356506
0 0.6244791746139526 0.25231480598449707 0.03125 0.04722222313284874
1 0.4841145873069763 0.46481481194496155 0.013020833022892475 0.02777777798473835
1 0.6416666507720947 0.5731481313705444 0.015625 0.02777777798473835
1 0.5484374761581421 0.26944443583488464 0.01770833320915699 0.031481482088565826
3 0.6127604246139526 0.2638888955116272 0.05052083358168602 0.0833333358168602
1 0.35859376192092896 0.27638888359069824 0.01614583283662796 0.032407406717538834
0 0.3098958432674408 0.6763888597488403 0.02500000037252903 0.07129629701375961
0 0.6604166626930237 0.6282407641410828 0.03020833246409893 0.07870370149612427
0 0.5786458253860474 0.6240741014480591 0.0364583320915699 0.07777778059244156
0 0.4736979305744171 0.4546296298503876 0.04739583283662796 0.06666667014360428
0 0.3541666567325592 0.6425926089286804 0.03750000149011612 0.06296296417713165
0 0.6328125 0.5532407164573669 0.03854166716337204 0.07129629701375961
0 0.3739583194255829 0.2671296298503876 0.04791666567325592 0.06388889253139496
0 0.3752604126930237 0.7935185432434082 0.03593749925494194 0.07037036865949631
0 0.5346354246139526 0.2638888955116272 0.04635416716337204 0.06666667014360428