3 0.41744792461395264 0.6944444179534912 0.07447917014360428 0.08518518507480621
1 0.48828125 0.24583333730697632 0.01822916604578495 0.03055555559694767
1 0.28723958134651184 0.45787036418914795 0.01822916604578495 0.02500000037252903
1 0.5791666507720947 0.20648148655891418 0.015625 0.02777777798473835
1 0.6692708134651184 0.40648147463798523 0.01875000074505806 0.02777777798473835
1 0.42005208134651184 0.6513888835906982 0.01614583283662796 0.02500000037252903
1 0.534375011920929 0.17083333432674408 0.014583333395421505 0.026851851493120193
1 0.4036458432674408 0.7050926089286804 0.01354166679084301 0.02500000037252903
1 0.35364583134651184 0.4833333194255829 0.01770833320915699 0.02777777798473835
1 0.36510416865348816 0.34675925970077515 0.01875000074505806 0.03055555559694767
1 0.4893229305744171 0.6921296119689941 0.01822916604578495 0.032407406717538834
1 0.39453125 0.20462962985038757 0.01718750037252903 0.025925925001502037
0 0.43567708134651184 0.7175925970077515 0.04218750074505806 0.051851850003004074
1 0.5955728888511658 0.5731481313705444 0.01718750037252903 0.029629629105329514
0 0.39270833134651184 0.6879629492759705 0.03541666641831398 0.06296296417713165
1 0.49817708134651184 0.2874999940395355 0.02031249925494194 0.028703704476356506
0 0.5052083134651184 0.6925926208496094 0.05104166641831398 0.05000000074505806
0 0.3453125059604645 0.5018518567085266 0.03854166716337204 0.08148147910833359
0 0.6770833134651184 0.41898149251937866 0.03229166567325592 0.07685185223817825
0 0.4078125059604645 0.6356481313705444 0.03958333283662796 0.06203703582286835
0 0.35989582538604736 0.36759260296821594 0.03333333507180214 0.08703703433275223
0 0.5229166746139526 0.1675925999879837 0.03854166716337204 0.046296294778585434
0 0.2906250059604645 0.48240742087364197 0.03020833246409893 0.08518518507480621
0 0.49296873807907104 0.2680555582046509 0.03177083283662796 0.07685185223817825
0 0.4049479067325592 0.19212962687015533 0.03697916492819786 0.05462963134050369
0 0.5911458134651184 0.21296297013759613 0.04062499850988388 0.0555555559694767
0 0.6075521111488342 0.5865740776062012 0.04531250149011612 0.07500000298023224