0 0.4802083373069763 0.8259259462356567 0.03020833246409893 0.04814814776182175
1 0.4976562559604645 0.3472222089767456 0.01718750037252903 0.03703703731298447
3 0.4997395873069763 0.3643518388271332 0.03697916492819786 0.10833333432674408
1 0.4739583432674408 0.6532407402992249 0.01770833320915699 0.026851851493120193
1 0.3203125 0.3125 0.01770833320915699 0.026851851493120193
1 0.43020832538604736 0.7342592477798462 0.015625 0.029629629105329514
0 0.49531251192092896 0.3740740716457367 0.02812499925494194 0.08148147910833359
1 0.5252603888511658 0.2986111044883728 0.01718750037252903 0.03055555559694767
1 0.5864583253860474 0.4078703820705414 0.01875000074505806 0.032407406717538834
1 0.4156250059604645 0.5888888835906982 0.01770833320915699 0.031481482088565826
1 0.3486979305744171 0.29629629850387573 0.01718750037252903 0.02777777798473835
1 0.5138021111488342 0.7388888597488403 0.01718750037252903 0.029629629105329514
1 0.6270833611488342 0.7564814686775208 0.014583333395421505 0.025925925001502037
1 0.48619791865348816 0.16620370745658875 0.01927083358168602 0.032407406717538834
0 0.5119791626930237 0.3055555522441864 0.046875 0.046296294778585434
1 0.5916666388511658 0.5745370388031006 0.01875000074505806 0.03055555559694767
0 0.637499988079071 0.7430555820465088 0.03541666641831398 0.06018518656492233
0 0.31458333134651184 0.3333333432674408 0.03125 0.06666667014360428
0 0.5971354246139526 0.39444443583488464 0.04114583507180214 0.06481481343507767
0 0.3619791567325592 0.2828703820705414 0.0416666679084301 0.05648148059844971
0 0.5179687738418579 0.7111111283302307 0.0338541679084301 0.08518518507480621
0 0.41979166865348816 0.7481481432914734 0.04062499850988388 0.06666667014360428
0 0.49921876192092896 0.17777778208255768 0.0442708320915699 0.06111111119389534
0 0.4713541567325592 0.677314817905426 0.02916666679084301 0.09351851791143417
0 0.5908854007720947 0.602314829826355 0.03177083283662796 0.09351851791143417
0 0.42786458134651184 0.5740740895271301 0.04843749850988388 0.07037036865949631