1 0.46822917461395264 0.8305555582046509 0.01666666753590107 0.02777777798473835
0 0.6138020753860474 0.6736111044883728 0.03802083432674408 0.10648148506879807
1 0.4039062559604645 0.824999988079071 0.01614583283662796 0.029629629105329514
1 0.4247395694255829 0.802314817905426 0.01406249962747097 0.028703704476356506
1 0.5291666388511658 0.17407406866550446 0.01979166641831398 0.029629629105329514
1 0.6239583492279053 0.6342592835426331 0.01666666753590107 0.02777777798473835
0 0.45703125 0.8305555582046509 0.03281249850988388 0.03333333507180214
1 0.6395833492279053 0.6916666626930237 0.015625 0.02777777798473835
1 0.3062500059604645 0.5935184955596924 0.01770833320915699 0.025925925001502037
1 0.5807291865348816 0.7861111164093018 0.01354166679084301 0.03333333507180214
1 0.38463541865348816 0.20787036418914795 0.01406249962747097 0.026851851493120193
1 0.3408854305744171 0.7412037253379822 0.015104166232049465 0.026851851493120193
0 0.6104166507720947 0.7027778029441833 0.03020833246409893 0.0555555559694767
0 0.4192708432674408 0.7847222089767456 0.02708333358168602 0.06574074178934097
3 0.6145833134651184 0.6717592477798462 0.03958333283662796 0.1120370402932167
0 0.39505207538604736 0.8078703880310059 0.03489583358168602 0.06388889253139496
0 0.6510416865348816 0.6777777671813965 0.03333333507180214 0.05740740895271301
0 0.5302083492279053 0.18518517911434174 0.03125 0.06666667014360428
0 0.5697916746139526 0.7759259343147278 0.03541666641831398 0.06481481343507767
0 0.3044270873069763 0.5745370388031006 0.03177083283662796 0.0824074074625969
0 0.37447917461395264 0.21296297013759613 0.03541666641831398 0.05370370298624039
0 0.33281248807907104 0.7291666865348816 0.03541666641831398 0.06203703582286835