1 0.65234375 0.36064815521240234 0.015104166232049465 0.026851851493120193
1 0.5278645753860474 0.2925925850868225 0.015104166232049465 0.031481482088565826
0 0.510937511920929 0.8611111044883728 0.03333333507180214 0.046296294778585434
1 0.38880208134651184 0.7199074029922485 0.01614583283662796 0.026851851493120193
1 0.2919270694255829 0.4671296179294586 0.01718750037252903 0.026851851493120193
1 0.65625 0.3662036955356598 0.01770833320915699 0.023148147389292717
1 0.5880208611488342 0.5717592835426331 0.01666666753590107 0.028703704476356506
1 0.5901041626930237 0.49861112236976624 0.01666666753590107 0.028703704476356506
1 0.4934895932674408 0.19722221791744232 0.01718750037252903 0.02777777798473835
1 0.5231770873069763 0.16990740597248077 0.01614583283662796 0.026851851493120193
1 0.5531250238418579 0.30509260296821594 0.01770833320915699 0.02500000037252903
1 0.37161457538604736 0.5583333373069763 0.01822916604578495 0.025925925001502037
1 0.6098958253860474 0.7740740776062012 0.01875000074505806 0.029629629105329514
1 0.3020833432674408 0.5578703880310059 0.01770833320915699 0.028703704476356506
0 0.5119791626930237 0.3004629611968994 0.03958333283662796 0.049074072390794754
0 0.5481770634651184 0.2856481373310089 0.02968749962747097 0.06574074178934097
0 0.6031249761581421 0.7953703999519348 0.03125 0.06851851940155029
0 0.534375011920929 0.17175926268100739 0.0364583320915699 0.0416666679084301
0 0.4789062440395355 0.19768518209457397 0.04843749850988388 0.043518517166376114
0 0.2953124940395355 0.4879629611968994 0.03125 0.08148147910833359
0 0.31197917461395264 0.572685182094574 0.03854166716337204 0.07129629701375961
0 0.36796873807907104 0.5833333134651184 0.03281249850988388 0.0833333358168602
0 0.6611979007720947 0.3499999940395355 0.03177083283662796 0.06111111119389534
0 0.578906238079071 0.5550925731658936 0.03593749925494194 0.06574074178934097
0 0.38593751192092896 0.6925926208496094 0.03020833246409893 0.08888889104127884
0 0.5997396111488342 0.47870370745658875 0.03697916492819786 0.07037036865949631