1 0.45885416865348816 0.7444444298744202 0.014583333395421505 0.02777777798473835
3 0.43151041865348816 0.762499988079071 0.05677083507180214 0.0824074074625969
1 0.4104166626930237 0.8148148059844971 0.01770833320915699 0.025925925001502037
1 0.5283854007720947 0.8592592477798462 0.015104166232049465 0.025925925001502037
1 0.48359376192092896 0.710185170173645 0.01822916604578495 0.024074073880910873
1 0.36640626192092896 0.7412037253379822 0.01822916604578495 0.028703704476356506
1 0.6143229007720947 0.6805555820465088 0.01927083358168602 0.031481482088565826
0 0.47343748807907104 0.6356481313705444 0.03020833246409893 0.07129629701375961
0 0.4085937440395355 0.8027777671813965 0.02447916753590107 0.05370370298624039
0 0.4739583432674408 0.7444444298744202 0.03958333283662796 0.03888889029622078
1 0.42265623807907104 0.770370364189148 0.01718750037252903 0.031481482088565826
0 0.4437499940395355 0.7055555582046509 0.03020833246409893 0.07037036865949631
0 0.48359376192092896 0.6935185194015503 0.02447916753590107 0.06111111119389534
1 0.44062501192092896 0.8356481194496155 0.01770833320915699 0.028703704476356506
1 0.710156261920929 0.3601851761341095 0.01822916604578495 0.024074073880910873
1 0.33984375 0.6768518686294556 0.01718750037252903 0.025925925001502037
1 0.5255208611488342 0.3472222089767456 0.01875000074505806 0.02777777798473835
0 0.4338541626930237 0.762499988079071 0.03750000149011612 0.04722222313284874
3 0.4781250059604645 0.667129635810852 0.03958333283662796 0.1268518567085266
3 0.4390625059604645 0.7240740656852722 0.04374999925494194 0.10925926268100739
0 0.45104166865348816 0.8518518805503845 0.03750000149011612 0.06481481343507767
0 0.3427083194255829 0.6949074268341064 0.03229166567325592 0.07129629701375961
0 0.51953125 0.3254629671573639 0.03281249850988388 0.07870370149612427
0 0.7085937261581421 0.3351851999759674 0.02968749962747097 0.07407407462596893
0 0.37421876192092896 0.7611111402511597 0.0338541679084301 0.06481481343507767
0 0.7239583134651184 0.5601851940155029 0.03125 0.07407407462596893
0 0.6177083253860474 0.7041666507720947 0.03333333507180214 0.09166666865348816