1 0.51953125 0.8532407283782959 0.01718750037252903 0.02500000037252903
1 0.5544270873069763 0.8388888835906982 0.02239583246409893 0.02777777798473835
1 0.6520833373069763 0.6939814686775208 0.015625 0.02500000037252903
1 0.3166666626930237 0.3421296179294586 0.01354166679084301 0.026851851493120193
1 0.614062488079071 0.769444465637207 0.01875000074505806 0.035185184329748154
1 0.6075521111488342 0.42824074625968933 0.015104166232049465 0.026851851493120193
0 0.6294270753860474 0.7509258985519409 0.04322916641831398 0.07592592388391495
1 0.4450520873069763 0.35740742087364197 0.01718750037252903 0.031481482088565826
1 0.5677083134651184 0.7476851940155029 0.01666666753590107 0.03055555559694767
1 0.6796875 0.5541666746139526 0.01666666753590107 0.023148147389292717
1 0.2825520932674408 0.41712963581085205 0.015104166232049465 0.023148147389292717
0 0.5057291388511658 0.8689814805984497 0.03020833246409893 0.0416666679084301
0 0.557812511920929 0.8476851582527161 0.03020833246409893 0.043518517166376114
0 0.6617187261581421 0.6717592477798462 0.02864583395421505 0.06203703582286835
1 0.3763020932674408 0.6870370507240295 0.01406249962747097 0.02777777798473835
0 0.6796875 0.5351851582527161 0.02500000037252903 0.06666667014360428
0 0.2822916805744171 0.4337962865829468 0.02812499925494194 0.07870370149612427
0 0.5770833492279053 0.7324073910713196 0.03958333283662796 0.06481481343507767
0 0.4351562559604645 0.3569444417953491 0.04218750074505806 0.06759259104728699
0 0.5973958373069763 0.44212964177131653 0.04374999925494194 0.07685185223817825
0 0.3864583373069763 0.6708333492279053 0.04374999925494194 0.07685185223817825
0 0.32604166865348816 0.3453703820705414 0.03854166716337204 0.06481481343507767