0 0.49401041865348816 0.7634259462356567 0.01927083358168602 0.037962961941957474
1 0.4763020873069763 0.6009259223937988 0.015104166232049465 0.018518518656492233
1 0.6213541626930237 0.5657407641410828 0.014583333395421505 0.018518518656492233
0 0.4919270873069763 0.727314829826355 0.01927083358168602 0.05092592537403107
1 0.6151041388511658 0.43981480598449707 0.01145833358168602 0.02222222276031971
0 0.46406251192092896 0.730555534362793 0.02395833283662796 0.051851850003004074
0 0.49296873807907104 0.8074073791503906 0.02552083320915699 0.029629629105329514
1 0.557812511920929 0.4148148000240326 0.014583333395421505 0.020370369777083397
1 0.5054687261581421 0.5217592716217041 0.01197916641831398 0.021296296268701553
0 0.6182291507720947 0.5449073910713196 0.02500000037252903 0.0694444477558136
0 0.4416666626930237 0.7879629731178284 0.02708333358168602 0.04444444552063942
0 0.6484375 0.6189814805984497 0.02291666716337204 0.06018518656492233
0 0.4544270932674408 0.6208333373069763 0.02552083320915699 0.049074072390794754
0 0.48255208134651184 0.6129629611968994 0.02239583246409893 0.051851850003004074
0 0.625 0.4263888895511627 0.03437500074505806 0.05092592537403107
0 0.5541666746139526 0.3939814865589142 0.02500000037252903 0.06574074178934097
0 0.49609375 0.5148147940635681 0.0338541679084301 0.05000000074505806