1 0.3059895932674408 0.4416666626930237 0.015104166232049465 0.020370369777083397
1 0.5218750238418579 0.5078703761100769 0.01875000074505806 0.02500000037252903
3 0.5218750238418579 0.33796295523643494 0.03333333507180214 0.09259258955717087
3 0.5291666388511658 0.48750001192092896 0.0364583320915699 0.10462962836027145
1 0.5278645753860474 0.3087962865829468 0.01718750037252903 0.026851851493120193
0 0.3075520694255829 0.5217592716217041 0.02552083320915699 0.06574074178934097
3 0.5218750238418579 0.4175925850868225 0.03333333507180214 0.09444444626569748
1 0.3828125 0.7782407402992249 0.014583333395421505 0.02500000037252903
1 0.5372396111488342 0.4523148238658905 0.015104166232049465 0.023148147389292717
0 0.5216146111488342 0.3305555582046509 0.03281249850988388 0.07592592388391495
0 0.5333333611488342 0.4773148000240326 0.02604166604578495 0.06759259104728699
1 0.4351562559604645 0.6939814686775208 0.01614583283662796 0.026851851493120193
0 0.3046875 0.4541666805744171 0.02604166604578495 0.05648148059844971
1 0.5601562261581421 0.4939814805984497 0.01718750037252903 0.02500000037252903
1 0.6148437261581421 0.4749999940395355 0.01614583283662796 0.03333333507180214
3 0.30859375 0.5648148059844971 0.02968749962747097 0.12962962687015533
0 0.5197916626930237 0.4097222089767456 0.02708333358168602 0.07500000298023224
1 0.4281249940395355 0.3638888895511627 0.015625 0.024074073880910873
3 0.5192708373069763 0.3759259283542633 0.03229166567325592 0.13518518209457397
0 0.5114583373069763 0.5259259343147278 0.03333333507180214 0.06111111119389534
0 0.5614583492279053 0.5175926089286804 0.02500000037252903 0.0833333358168602
0 0.3111979067325592 0.5944444537162781 0.02447916753590107 0.07407407462596893
0 0.62890625 0.4810185134410858 0.04843749850988388 0.06759259104728699
3 0.3057291805744171 0.48842594027519226 0.02812499925494194 0.11388888955116272
0 0.43411457538604736 0.33703702688217163 0.03072916716337204 0.07777778059244156
0 0.4390625059604645 0.7138888835906982 0.03333333507180214 0.07962962985038757
0 0.39244791865348816 0.7912036776542664 0.04114583507180214 0.06388889253139496