1 0.4085937440395355 0.19953703880310059 0.01718750037252903 0.026851851493120193
1 0.3723958432674408 0.7652778029441833 0.012500000186264515 0.023148147389292717
1 0.5882812738418579 0.18287037312984467 0.01614583283662796 0.03055555559694767
1 0.41197916865348816 0.6550925970077515 0.015625 0.026851851493120193
1 0.635937511920929 0.2361111044883728 0.01770833320915699 0.02777777798473835
1 0.5570312738418579 0.34768518805503845 0.01718750037252903 0.03055555559694767
1 0.5450521111488342 0.1537037044763565 0.01614583283662796 0.031481482088565826
1 0.6997395753860474 0.5287036895751953 0.01822916604578495 0.025925925001502037
1 0.3903645873069763 0.7245370149612427 0.015104166232049465 0.02500000037252903
1 0.37447917461395264 0.6185185313224792 0.01354166679084301 0.02777777798473835
1 0.4854166805744171 0.3055555522441864 0.01666666753590107 0.029629629105329514
0 0.4221354126930237 0.6745370626449585 0.03802083432674408 0.07685185223817825
0 0.3890624940395355 0.6967592835426331 0.02604166604578495 0.08425925672054291
0 0.4138020873069763 0.18194444477558136 0.03177083283662796 0.06574074178934097
0 0.35494792461395264 0.2569444477558136 0.02656250074505806 0.05462963134050369
0 0.7015625238418579 0.5074074268341064 0.02916666679084301 0.09074074029922485
0 0.5630208253860474 0.36851853132247925 0.0364583320915699 0.09074074029922485
0 0.6317708492279053 0.21944443881511688 0.0364583320915699 0.06851851940155029
0 0.5322916507720947 0.14953704178333282 0.03958333283662796 0.0416666679084301
0 0.5791666507720947 0.17222222685813904 0.03541666641831398 0.051851850003004074
0 0.36250001192092896 0.7518518567085266 0.03541666641831398 0.06481481343507767
0 0.3617187440395355 0.6078703999519348 0.0494791679084301 0.0694444477558136
0 0.4997395873069763 0.3004629611968994 0.05156249925494194 0.06018518656492233