1 0.29635417461395264 0.3768518567085266 0.01666666753590107 0.025925925001502037
1 0.62890625 0.7143518328666687 0.01614583283662796 0.02500000037252903
1 0.3531250059604645 0.7587962746620178 0.012500000186264515 0.023148147389292717
1 0.5552083253860474 0.2101851850748062 0.014583333395421505 0.025925925001502037
1 0.5911458134651184 0.4495370388031006 0.015625 0.02500000037252903
1 0.6674479246139526 0.6162037253379822 0.01718750037252903 0.02500000037252903
1 0.5286458134651184 0.16990740597248077 0.014583333395421505 0.02500000037252903
1 0.32760417461395264 0.3708333373069763 0.01666666753590107 0.026851851493120193
1 0.5010416507720947 0.255092591047287 0.01770833320915699 0.03055555559694767
0 0.5161458253860474 0.7939814925193787 0.03020833246409893 0.06759259104728699
0 0.6661458611488342 0.6277777552604675 0.03020833246409893 0.06111111119389534
0 0.56640625 0.2282407432794571 0.03281249850988388 0.05462963134050369
0 0.5385416746139526 0.17222222685813904 0.03437500074505806 0.03888889029622078
0 0.6299479007720947 0.6944444179534912 0.02864583395421505 0.0833333358168602
0 0.29296875 0.39629629254341125 0.02760416641831398 0.07777778059244156
0 0.32473957538604736 0.38935184478759766 0.02864583395421505 0.08055555820465088
0 0.5966145992279053 0.42824074625968933 0.03489583358168602 0.07500000298023224
0 0.5497395992279053 0.7981481552124023 0.02864583395421505 0.07222222536802292
0 0.49609375 0.2370370328426361 0.02760416641831398 0.07592592388391495
0 0.3453125059604645 0.7518518567085266 0.03750000149011612 0.06296296417713165