4 0.7259259223937988 0.544025182723999 0.07222222536802292 0.07075471431016922
1 0.41620370745658875 0.2637578547000885 0.026851851493120193 0.021226415410637856
4 0.2898148000240326 0.3820754587650299 0.06666667014360428 0.0487421378493309
0 0.30324074625968933 0.29638364911079407 0.07129629701375961 0.04088050499558449
0 0.45185184478759766 0.25353774428367615 0.08148147910833359 0.0416666679084301
4 0.22546295821666718 0.38522014021873474 0.06759259104728699 0.069182388484478
1 0.6768518686294556 0.5345911979675293 0.029629629105329514 0.025157231837511063
3 0.25555557012557983 0.3820754587650299 0.12962962687015533 0.06761006265878677
0 0.2898148000240326 0.3820754587650299 0.06666667014360428 0.04716981202363968
0 0.7254629731178284 0.5432389974594116 0.07500000298023224 0.07075471431016922
1 0.35462963581085205 0.24017295241355896 0.024074073880910873 0.01808176189661026
3 0.24722221493721008 0.27476415038108826 0.10000000149011612 0.06525157392024994
1 0.14629629254341125 0.2912735939025879 0.031481482088565826 0.025943396613001823
1 0.27407407760620117 0.39268869161605835 0.02777777798473835 0.02279874123632908
1 0.31990739703178406 0.46187105774879456 0.032407406717538834 0.025943396613001823
1 0.2587963044643402 0.2794811427593231 0.03055555559694767 0.02437106892466545
1 0.32685184478759766 0.2897012531757355 0.025925925001502037 0.021226415410637856
1 0.11527777463197708 0.43946540355682373 0.034259259700775146 0.026729559525847435
1 0.21898147463798523 0.409984290599823 0.034259259700775146 0.025943396613001823
3 0.44675925374031067 0.25353774428367615 0.09537036716938019 0.04323899373412132
1 0.6875 0.27358490228652954 0.03055555559694767 0.022012578323483467
1 0.25138887763023376 0.45597484707832336 0.028703704476356506 0.02358490601181984
1 0.1884259283542633 0.4996069073677063 0.03611111268401146 0.027515722438693047
1 0.2273148149251938 0.17492137849330902 0.032407406717538834 0.027515722438693047
1 0.49861112236976624 0.30974844098091125 0.03055555559694767 0.025157231837511063
0 0.2351851910352707 0.26847484707832336 0.07037036865949631 0.051100630313158035
0 0.27129629254341125 0.44693395495414734 0.07222222536802292 0.04323899373412132
3 0.3708333373069763 0.26729559898376465 0.07129629701375961 0.07075471431016922
1 0.7439814805984497 0.5243710875511169 0.03055555559694767 0.022012578323483467
0 0.3421296179294586 0.465015709400177 0.07870370149612427 0.04009433835744858
0 0.20787036418914795 0.18907232582569122 0.07129629701375961 0.062106918543577194
0 0.6412037014961243 0.5448113083839417 0.07870370149612427 0.044025156646966934
0 0.12268518656492233 0.4245283007621765 0.05648148059844971 0.06603773683309555
0 0.522685170173645 0.2928459048271179 0.07500000298023224 0.062106918543577194
0 0.18333333730697632 0.48231130838394165 0.04814814776182175 0.06996855139732361
0 0.6694444417953491 0.29481130838394165 0.07222222536802292 0.06761006265878677
0 0.15740740299224854 0.30188679695129395 0.06851851940155029 0.056603774428367615