1 0.5005208253860474 0.8930555582046509 0.02083333395421505 0.03611111268401146
1 0.35208332538604736 0.729629635810852 0.01666666753590107 0.025925925001502037
1 0.04348958283662796 0.2967592477798462 0.01718750037252903 0.026851851493120193
0 0.4989583194255829 0.9009259343147278 0.02604166604578495 0.0555555559694767
1 0.015104166232049465 0.5263888835906982 0.01770833320915699 0.028703704476356506
1 0.35364583134651184 0.3569444417953491 0.01770833320915699 0.023148147389292717
1 0.34322917461395264 0.38333332538604736 0.01770833320915699 0.02777777798473835
1 0.3882812559604645 0.2874999940395355 0.01718750037252903 0.023148147389292717
1 0.41796875 0.2351851910352707 0.01406249962747097 0.024074073880910873
1 0.04531250149011612 0.38657405972480774 0.01770833320915699 0.026851851493120193
1 0.3929687440395355 0.8129629492759705 0.015104166232049465 0.031481482088565826
0 0.014322916977107525 0.1893518567085266 0.02864583395421505 0.037962961941957474
1 0.6627604365348816 0.7972221970558167 0.01718750037252903 0.029629629105329514
1 0.03515625 0.2300925999879837 0.013020833022892475 0.023148147389292717
1 0.6630208492279053 0.5814814567565918 0.01875000074505806 0.03703703731298447
0 0.04453124850988388 0.3722222149372101 0.02552083320915699 0.07777778059244156
1 0.4664062559604645 0.8509259223937988 0.01822916604578495 0.031481482088565826
1 0.5197916626930237 0.19907407462596893 0.01875000074505806 0.031481482088565826
0 0.3903645873069763 0.2699074149131775 0.02760416641831398 0.06574074178934097
0 0.4286458194255829 0.21851852536201477 0.0364583320915699 0.06111111119389534
0 0.01380208320915699 0.5083333253860474 0.02656250074505806 0.07777778059244156
0 0.3346354067325592 0.40648147463798523 0.03072916716337204 0.07777778059244156
0 0.671875 0.8078703880310059 0.0364583320915699 0.06574074178934097
0 0.35729166865348816 0.3384259343147278 0.03020833246409893 0.06203703582286835
0 0.04140625149011612 0.31388887763023376 0.0234375 0.06666667014360428
0 0.03098958358168602 0.24351851642131805 0.02968749962747097 0.05740740895271301
0 0.4817708432674408 0.8398148417472839 0.05624999850988388 0.06296296417713165
0 0.6744791865348816 0.581944465637207 0.05624999850988388 0.06574074178934097
0 0.5307291746139526 0.2134259194135666 0.03958333283662796 0.06574074178934097
0 0.35078126192092896 0.7379629611968994 0.03281249850988388 0.06851851940155029
0 0.3830729126930237 0.8148148059844971 0.0390625 0.06666667014360428