1 0.5518229007720947 0.7587962746620178 0.01718750037252903 0.03055555559694767
0 0.4361979067325592 0.22962963581085205 0.0390625 0.0555555559694767
1 0.421875 0.24629630148410797 0.01354166679084301 0.024074073880910873
0 0.4268229305744171 0.24259258806705475 0.02447916753590107 0.03333333507180214
3 0.5903645753860474 0.8032407164573669 0.03072916716337204 0.07500000298023224
1 0.43567708134651184 0.7731481194496155 0.01406249962747097 0.024074073880910873
0 0.589062511920929 0.8004629611968994 0.02291666716337204 0.06574074178934097
1 0.4674479067325592 0.16111111640930176 0.01406249962747097 0.02777777798473835
1 0.4065104126930237 0.18425926566123962 0.015104166232049465 0.025925925001502037
1 0.453125 0.2351851910352707 0.015625 0.025925925001502037
0 0.390625 0.1875 0.02500000037252903 0.034259259700775146
1 0.36927083134651184 0.21851852536201477 0.014583333395421505 0.025925925001502037
0 0.44713541865348816 0.21898147463798523 0.02864583395421505 0.05277777835726738
1 0.5114583373069763 0.19027778506278992 0.014583333395421505 0.028703704476356506
1 0.2841145694255829 0.4263888895511627 0.01718750037252903 0.026851851493120193
1 0.6729166507720947 0.4495370388031006 0.01666666753590107 0.023148147389292717
1 0.29609376192092896 0.6407407522201538 0.01718750037252903 0.02222222276031971
0 0.47838541865348816 0.16527777910232544 0.03177083283662796 0.05277777835726738
0 0.5541666746139526 0.7712963223457336 0.02708333358168602 0.06851851940155029
0 0.4182291626930237 0.17037037014961243 0.03125 0.04444444552063942
0 0.5236979126930237 0.18194444477558136 0.0390625 0.06574074178934097
0 0.6700521111488342 0.42314815521240234 0.02656250074505806 0.07962962985038757
0 0.44218748807907104 0.7879629731178284 0.03020833246409893 0.06851851940155029
0 0.29765623807907104 0.6629629731178284 0.02760416641831398 0.07962962985038757
0 0.3552083373069763 0.23148147761821747 0.0364583320915699 0.05370370298624039
0 0.28046876192092896 0.4504629671573639 0.02864583395421505 0.0824074074625969