1 0.38749998807907104 0.8300926089286804 0.01770833320915699 0.02500000037252903
0 0.3903645873069763 0.835185170173645 0.02760416641831398 0.03888889029622078
1 0.30937498807907104 0.34583333134651184 0.01875000074505806 0.03055555559694767
0 0.4244791567325592 0.8611111044883728 0.03541666641831398 0.04814814776182175
1 0.27656251192092896 0.5305555462837219 0.01770833320915699 0.024074073880910873
1 0.41354167461395264 0.8064814805984497 0.015625 0.025925925001502037
1 0.5249999761581421 0.3782407343387604 0.01770833320915699 0.028703704476356506
3 0.4049479067325592 0.8324074149131775 0.06093750149011612 0.06851851940155029
1 0.27916666865348816 0.4643518626689911 0.015625 0.021296296268701553
1 0.3205729126930237 0.41620370745658875 0.015104166232049465 0.026851851493120193
1 0.46666666865348816 0.15555556118488312 0.015625 0.029629629105329514
1 0.5135416388511658 0.16203702986240387 0.015625 0.029629629105329514
1 0.6497395634651184 0.5708333253860474 0.01718750037252903 0.02500000037252903
1 0.3726562559604645 0.21064814925193787 0.01614583283662796 0.028703704476356506
0 0.2802083194255829 0.4365740716457367 0.02916666679084301 0.0694444477558136
0 0.27526041865348816 0.5083333253860474 0.02656250074505806 0.0833333358168602
0 0.3075520694255829 0.36250001192092896 0.02968749962747097 0.07870370149612427
0 0.4778645932674408 0.15555556118488312 0.03697916492819786 0.04444444552063942
0 0.5255208611488342 0.35648149251937866 0.02708333358168602 0.08518518507480621
0 0.5268229246139526 0.16388888657093048 0.04218750074505806 0.05000000074505806
0 0.64453125 0.5476852059364319 0.03281249850988388 0.08611111342906952
0 0.4338541626930237 0.35046297311782837 0.03750000149011612 0.05277777835726738
0 0.3828125 0.19907407462596893 0.0364583320915699 0.06111111119389534
0 0.3322916626930237 0.4263888895511627 0.04374999925494194 0.06388889253139496