1 0.547656238079071 0.831944465637207 0.01406249962747097 0.02500000037252903
1 0.3499999940395355 0.27824074029922485 0.012500000186264515 0.021296296268701553
0 0.41328126192092896 0.8087962865829468 0.02552083320915699 0.037962961941957474
1 0.3557291626930237 0.7291666865348816 0.01666666753590107 0.023148147389292717
1 0.5950520634651184 0.800000011920929 0.01614583283662796 0.02777777798473835
1 0.571093738079071 0.36574074625968933 0.01822916604578495 0.02777777798473835
0 0.38489583134651184 0.7875000238418579 0.02604166604578495 0.049074072390794754
1 0.7005208134651184 0.48472222685813904 0.01666666753590107 0.02500000037252903
1 0.4645833373069763 0.7402777671813965 0.01666666753590107 0.02500000037252903
1 0.36145833134651184 0.5157407522201538 0.01666666753590107 0.02777777798473835
0 0.4674479067325592 0.769444465637207 0.03281249850988388 0.09259258955717087
1 0.47994792461395264 0.7027778029441833 0.01614583283662796 0.029629629105329514
0 0.609375 0.7888888716697693 0.04062499850988388 0.05740740895271301
0 0.37317708134651184 0.21990740299224854 0.02552083320915699 0.05277777835726738
0 0.3570312559604645 0.7393518686294556 0.02968749962747097 0.05648148059844971
0 0.7018229365348816 0.46296295523643494 0.02968749962747097 0.08518518507480621
0 0.5598958134651184 0.8217592835426331 0.03541666641831398 0.04537037014961243
0 0.5755208134651184 0.39120370149612427 0.03541666641831398 0.09907407313585281
0 0.34296876192092896 0.2828703820705414 0.03072916716337204 0.05648148059844971
0 0.37161457538604736 0.5305555462837219 0.0442708320915699 0.07592592388391495
0 0.4677083194255829 0.6916666626930237 0.05000000074505806 0.06851851940155029