1 0.4984374940395355 0.6356481313705444 0.012500000186264515 0.021296296268701553
1 0.49817708134651184 0.6458333134651184 0.01406249962747097 0.02500000037252903
1 0.6994791626930237 0.5231481194496155 0.01666666753590107 0.02222222276031971
1 0.5140625238418579 0.8518518805503845 0.01354166679084301 0.02777777798473835
1 0.6778646111488342 0.6685185432434082 0.01822916604578495 0.02777777798473835
1 0.34713542461395264 0.6319444179534912 0.015104166232049465 0.021296296268701553
1 0.48619791865348816 0.769444465637207 0.01406249962747097 0.024074073880910873
1 0.6854166388511658 0.3879629671573639 0.012500000186264515 0.020370369777083397
0 0.5093749761581421 0.8504629731178284 0.02500000037252903 0.0416666679084301
1 0.45885416865348816 0.7629629373550415 0.015625 0.02222222276031971
1 0.5236979126930237 0.5962963104248047 0.015104166232049465 0.02777777798473835
1 0.6460937261581421 0.6597222089767456 0.01614583283662796 0.023148147389292717
1 0.6963541507720947 0.46203702688217163 0.01666666753590107 0.024074073880910873
0 0.7013021111488342 0.5458333492279053 0.02760416641831398 0.06574074178934097
1 0.5544270873069763 0.8361111283302307 0.01406249962747097 0.025925925001502037
0 0.6778646111488342 0.6833333373069763 0.02864583395421505 0.06666667014360428
0 0.49401041865348816 0.664814829826355 0.02760416641831398 0.06111111119389534
0 0.5135416388511658 0.6069444417953491 0.03958333283662796 0.05277777835726738
0 0.6901041865348816 0.36250001192092896 0.03020833246409893 0.0824074074625969
0 0.6479166746139526 0.6805555820465088 0.02604166604578495 0.07592592388391495
0 0.5093749761581421 0.7787036895751953 0.02604166604578495 0.06296296417713165
0 0.49036458134651184 0.7472222447395325 0.02552083320915699 0.06666667014360428
0 0.6973958611488342 0.4722222089767456 0.03437500074505806 0.06666667014360428
0 0.45364582538604736 0.7430555820465088 0.03020833246409893 0.06388889253139496
0 0.3466145694255829 0.6564815044403076 0.02760416641831398 0.07777778059244156
0 0.5424479246139526 0.8472222089767456 0.0390625 0.05000000074505806