0 0.4325520694255829 0.8564814925193787 0.03593749925494194 0.02777777798473835
0 0.5205729007720947 0.8337963223457336 0.03593749925494194 0.03611111268401146
1 0.46692708134651184 0.8638888597488403 0.01406249962747097 0.025925925001502037
1 0.5002604126930237 0.8800926208496094 0.015104166232049465 0.026851851493120193
1 0.43932291865348816 0.8541666865348816 0.015104166232049465 0.02500000037252903
0 0.6416666507720947 0.7245370149612427 0.02604166604578495 0.04722222313284874
1 0.5190104246139526 0.8717592358589172 0.015104166232049465 0.023148147389292717
1 0.4585937559604645 0.8138889074325562 0.01406249962747097 0.031481482088565826
3 0.6122395992279053 0.39351850748062134 0.07864583283662796 0.05925925821065903
0 0.3218750059604645 0.28101852536201477 0.02916666679084301 0.049074072390794754
1 0.6309896111488342 0.39027777314186096 0.015104166232049465 0.034259259700775146
1 0.5877603888511658 0.39351850748062134 0.01718750037252903 0.03333333507180214
0 0.4713541567325592 0.8111110925674438 0.03750000149011612 0.03888889029622078
1 0.359375 0.25555557012557983 0.014583333395421505 0.025925925001502037
0 0.4325520694255829 0.8138889074325562 0.03697916492819786 0.05000000074505806
1 0.31588542461395264 0.29212963581085205 0.01718750037252903 0.026851851493120193
0 0.13776041567325592 0.22268518805503845 0.02760416641831398 0.0416666679084301
1 0.647656261920929 0.7166666388511658 0.01718750037252903 0.031481482088565826
1 0.6841145753860474 0.40046295523643494 0.01822916604578495 0.026851851493120193
0 0.5981770753860474 0.39444443583488464 0.04010416567325592 0.0555555559694767
0 0.3414062559604645 0.2300925999879837 0.02760416641831398 0.06388889253139496
0 0.6424478888511658 0.38333332538604736 0.03802083432674408 0.05925925821065903
1 0.535937488079071 0.2925925850868225 0.01770833320915699 0.029629629105329514
0 0.6171875 0.7671296000480652 0.02291666716337204 0.05462963134050369
1 0.43958333134651184 0.13703703880310059 0.014583333395421505 0.031481482088565826
0 0.6851562261581421 0.3722222149372101 0.02656250074505806 0.0833333358168602
0 0.3736979067325592 0.2421296238899231 0.04010416567325592 0.06018518656492233
3 0.3307291567325592 0.2541666626930237 0.05000000074505806 0.10462962836027145
3 0.629687488079071 0.7453703880310059 0.05416666716337204 0.09814814478158951
0 0.5283854007720947 0.2759259343147278 0.03593749925494194 0.08148147910833359
0 0.4515624940395355 0.12777778506278992 0.04374999925494194 0.06296296417713165