1 0.6755208373069763 0.4138889014720917 0.015625 0.02222222276031971
1 0.672656238079071 0.4027777910232544 0.01614583283662796 0.02222222276031971
1 0.4768229126930237 0.1615740805864334 0.02552083320915699 0.037962961941957474
1 0.6539062261581421 0.3583333194255829 0.015104166232049465 0.025925925001502037
1 0.5247395634651184 0.3791666626930237 0.01718750037252903 0.02500000037252903
3 0.41093748807907104 0.8527777791023254 0.06666667014360428 0.06851851940155029
1 0.5679687261581421 0.19768518209457397 0.01406249962747097 0.028703704476356506
1 0.38593751192092896 0.831944465637207 0.015625 0.026851851493120193
0 0.3934895694255829 0.8374999761581421 0.02968749962747097 0.043518517166376114
1 0.3239583373069763 0.7356481552124023 0.01666666753590107 0.026851851493120193
1 0.33984375 0.25833332538604736 0.01718750037252903 0.025925925001502037
1 0.37552082538604736 0.20648148655891418 0.014583333395421505 0.024074073880910873
1 0.4658854305744171 0.8731481432914734 0.01614583283662796 0.029629629105329514
1 0.28958332538604736 0.4712963104248047 0.01770833320915699 0.02777777798473835
0 0.6776041388511658 0.4356481432914734 0.02916666679084301 0.07870370149612427
0 0.3460937440395355 0.24166665971279144 0.0338541679084301 0.05925925821065903
0 0.38619792461395264 0.19212962687015533 0.03281249850988388 0.05092592537403107
0 0.6619791388511658 0.36759260296821594 0.0364583320915699 0.06481481343507767
0 0.5260416865348816 0.35740742087364197 0.02812499925494194 0.08518518507480621
0 0.47838541865348816 0.8768518567085266 0.0390625 0.04814814776182175
0 0.32994791865348816 0.7532407641410828 0.03593749925494194 0.07129629701375961
0 0.29244792461395264 0.4958333373069763 0.02968749962747097 0.08796296268701553
0 0.4791666567325592 0.1675925999879837 0.03333333507180214 0.06296296417713165
0 0.578906238079071 0.20277777314186096 0.0390625 0.0555555559694767