1 0.5718749761581421 0.6736111044883728 0.02187499962747097 0.03981481492519379
0 0.35234373807907104 0.29722222685813904 0.05781250074505806 0.09074074029922485
3 0.3583333194255829 0.7425925731658936 0.07083333283662796 0.09074074029922485
1 0.5580729246139526 0.5347222089767456 0.01406249962747097 0.026851851493120193
0 0.3684895932674408 0.2708333432674408 0.03593749925494194 0.06018518656492233
3 0.37708333134651184 0.24953703582286835 0.05624999850988388 0.09537036716938019
0 0.3854166567325592 0.2300925999879837 0.02708333358168602 0.05462963134050369
3 0.40052083134651184 0.8111110925674438 0.05833333358168602 0.07777778059244156
3 0.3776041567325592 0.7787036895751953 0.05624999850988388 0.07592592388391495
0 0.3916666805744171 0.8018518686294556 0.02916666679084301 0.04814814776182175
1 0.66015625 0.2518518567085266 0.02031249925494194 0.031481482088565826
3 0.35755208134651184 0.2925925850868225 0.06197916716337204 0.10185185074806213
1 0.5953124761581421 0.6601851582527161 0.01770833320915699 0.025925925001502037
1 0.3361979126930237 0.3273148238658905 0.01927083358168602 0.028703704476356506
0 0.41614583134651184 0.8356481194496155 0.02708333358168602 0.05092592537403107
0 0.41015625 0.19027778506278992 0.0338541679084301 0.06018518656492233
0 0.3674479126930237 0.7638888955116272 0.03177083283662796 0.04814814776182175
1 0.5049479007720947 0.8500000238418579 0.01718750037252903 0.031481482088565826
0 0.51953125 0.8504629731178284 0.04739583283662796 0.049074072390794754
3 0.3984375 0.20601852238178253 0.05937499925494194 0.08611111342906952
0 0.6544271111488342 0.26759257912635803 0.03593749925494194 0.07407407462596893
0 0.33932292461395264 0.7148148417472839 0.03072916716337204 0.05925925821065903
0 0.6002604365348816 0.6379629373550415 0.02968749962747097 0.08518518507480621
0 0.3385416567325592 0.31111112236976624 0.02500000037252903 0.06296296417713165
0 0.567187488079071 0.5240740776062012 0.04270833358168602 0.07037036865949631
0 0.5601562261581421 0.6754629611968994 0.04531250149011612 0.06018518656492233