0 0.5 0.40138888359069824 0.0416666679084301 0.05092592537403107
1 0.5093749761581421 0.39351850748062134 0.014583333395421505 0.025925925001502037
1 0.6651041507720947 0.3097222149372101 0.01770833320915699 0.023148147389292717
1 0.3609375059604645 0.24120371043682098 0.015625 0.028703704476356506
1 0.6117187738418579 0.4722222089767456 0.01614583283662796 0.031481482088565826
1 0.33411458134651184 0.3166666626930237 0.01614583283662796 0.025925925001502037
1 0.5361979007720947 0.38657405972480774 0.01718750037252903 0.02500000037252903
1 0.4359374940395355 0.6791666746139526 0.01770833320915699 0.026851851493120193
1 0.47734373807907104 0.45277777314186096 0.01406249962747097 0.025925925001502037
1 0.4802083373069763 0.41111111640930176 0.012500000186264515 0.025925925001502037
1 0.3333333432674408 0.6342592835426331 0.01666666753590107 0.02777777798473835
1 0.3817708194255829 0.4486111104488373 0.014583333395421505 0.02500000037252903
1 0.44479167461395264 0.19583334028720856 0.015625 0.03055555559694767
0 0.4651041626930237 0.41805556416511536 0.03958333283662796 0.04537037014961243
0 0.35338541865348816 0.2578703761100769 0.03177083283662796 0.06388889253139496
0 0.6252604126930237 0.4782407283782959 0.05260416492819786 0.0694444477558136
0 0.32760417461395264 0.33703702688217163 0.0364583320915699 0.07592592388391495
0 0.6677083373069763 0.2944444417953491 0.03125 0.06296296417713165
0 0.33255207538604736 0.6129629611968994 0.03489583358168602 0.09259258955717087
0 0.5346354246139526 0.4166666567325592 0.02968749962747097 0.07962962985038757
0 0.4388020932674408 0.699999988079071 0.03281249850988388 0.09259258955717087
0 0.4906249940395355 0.46898147463798523 0.0364583320915699 0.05462963134050369
0 0.3893229067325592 0.4296296238899231 0.0390625 0.07592592388391495
0 0.46015626192092896 0.19722221791744232 0.0494791679084301 0.05740740895271301