1 0.5263020992279053 0.8287037014961243 0.01718750037252903 0.024074073880910873
1 0.672656238079071 0.32777777314186096 0.01614583283662796 0.02222222276031971
1 0.625781238079071 0.2648148238658905 0.015104166232049465 0.02777777798473835
0 0.4606770873069763 0.8388888835906982 0.03177083283662796 0.051851850003004074
1 0.4255208373069763 0.8254629373550415 0.02187499962747097 0.03055555559694767
0 0.4281249940395355 0.8273147940635681 0.02708333358168602 0.034259259700775146
1 0.4671874940395355 0.8296296000480652 0.014583333395421505 0.029629629105329514
1 0.46692708134651184 0.8662037253379822 0.013020833022892475 0.026851851493120193
0 0.4424479305744171 0.8388888835906982 0.05885416641831398 0.06296296417713165
0 0.6351562738418579 0.7370370626449585 0.02656250074505806 0.04259259253740311
3 0.4427083432674408 0.8379629850387573 0.0625 0.06481481343507767
1 0.6471354365348816 0.24629630148410797 0.01614583283662796 0.02777777798473835
1 0.5015624761581421 0.8828703761100769 0.014583333395421505 0.026851851493120193
1 0.5921875238418579 0.3949074149131775 0.014583333395421505 0.028703704476356506
0 0.1380208283662796 0.22546295821666718 0.02500000037252903 0.037962961941957474
1 0.6395833492279053 0.7291666865348816 0.015625 0.026851851493120193
1 0.62890625 0.3879629671573639 0.015104166232049465 0.029629629105329514
1 0.35598957538604736 0.2569444477558136 0.01614583283662796 0.03055555559694767
1 0.3114583194255829 0.3004629611968994 0.01666666753590107 0.028703704476356506
0 0.6388021111488342 0.3689814805984497 0.03489583358168602 0.0694444477558136
0 0.6039062738418579 0.3930555582046509 0.0338541679084301 0.04722222313284874
3 0.6216145753860474 0.3731481432914734 0.0703125 0.08148147910833359
0 0.609375 0.770370364189148 0.02500000037252903 0.04814814776182175
3 0.6223958134651184 0.7537037134170532 0.0520833320915699 0.08888889104127884
0 0.31979167461395264 0.2856481373310089 0.03541666641831398 0.06018518656492233
0 0.6682291626930237 0.31481480598449707 0.03541666641831398 0.06666667014360428
0 0.37057292461395264 0.24953703582286835 0.04322916641831398 0.05648148059844971
0 0.6380208134651184 0.2509259283542633 0.03958333283662796 0.06666667014360428