1 0.6703125238418579 0.6009259223937988 0.01770833320915699 0.02777777798473835
1 0.3427083194255829 0.38055557012557983 0.01666666753590107 0.024074073880910873
3 0.668749988079071 0.6203703880310059 0.03437500074505806 0.08148147910833359
1 0.676562488079071 0.5370370149612427 0.01666666753590107 0.024074073880910873
0 0.6768229007720947 0.5560185313224792 0.0234375 0.06759259104728699
1 0.5591145753860474 0.34768518805503845 0.013020833022892475 0.028703704476356506
3 0.675000011920929 0.5870370268821716 0.03229166567325592 0.12777778506278992
1 0.4481770694255829 0.3499999940395355 0.01614583283662796 0.029629629105329514
1 0.4505208432674408 0.8518518805503845 0.01666666753590107 0.031481482088565826
1 0.28333333134651184 0.6157407164573669 0.01666666753590107 0.02777777798473835
1 0.37708333134651184 0.625 0.015625 0.02222222276031971
1 0.3697916567325592 0.8194444179534912 0.01354166679084301 0.024074073880910873
1 0.30416667461395264 0.6939814686775208 0.01666666753590107 0.028703704476356506
1 0.653124988079071 0.34953704476356506 0.01666666753590107 0.03055555559694767
1 0.4833333194255829 0.36064815521240234 0.01666666753590107 0.03055555559694767
1 0.5630208253860474 0.6171296238899231 0.01354166679084301 0.03055555559694767
0 0.30156248807907104 0.6805555820465088 0.03229166567325592 0.07777778059244156
0 0.6664062738418579 0.6263889074325562 0.02760416641831398 0.07129629701375961
0 0.4429687559604645 0.3671296238899231 0.03177083283662796 0.07870370149612427
0 0.49401041865348816 0.3462963104248047 0.04010416567325592 0.05740740895271301
0 0.2809895873069763 0.5925925970077515 0.03177083283662796 0.0833333358168602
0 0.37838542461395264 0.6425926089286804 0.02760416641831398 0.0833333358168602
0 0.6442708373069763 0.36342594027519226 0.04062499850988388 0.08055555820465088
0 0.5463541746139526 0.3462963104248047 0.04270833358168602 0.05000000074505806
0 0.34453123807907104 0.4000000059604645 0.03072916716337204 0.08518518507480621
0 0.3778645694255829 0.8259259462356567 0.03281249850988388 0.046296294778585434
0 0.4361979067325592 0.8439815044403076 0.04843749850988388 0.06388889253139496
0 0.5765625238418579 0.6152777671813965 0.04791666567325592 0.06388889253139496