0 0.32239583134651184 0.30416667461395264 0.03854166716337204 0.06388889253139496
1 0.6580728888511658 0.33472222089767456 0.01718750037252903 0.023148147389292717
0 0.328125 0.26435184478759766 0.02708333358168602 0.06203703582286835
1 0.5721353888511658 0.7689814567565918 0.01822916604578495 0.028703704476356506
0 0.6440104246139526 0.2995370328426361 0.03177083283662796 0.05462963134050369
1 0.5880208611488342 0.22499999403953552 0.01770833320915699 0.02777777798473835
0 0.3135416805744171 0.30787035822868347 0.02604166604578495 0.04537037014961243
3 0.6533854007720947 0.33564814925193787 0.04739583283662796 0.11944444477558136
3 0.3114583194255829 0.3402777910232544 0.05624999850988388 0.1101851835846901
1 0.3343749940395355 0.25046294927597046 0.01354166679084301 0.023148147389292717
1 0.49531251192092896 0.5722222328186035 0.015625 0.025925925001502037
1 0.2770833373069763 0.47870370745658875 0.01875000074505806 0.025925925001502037
0 0.6161458492279053 0.24768517911434174 0.03125 0.05092592537403107
1 0.29374998807907104 0.6370370388031006 0.01770833320915699 0.024074073880910873
0 0.5674479007720947 0.7842592597007751 0.0338541679084301 0.06481481343507767
0 0.2979166805744171 0.3620370328426361 0.03229166567325592 0.06296296417713165
3 0.6299479007720947 0.27916666865348816 0.0651041641831398 0.09907407313585281
3 0.32421875 0.2856481373310089 0.04218750074505806 0.10092592239379883
1 0.45104166865348816 0.1736111044883728 0.01666666753590107 0.03055555559694767
0 0.2760416567325592 0.5037037134170532 0.02916666679084301 0.0833333358168602
0 0.5796874761581421 0.20555555820465088 0.03229166567325592 0.06296296417713165
0 0.48906248807907104 0.5555555820465088 0.03541666641831398 0.07222222536802292
0 0.296875 0.6592592597007751 0.03020833246409893 0.0833333358168602
0 0.39531248807907104 0.793055534362793 0.02916666679084301 0.07314814627170563
0 0.660937488079071 0.3569444417953491 0.02708333358168602 0.06388889253139496
0 0.4385416805744171 0.18611110746860504 0.04479166492819786 0.06851851940155029