1 0.6541666388511658 0.6615740656852722 0.01666666753590107 0.02500000037252903
3 0.6057291626930237 0.6893518567085266 0.0520833320915699 0.10833333432674408
1 0.5127604007720947 0.7740740776062012 0.02031249925494194 0.029629629105329514
0 0.6223958134651184 0.6518518328666687 0.02812499925494194 0.06111111119389534
0 0.6018229126930237 0.7138888835906982 0.03593749925494194 0.06851851940155029
1 0.31640625 0.6865741014480591 0.01718750037252903 0.028703704476356506
0 0.32499998807907104 0.6782407164573669 0.02812499925494194 0.06388889253139496
1 0.3036458194255829 0.6601851582527161 0.01875000074505806 0.025925925001502037
0 0.30078125 0.6393518447875977 0.02760416641831398 0.07314814627170563
1 0.5114583373069763 0.26620370149612427 0.01770833320915699 0.032407406717538834
1 0.2992187440395355 0.3898148238658905 0.015104166232049465 0.02777777798473835
1 0.3955729305744171 0.6962962746620178 0.01718750037252903 0.02777777798473835
0 0.5018228888511658 0.7736111283302307 0.05052083358168602 0.04722222313284874
1 0.4039062559604645 0.7856481671333313 0.01614583283662796 0.03055555559694767
0 0.5018228888511658 0.27731481194496155 0.0390625 0.05833333358168602
0 0.38619792461395264 0.6759259104728699 0.04114583507180214 0.07962962985038757
0 0.6606770753860474 0.6472222208976746 0.03177083283662796 0.06111111119389534
0 0.3083333373069763 0.37268519401550293 0.04062499850988388 0.07685185223817825
0 0.3453125059604645 0.25231480598449707 0.03020833246409893 0.05462963134050369
0 0.3908854126930237 0.7740740776062012 0.04635416716337204 0.06666667014360428