3 0.34166666865348816 0.26759257912635803 0.03854166716337204 0.10740740597248077
0 0.5934895873069763 0.8481481671333313 0.0234375 0.051851850003004074
1 0.5877603888511658 0.8277778029441833 0.015104166232049465 0.024074073880910873
1 0.6442708373069763 0.7518518567085266 0.02291666716337204 0.040740739554166794
1 0.3395833373069763 0.26944443583488464 0.01770833320915699 0.024074073880910873
1 0.539843738079071 0.9004629850387573 0.015104166232049465 0.028703704476356506
1 0.32109373807907104 0.3162037134170532 0.01614583283662796 0.026851851493120193
1 0.3031249940395355 0.34583333134651184 0.01666666753590107 0.026851851493120193
1 0.4476562440395355 0.4263888895511627 0.01718750037252903 0.03055555559694767
1 0.4104166626930237 0.8472222089767456 0.01875000074505806 0.031481482088565826
1 0.3645833432674408 0.8069444298744202 0.015625 0.028703704476356506
1 0.3734374940395355 0.36574074625968933 0.01666666753590107 0.025925925001502037
1 0.640625 0.7546296119689941 0.014583333395421505 0.025925925001502037
1 0.3903645873069763 0.43703705072402954 0.01718750037252903 0.02777777798473835
0 0.3244791626930237 0.2967592477798462 0.02916666679084301 0.06574074178934097
1 0.49791666865348816 0.13935184478759766 0.01770833320915699 0.034259259700775146
0 0.3984375 0.41342592239379883 0.03437500074505806 0.07500000298023224
1 0.5588541626930237 0.18981482088565826 0.01979166641831398 0.035185184329748154
1 0.4208333194255829 0.24537037312984467 0.01770833320915699 0.029629629105329514
0 0.42239582538604736 0.8615740537643433 0.0416666679084301 0.06203703582286835
0 0.3460937440395355 0.24861110746860504 0.02864583395421505 0.06759259104728699
0 0.2981770932674408 0.3717592656612396 0.03281249850988388 0.07870370149612427
1 0.32473957538604736 0.4453703761100769 0.01822916604578495 0.02777777798473835
0 0.44869792461395264 0.4018518626689911 0.03177083283662796 0.09444444626569748
0 0.4117187559604645 0.2629629671573639 0.03593749925494194 0.07037036865949631
0 0.569531261920929 0.20555555820465088 0.04010416567325592 0.07037036865949631
0 0.37291666865348816 0.34351852536201477 0.02916666679084301 0.08703703433275223
0 0.6486979126930237 0.7550926208496094 0.03593749925494194 0.06759259104728699
0 0.35859376192092896 0.7842592597007751 0.03697916492819786 0.09259258955717087
0 0.3307291567325592 0.4208333194255829 0.03333333507180214 0.07685185223817825
0 0.4859375059604645 0.13703703880310059 0.04374999925494194 0.06296296417713165