0 0.5604166388511658 0.895370364189148 0.01875000074505806 0.024074073880910873
1 0.49791666865348816 0.8893518447875977 0.02187499962747097 0.032407406717538834
1 0.6312500238418579 0.26342591643333435 0.014583333395421505 0.03055555559694767
1 0.04531250149011612 0.29629629850387573 0.014583333395421505 0.024074073880910873
1 0.7015625238418579 0.7046296000480652 0.01770833320915699 0.029629629105329514
1 0.6401041746139526 0.8143518567085266 0.01666666753590107 0.03055555559694767
1 0.015104166232049465 0.5259259343147278 0.01770833320915699 0.02777777798473835
1 0.0455729179084301 0.38425925374031067 0.01822916604578495 0.02777777798473835
0 0.4984374940395355 0.8962963223457336 0.02500000037252903 0.0555555559694767
1 0.3486979305744171 0.7111111283302307 0.01822916604578495 0.024074073880910873
0 0.375 0.7842592597007751 0.03333333507180214 0.07222222536802292
0 0.014583333395421505 0.18981482088565826 0.02812499925494194 0.03703703731298447
1 0.5682291388511658 0.6194444298744202 0.01770833320915699 0.031481482088565826
0 0.6802083253860474 0.7888888716697693 0.02291666716337204 0.040740739554166794
0 0.6520833373069763 0.24166665971279144 0.02708333358168602 0.04259259253740311
1 0.6513020992279053 0.539814829826355 0.015104166232049465 0.031481482088565826
1 0.6630208492279053 0.582870364189148 0.015625 0.032407406717538834
1 0.03541666641831398 0.22962963581085205 0.012500000186264515 0.02222222276031971
0 0.04479166492819786 0.3731481432914734 0.02604166604578495 0.07592592388391495
0 0.6502603888511658 0.8171296119689941 0.03802083432674408 0.04537037014961243
3 0.36406248807907104 0.7611111402511597 0.0572916679084301 0.1240740716457367
0 0.3466145694255829 0.727314829826355 0.02239583246409893 0.06574074178934097
0 0.6213541626930237 0.2828703820705414 0.03541666641831398 0.06203703582286835
0 0.01406249962747097 0.5078703761100769 0.02708333358168602 0.07870370149612427
3 0.6338541507720947 0.26759257912635803 0.06145833432674408 0.09444444626569748
0 0.04140625149011612 0.31296294927597046 0.0234375 0.06666667014360428
0 0.03072916716337204 0.2430555522441864 0.02916666679084301 0.05648148059844971
0 0.5609375238418579 0.6347222328186035 0.04479166492819786 0.08055555820465088
0 0.6773437261581421 0.5824074149131775 0.04739583283662796 0.0555555559694767
0 0.7106770873069763 0.6888889074325562 0.0390625 0.07592592388391495
3 0.6640625 0.8018518686294556 0.06354166567325592 0.07592592388391495
0 0.6364583373069763 0.5314815044403076 0.046875 0.06296296417713165