1 0.5614583492279053 0.895370364189148 0.01770833320915699 0.025925925001502037
0 0.4986979067325592 0.8995370268821716 0.02031249925494194 0.05462963134050369
1 0.7197916507720947 0.6870370507240295 0.015625 0.02222222276031971
1 0.5505208373069763 0.585185170173645 0.015625 0.03333333507180214
1 0.015625 0.5268518328666687 0.01770833320915699 0.029629629105329514
1 0.5877603888511658 0.4972222149372101 0.01927083358168602 0.03333333507180214
1 0.35859376192092896 0.7439814805984497 0.01822916604578495 0.026851851493120193
1 0.7072916626930237 0.3787037134170532 0.01875000074505806 0.031481482088565826
1 0.0455729179084301 0.385185182094574 0.015104166232049465 0.024074073880910873
1 0.03489583358168602 0.2611111104488373 0.012500000186264515 0.02777777798473835
1 0.5210937261581421 0.8513888716697693 0.02135416679084301 0.032407406717538834
1 0.6322916746139526 0.7263888716697693 0.01979166641831398 0.028703704476356506
0 0.014583333395421505 0.18888889253139496 0.02916666679084301 0.046296294778585434
1 0.4166666567325592 0.5606481432914734 0.015625 0.034259259700775146
1 0.3880208432674408 0.6189814805984497 0.01666666753590107 0.034259259700775146
0 0.7255208492279053 0.6629629731178284 0.03020833246409893 0.07222222536802292
0 0.714062511920929 0.7287036776542664 0.02916666679084301 0.06111111119389534
0 0.014583333395421505 0.5097222328186035 0.02812499925494194 0.07685185223817825
0 0.5221354365348816 0.8712962865829468 0.02552083320915699 0.07962962985038757
0 0.02447916753590107 0.2541666626930237 0.03854166716337204 0.06018518656492233
0 0.04635416716337204 0.37268519401550293 0.02916666679084301 0.07129629701375961
0 0.5791666507720947 0.4819444417953491 0.04583333432674408 0.0824074074625969
0 0.3747395873069763 0.6282407641410828 0.0494791679084301 0.07500000298023224
0 0.36145833134651184 0.7648147940635681 0.03437500074505806 0.09074074029922485
0 0.02630208246409893 0.442592591047287 0.04218750074505806 0.07037036865949631
0 0.715624988079071 0.39953702688217163 0.03854166716337204 0.0972222238779068
0 0.6343749761581421 0.7513889074325562 0.03125 0.08796296268701553
0 0.5375000238418579 0.5837963223457336 0.05312500149011612 0.07314814627170563
0 0.4046874940395355 0.5578703880310059 0.04895833507180214 0.07500000298023224