1 0.47838541865348816 0.6712962985038757 0.00989583320915699 0.01666666753590107
1 0.5119791626930237 0.6893518567085266 0.014583333395421505 0.02500000037252903
1 0.4593749940395355 0.6041666865348816 0.01145833358168602 0.017592592164874077
1 0.3921875059604645 0.75 0.01145833358168602 0.020370369777083397
1 0.49401041865348816 0.5060185194015503 0.010937499813735485 0.021296296268701553
0 0.4729166626930237 0.8157407641410828 0.02187499962747097 0.02777777798473835
1 0.45494791865348816 0.47175925970077515 0.010937499813735485 0.02500000037252903
1 0.5179687738418579 0.5064814686775208 0.01406249962747097 0.020370369777083397
1 0.539843738079071 0.3106481432914734 0.01406249962747097 0.026851851493120193
1 0.567187488079071 0.31805557012557983 0.01666666753590107 0.028703704476356506
0 0.5122395753860474 0.7972221970558167 0.0234375 0.03888889029622078
0 0.44479167461395264 0.47453704476356506 0.03437500074505806 0.0416666679084301
0 0.45390623807907104 0.6157407164573669 0.02760416641831398 0.0555555559694767
0 0.5054687261581421 0.6981481313705444 0.02760416641831398 0.046296294778585434
0 0.5182291865348816 0.5217592716217041 0.02083333395421505 0.06574074178934097
0 0.4802083373069763 0.6587963104248047 0.02395833283662796 0.06574074178934097
0 0.40182292461395264 0.7379629611968994 0.03177083283662796 0.05000000074505806
0 0.48515623807907104 0.5138888955116272 0.02864583395421505 0.04814814776182175
0 0.4229166805744171 0.7824074029922485 0.02083333395421505 0.051851850003004074
0 0.5549479126930237 0.31018519401550293 0.04531250149011612 0.05000000074505806