1 0.015104166232049465 0.5268518328666687 0.01770833320915699 0.029629629105329514
1 0.04322916641831398 0.29722222685813904 0.01666666753590107 0.025925925001502037
1 0.5492187738418579 0.4712963104248047 0.01718750037252903 0.02222222276031971
0 0.49921876192092896 0.9004629850387573 0.02239583246409893 0.05462963134050369
0 0.5505208373069763 0.4912036955356598 0.02708333358168602 0.0694444477558136
1 0.503125011920929 0.7689814567565918 0.01770833320915699 0.028703704476356506
1 0.7096354365348816 0.3837963044643402 0.01927083358168602 0.02500000037252903
0 0.3486979305744171 0.7393518686294556 0.02656250074505806 0.049074072390794754
1 0.0455729179084301 0.3856481611728668 0.01822916604578495 0.026851851493120193
0 0.014583333395421505 0.18888889253139496 0.02812499925494194 0.03888889029622078
1 0.3734374940395355 0.762499988079071 0.01770833320915699 0.02500000037252903
1 0.4619791805744171 0.8004629611968994 0.01875000074505806 0.026851851493120193
1 0.6908854246139526 0.5375000238418579 0.01822916604578495 0.026851851493120193
1 0.03541666641831398 0.23055554926395416 0.012500000186264515 0.02222222276031971
0 0.04479166492819786 0.3717592656612396 0.02604166604578495 0.07685185223817825
0 0.4661458432674408 0.8162037134170532 0.02604166604578495 0.06018518656492233
3 0.5526041388511658 0.5319444537162781 0.03020833246409893 0.1398148089647293
0 0.6734374761581421 0.7990740537643433 0.03541666641831398 0.08148147910833359
0 0.49791666865348816 0.7842592597007751 0.03125 0.06666667014360428
0 0.553906261920929 0.5662037134170532 0.02552083320915699 0.07500000298023224
0 0.01406249962747097 0.5092592835426331 0.02708333358168602 0.07962962985038757
0 0.04140625149011612 0.3134259283542633 0.0234375 0.06759259104728699
0 0.03098958358168602 0.24351851642131805 0.02968749962747097 0.0555555559694767
0 0.7088541388511658 0.3611111044883728 0.03020833246409893 0.07592592388391495
0 0.37447917461395264 0.7819444537162781 0.02291666716337204 0.07870370149612427
0 0.6846354007720947 0.5620370507240295 0.03281249850988388 0.08703703433275223