3 0.5151041746139526 0.2995370328426361 0.03958333283662796 0.05833333358168602
1 0.38671875 0.23749999701976776 0.01406249962747097 0.02500000037252903
1 0.5302083492279053 0.28240740299224854 0.014583333395421505 0.031481482088565826
1 0.5531250238418579 0.30601853132247925 0.01770833320915699 0.02500000037252903
1 0.614062488079071 0.7708333134651184 0.01666666753590107 0.028703704476356506
1 0.3882812559604645 0.720370352268219 0.01614583283662796 0.025925925001502037
1 0.6309896111488342 0.2787036895751953 0.01614583283662796 0.02777777798473835
1 0.58984375 0.5 0.01718750037252903 0.02777777798473835
0 0.3776041567325592 0.2541666626930237 0.03437500074505806 0.06574074178934097
0 0.6036458611488342 0.7935185432434082 0.03854166716337204 0.07592592388391495
1 0.5885416865348816 0.5722222328186035 0.01770833320915699 0.029629629105329514
0 0.5145833492279053 0.3004629611968994 0.03958333283662796 0.05833333358168602
1 0.3505208194255829 0.35277777910232544 0.01770833320915699 0.029629629105329514
1 0.46276041865348816 0.16296295821666718 0.01822916604578495 0.029629629105329514
3 0.3890624940395355 0.22962963581085205 0.05520833283662796 0.11296296119689941
1 0.4078125059604645 0.3245370388031006 0.02083333395421505 0.02500000037252903
0 0.641406238079071 0.29398149251937866 0.03697916492819786 0.06759259104728699
0 0.5489583611488342 0.28796297311782837 0.02812499925494194 0.06296296417713165
0 0.40546876192092896 0.19027778506278992 0.02864583395421505 0.05648148059844971
0 0.47578126192092896 0.16296295821666718 0.0442708320915699 0.046296294778585434
0 0.3427083194255829 0.3717592656612396 0.03437500074505806 0.08055555820465088
0 0.5791666507720947 0.5555555820465088 0.03541666641831398 0.06481481343507767
0 0.5981770753860474 0.48055556416511536 0.03697916492819786 0.06851851940155029
0 0.4085937440395355 0.3541666567325592 0.02760416641831398 0.08981481194496155
0 0.38619792461395264 0.6944444179534912 0.02968749962747097 0.08888889104127884