1 0.18888889253139496 0.31525155901908875 0.025925925001502037 0.022012578323483467
0 0.3375000059604645 0.33058175444602966 0.06388889253139496 0.03537735715508461
0 0.4157407283782959 0.25235849618911743 0.06851851940155029 0.034591194242239
1 0.37731480598449707 0.3125 0.026851851493120193 0.019654087722301483
3 0.1615740805864334 0.4162735939025879 0.10462962836027145 0.06839622557163239
1 0.3643518388271332 0.32232704758644104 0.026851851493120193 0.020440252497792244
3 0.3967592716217041 0.2566823959350586 0.10092592239379883 0.055817611515522
3 0.40601852536201477 0.2991352081298828 0.0824074074625969 0.049528300762176514
3 0.2717592716217041 0.46147799491882324 0.10092592239379883 0.08176100999116898
0 0.364814817905426 0.25982704758644104 0.03888889029622078 0.055817611515522
1 0.7004629373550415 0.2720125913619995 0.028703704476356506 0.020440252497792244
1 0.2768518626689911 0.4599056541919708 0.031481482088565826 0.020440252497792244
0 0.30092594027519226 0.4363207519054413 0.04814814776182175 0.04245283082127571
0 0.2490740716457367 0.4791666567325592 0.05740740895271301 0.04009433835744858
1 0.36666667461395264 0.24174527823925018 0.031481482088565826 0.021226415410637856
1 0.28240740299224854 0.5636792182922363 0.03333333507180214 0.025157231837511063
1 0.15833333134651184 0.28930819034576416 0.035185184329748154 0.028301887214183807
1 0.43611112236976624 0.2558962404727936 0.024074073880910873 0.019654087722301483
1 0.40740740299224854 0.38482704758644104 0.031481482088565826 0.021226415410637856
1 0.25925925374031067 0.151729553937912 0.03333333507180214 0.025157231837511063
1 0.12777778506278992 0.43553459644317627 0.02777777798473835 0.022012578323483467
0 0.13472221791744232 0.4225628972053528 0.05092592537403107 0.05896226316690445
1 0.317592591047287 0.3046383559703827 0.025925925001502037 0.01808176189661026
1 0.644444465637207 0.4933176040649414 0.035185184329748154 0.02279874123632908
1 0.3263888955116272 0.5196540951728821 0.032407406717538834 0.02358490601181984
0 0.41527777910232544 0.2928459048271179 0.07314814627170563 0.038522012531757355
0 0.42222222685813904 0.3679245412349701 0.07037036865949631 0.05817610025405884
0 0.6814814805984497 0.2932389974594116 0.06851851940155029 0.06603773683309555
1 0.7712963223457336 0.5086477994918823 0.035185184329748154 0.025157231837511063
0 0.29120370745658875 0.2912735939025879 0.06574074178934097 0.044811319559812546
0 0.6518518328666687 0.5212264060974121 0.0555555559694767 0.07232704758644104
0 0.7509258985519409 0.5286949872970581 0.07777778059244156 0.06367924809455872
0 0.2657407522201538 0.5475628972053528 0.06851851940155029 0.062106918543577194
0 0.23888888955116272 0.17138364911079407 0.07592592388391495 0.06603773683309555
0 0.16990740597248077 0.2999213933944702 0.0694444477558136 0.057389937341213226
0 0.3402777910232544 0.50157231092453 0.05648148059844971 0.06132075563073158