1 0.606249988079071 0.7916666865348816 0.02187499962747097 0.029629629105329514
3 0.4177083373069763 0.8620370626449585 0.0572916679084301 0.07592592388391495
1 0.4000000059604645 0.835185170173645 0.01770833320915699 0.029629629105329514
0 0.6080729365348816 0.8115741014480591 0.05781250074505806 0.07685185223817825
3 0.6083333492279053 0.8125 0.06145833432674408 0.08055555820465088
1 0.3294270932674408 0.7250000238418579 0.01614583283662796 0.025925925001502037
1 0.3414062559604645 0.7546296119689941 0.02135416679084301 0.031481482088565826
0 0.43958333134651184 0.8777777552604675 0.02708333358168602 0.06296296417713165
1 0.49531251192092896 0.8412036895751953 0.01666666753590107 0.028703704476356506
0 0.3643229305744171 0.7939814925193787 0.02239583246409893 0.05092592537403107
1 0.3213541805744171 0.32407405972480774 0.014583333395421505 0.025925925001502037
1 0.4348958432674408 0.8606481552124023 0.01770833320915699 0.03055555559694767
0 0.3622395694255829 0.7379629611968994 0.02968749962747097 0.07407407462596893
1 0.40703123807907104 0.654629647731781 0.01614583283662796 0.029629629105329514
1 0.6880208253860474 0.34166666865348816 0.01666666753590107 0.02222222276031971
1 0.6656249761581421 0.28148147463798523 0.014583333395421505 0.024074073880910873
0 0.4088541567325592 0.8472222089767456 0.03541666641831398 0.0555555559694767
1 0.6473958492279053 0.7537037134170532 0.015625 0.024074073880910873
0 0.5960937738418579 0.7879629731178284 0.0390625 0.03888889029622078
0 0.32239583134651184 0.7106481194496155 0.02812499925494194 0.05092592537403107
0 0.690625011920929 0.3550925850868225 0.02812499925494194 0.07870370149612427
0 0.6205729246139526 0.8212962746620178 0.03072916716337204 0.05740740895271301
0 0.4000000059604645 0.6365740895271301 0.03750000149011612 0.07870370149612427
0 0.657031238079071 0.2578703761100769 0.03697916492819786 0.07129629701375961
3 0.3544270694255829 0.7689814567565918 0.04322916641831398 0.10648148506879807
0 0.6416666507720947 0.7370370626449585 0.03750000149011612 0.07222222536802292
0 0.3291666805744171 0.3361110985279083 0.0364583320915699 0.07407407462596893