1 0.5843750238418579 0.8282407522201538 0.015625 0.028703704476356506
0 0.594531238079071 0.8458333611488342 0.02447916753590107 0.06018518656492233
1 0.4768229126930237 0.14305555820465088 0.015104166232049465 0.028703704476356506
0 0.4177083373069763 0.8726851940155029 0.03229166567325592 0.05277777835726738
1 0.5138021111488342 0.14398148655891418 0.01614583283662796 0.03055555559694767
0 0.49947917461395264 0.14027777314186096 0.04479166492819786 0.037962961941957474
1 0.5289062261581421 0.15740740299224854 0.01718750037252903 0.031481482088565826
1 0.30130207538604736 0.3671296238899231 0.01718750037252903 0.026851851493120193
1 0.5390625 0.9013888835906982 0.014583333395421505 0.028703704476356506
1 0.44739583134651184 0.4268518388271332 0.01666666753590107 0.029629629105329514
1 0.29765623807907104 0.40046295523643494 0.015104166232049465 0.03055555559694767
1 0.3908854126930237 0.43703705072402954 0.01718750037252903 0.029629629105329514
1 0.4098958373069763 0.6203703880310059 0.01770833320915699 0.03333333507180214
1 0.32760417461395264 0.4504629671573639 0.01666666753590107 0.02500000037252903
1 0.3726562559604645 0.37268519401550293 0.01718750037252903 0.023148147389292717
0 0.3986979126930237 0.4148148000240326 0.03489583358168602 0.08148147910833359
1 0.2854166626930237 0.550000011920929 0.01979166641831398 0.029629629105329514
1 0.43046873807907104 0.24583333730697632 0.01927083358168602 0.034259259700775146
1 0.6328125 0.7250000238418579 0.01666666753590107 0.03333333507180214
0 0.46171873807907104 0.13611111044883728 0.04010416567325592 0.04444444552063942
0 0.375 0.35185185074806213 0.02916666679084301 0.0962962955236435
0 0.5434895753860474 0.1537037044763565 0.04322916641831398 0.05000000074505806
0 0.30937498807907104 0.34953704476356506 0.03541666641831398 0.06018518656492233
0 0.28177082538604736 0.5245370268821716 0.03229166567325592 0.08981481194496155
0 0.2927083373069763 0.41990742087364197 0.03437500074505806 0.07129629701375961
0 0.4494791626930237 0.40138888359069824 0.03333333507180214 0.09907407313585281
0 0.4255208373069763 0.6157407164573669 0.05520833283662796 0.06666667014360428
0 0.3307291567325592 0.4268518388271332 0.03229166567325592 0.0833333358168602
0 0.4153645932674408 0.2569444477558136 0.0494791679084301 0.06388889253139496
0 0.6158854365348816 0.7300925850868225 0.0546875 0.06574074178934097