1 0.5330728888511658 0.2796296179294586 0.015104166232049465 0.031481482088565826
1 0.3695312440395355 0.2537037134170532 0.01718750037252903 0.02777777798473835
1 0.6421874761581421 0.3125 0.015625 0.026851851493120193
1 0.3880208432674408 0.7208333611488342 0.015625 0.026851851493120193
1 0.5895833373069763 0.4990740716457367 0.01770833320915699 0.02777777798473835
1 0.5533854365348816 0.30601853132247925 0.01718750037252903 0.02500000037252903
0 0.6041666865348816 0.793055534362793 0.03125 0.0694444477558136
1 0.5885416865348816 0.5722222328186035 0.01770833320915699 0.029629629105329514
1 0.3916666805744171 0.4740740656852722 0.01979166641831398 0.029629629105329514
0 0.5130208134651184 0.3097222149372101 0.03750000149011612 0.07129629701375961
1 0.610156238079071 0.7722222208976746 0.01718750037252903 0.02777777798473835
1 0.48776042461395264 0.16527777910232544 0.01614583283662796 0.028703704476356506
3 0.5908854007720947 0.802314817905426 0.05572916567325592 0.08611111342906952
0 0.578125 0.8212962746620178 0.02812499925494194 0.04444444552063942
1 0.31588542461395264 0.45370370149612427 0.01927083358168602 0.02777777798473835
0 0.3591145873069763 0.2717592716217041 0.03281249850988388 0.06388889253139496
0 0.5479166507720947 0.28703704476356506 0.03020833246409893 0.06666667014360428
1 0.40833333134651184 0.19305555522441864 0.01770833320915699 0.028703704476356506
0 0.49947917461395264 0.16342592239379883 0.0416666679084301 0.049074072390794754
0 0.65234375 0.3296296298503876 0.0338541679084301 0.06851851940155029
0 0.578906238079071 0.5560185313224792 0.03489583358168602 0.06388889253139496
0 0.3153645694255829 0.48148149251937866 0.03177083283662796 0.09259258955717087
0 0.38723957538604736 0.5009258985519409 0.03072916716337204 0.08518518507480621
0 0.5986979007720947 0.48055556416511536 0.03697916492819786 0.06666667014360428
0 0.41979166865348816 0.20462962985038757 0.03958333283662796 0.05740740895271301
0 0.3856770694255829 0.6944444179534912 0.02968749962747097 0.08888889104127884