1 0.48255208134651184 0.8912037014961243 0.01614583283662796 0.028703704476356506
1 0.5669270753860474 0.6194444298744202 0.02135416679084301 0.025925925001502037
1 0.5338541865348816 0.8745370507240295 0.015625 0.02500000037252903
1 0.7114583253860474 0.510185182094574 0.015625 0.024074073880910873
1 0.5208333134651184 0.7361111044883728 0.015625 0.031481482088565826
1 0.6539062261581421 0.7472222447395325 0.01406249962747097 0.025925925001502037
1 0.4820312559604645 0.7351852059364319 0.01927083358168602 0.029629629105329514
1 0.49687498807907104 0.6523148417472839 0.014583333395421505 0.026851851493120193
1 0.5859375 0.637499988079071 0.01666666753590107 0.028703704476356506
1 0.7044270634651184 0.4287036955356598 0.01406249962747097 0.020370369777083397
1 0.4651041626930237 0.6949074268341064 0.01666666753590107 0.026851851493120193
1 0.43359375 0.8587962985038757 0.02031249925494194 0.03055555559694767
1 0.3343749940395355 0.7324073910713196 0.01354166679084301 0.025925925001502037
1 0.30807292461395264 0.3523148000240326 0.01718750037252903 0.021296296268701553
0 0.7114583253860474 0.5444444417953491 0.02812499925494194 0.05000000074505806
0 0.7111979126930237 0.48657408356666565 0.03072916716337204 0.07129629701375961
3 0.573437511920929 0.6064814925193787 0.04895833507180214 0.10925926268100739
0 0.57421875 0.6537036895751953 0.04635416716337204 0.0555555559694767
0 0.4377604126930237 0.8712962865829468 0.03281249850988388 0.06666667014360428
0 0.5677083134651184 0.5930555462837219 0.03125 0.07685185223817825
0 0.5151041746139526 0.75 0.03333333507180214 0.07592592388391495
0 0.4541666805744171 0.7115740776062012 0.03229166567325592 0.06018518656492233
0 0.4778645932674408 0.7587962746620178 0.02968749962747097 0.07870370149612427
0 0.3252604305744171 0.7245370149612427 0.03593749925494194 0.06759259104728699
0 0.49010416865348816 0.667129635810852 0.03437500074505806 0.05648148059844971
0 0.3109374940395355 0.33194443583488464 0.02812499925494194 0.0694444477558136
0 0.7067708373069763 0.41203704476356506 0.03437500074505806 0.06481481343507767
0 0.6651041507720947 0.7407407164573669 0.03750000149011612 0.05740740895271301