0 0.04192708432674408 0.34074074029922485 0.02864583395421505 0.11296296119689941
1 0.551562488079071 0.4671296179294586 0.01770833320915699 0.023148147389292717
1 0.04348958283662796 0.29722222685813904 0.01718750037252903 0.025925925001502037
1 0.015104166232049465 0.5263888835906982 0.01770833320915699 0.028703704476356506
0 0.5513020753860474 0.4888888895511627 0.02447916753590107 0.07037036865949631
1 0.04583333432674408 0.38425925374031067 0.01875000074505806 0.02777777798473835
0 0.49791666865348816 0.8995370268821716 0.02291666716337204 0.05648148059844971
1 0.7119791507720947 0.40509259700775146 0.01875000074505806 0.023148147389292717
1 0.37552082538604736 0.762499988079071 0.01979166641831398 0.026851851493120193
0 0.014322916977107525 0.18888889253139496 0.02760416641831398 0.03888889029622078
1 0.6838541626930237 0.5384259223937988 0.01770833320915699 0.026851851493120193
0 0.34973958134651184 0.7365740537643433 0.02968749962747097 0.05462963134050369
0 0.04505208507180214 0.3717592656612396 0.02656250074505806 0.07685185223817825
1 0.5072916746139526 0.7740740776062012 0.01875000074505806 0.031481482088565826
1 0.03541666641831398 0.22962963581085205 0.012500000186264515 0.02222222276031971
3 0.5510416626930237 0.5273148417472839 0.03020833246409893 0.14537036418914795
1 0.4518229067325592 0.8078703880310059 0.01927083358168602 0.03055555559694767
0 0.6734374761581421 0.7995370626449585 0.0364583320915699 0.0824074074625969
0 0.5520833134651184 0.5694444179534912 0.02708333358168602 0.07592592388391495
0 0.014322916977107525 0.5083333253860474 0.02760416641831398 0.07962962985038757
0 0.37578123807907104 0.7824074029922485 0.02447916753590107 0.07777778059244156
0 0.03072916716337204 0.2430555522441864 0.02916666679084301 0.05648148059844971
0 0.04140625149011612 0.3134259283542633 0.0234375 0.06759259104728699
0 0.4989583194255829 0.7842592597007751 0.03750000149011612 0.06296296417713165
0 0.7124999761581421 0.37731480598449707 0.02916666679084301 0.0824074074625969
0 0.6812499761581421 0.5638889074325562 0.03125 0.09444444626569748
0 0.46015626192092896 0.8203703761100769 0.04010416567325592 0.0555555559694767