1 0.3713541626930237 0.7986111044883728 0.01354166679084301 0.03055555559694767
1 0.6890624761581421 0.3532407283782959 0.01875000074505806 0.028703704476356506
0 0.39921873807907104 0.5981481671333313 0.03593749925494194 0.0962962955236435
1 0.5330728888511658 0.875 0.01718750037252903 0.025925925001502037
1 0.589062511920929 0.1814814805984497 0.01666666753590107 0.025925925001502037
1 0.39921873807907104 0.8333333134651184 0.01614583283662796 0.02777777798473835
1 0.39895832538604736 0.6550925970077515 0.01875000074505806 0.026851851493120193
1 0.3955729305744171 0.5856481194496155 0.01614583283662796 0.02500000037252903
1 0.4333333373069763 0.8587962985038757 0.01666666753590107 0.026851851493120193
1 0.4593749940395355 0.6115740537643433 0.01666666753590107 0.026851851493120193
1 0.3268229067325592 0.729629635810852 0.01614583283662796 0.025925925001502037
1 0.34296876192092896 0.7731481194496155 0.015104166232049465 0.02777777798473835
1 0.4789062440395355 0.7004629373550415 0.01822916604578495 0.03055555559694767
0 0.4403645694255829 0.8805555701255798 0.02656250074505806 0.07037036865949631
1 0.647656261920929 0.7532407641410828 0.01614583283662796 0.02500000037252903
1 0.40286457538604736 0.6972222328186035 0.01614583283662796 0.029629629105329514
0 0.4078125059604645 0.8444444537162781 0.0364583320915699 0.05370370298624039
0 0.3960937559604645 0.6333333253860474 0.02864583395421505 0.06851851940155029
0 0.45625001192092896 0.585185170173645 0.03125 0.08703703433275223
0 0.69140625 0.3652777671813965 0.03072916716337204 0.08055555820465088
0 0.4153645932674408 0.6851851940155029 0.04322916641831398 0.06111111119389534
0 0.4046874940395355 0.5643518567085266 0.04270833358168602 0.07129629701375961
0 0.4794270694255829 0.6814814805984497 0.03697916492819786 0.0833333358168602
0 0.3231770694255829 0.7111111283302307 0.03281249850988388 0.07777778059244156
0 0.6424478888511658 0.739814817905426 0.04114583507180214 0.07962962985038757
0 0.58203125 0.16296295821666718 0.03697916492819786 0.07222222536802292
0 0.3565104305744171 0.7925925850868225 0.04218750074505806 0.07037036865949631