0 0.5932291746139526 0.8467592597007751 0.02291666716337204 0.05462963134050369
1 0.5880208611488342 0.8282407522201538 0.015625 0.02500000037252903
1 0.5322916507720947 0.15138888359069824 0.02291666716337204 0.032407406717538834
3 0.3036458194255829 0.3921296298503876 0.0416666679084301 0.1101851835846901
1 0.32109373807907104 0.29305556416511536 0.01718750037252903 0.028703704476356506
0 0.30546873807907104 0.3611111044883728 0.03489583358168602 0.06111111119389534
1 0.40703123807907104 0.8472222089767456 0.015104166232049465 0.025925925001502037
3 0.31302082538604736 0.3222222328186035 0.03541666641831398 0.10555555671453476
1 0.6736978888511658 0.5662037134170532 0.01927083358168602 0.026851851493120193
0 0.2919270694255829 0.40833333134651184 0.03177083283662796 0.08148147910833359
1 0.4476562440395355 0.42592594027519226 0.01614583283662796 0.031481482088565826
1 0.3580729067325592 0.7824074029922485 0.01718750037252903 0.029629629105329514
1 0.33203125 0.46574074029922485 0.02135416679084301 0.029629629105329514
1 0.3723958432674408 0.3722222149372101 0.01770833320915699 0.024074073880910873
1 0.38880208134651184 0.43796294927597046 0.01822916604578495 0.031481482088565826
0 0.3153645694255829 0.302314817905426 0.03072916716337204 0.0694444477558136
1 0.5190104246139526 0.14629629254341125 0.01927083358168602 0.03888889029622078
1 0.4346354305744171 0.2439814805984497 0.01822916604578495 0.034259259700775146
1 0.28984373807907104 0.43101853132247925 0.01822916604578495 0.026851851493120193
0 0.39791667461395264 0.4166666567325592 0.03750000149011612 0.08148147910833359
0 0.3330729305744171 0.4365740716457367 0.03072916716337204 0.08611111342906952
0 0.3736979067325592 0.34490740299224854 0.02968749962747097 0.09907407313585281
0 0.5471354126930237 0.15601852536201477 0.03177083283662796 0.05092592537403107
0 0.4494791626930237 0.4009259343147278 0.03229166567325592 0.10000000149011612
0 0.3528645932674408 0.7592592835426331 0.03489583358168602 0.08703703433275223
0 0.3947916626930237 0.8379629850387573 0.03750000149011612 0.051851850003004074
0 0.42135417461395264 0.2532407343387604 0.04791666567325592 0.06574074178934097
0 0.5057291388511658 0.13842593133449554 0.046875 0.06759259104728699
0 0.6708333492279053 0.5962963104248047 0.03333333507180214 0.09814814478158951