1 0.5294271111488342 0.8490740656852722 0.02031249925494194 0.03333333507180214
0 0.5643228888511658 0.8425925970077515 0.03177083283662796 0.040740739554166794
1 0.40026041865348816 0.3861111104488373 0.013020833022892475 0.029629629105329514
1 0.5544270873069763 0.7425925731658936 0.01614583283662796 0.024074073880910873
1 0.641406238079071 0.7138888835906982 0.01822916604578495 0.02222222276031971
1 0.4856770932674408 0.7865740656852722 0.013020833022892475 0.028703704476356506
1 0.6106770634651184 0.4583333432674408 0.01614583283662796 0.025925925001502037
0 0.5872395634651184 0.7856481671333313 0.02968749962747097 0.04722222313284874
1 0.44843751192092896 0.2212962955236435 0.01979166641831398 0.02777777798473835
0 0.5192708373069763 0.8601852059364319 0.03437500074505806 0.04259259253740311
0 0.5536458492279053 0.762499988079071 0.02291666716337204 0.07314814627170563
0 0.4231770932674408 0.38749998807907104 0.02968749962747097 0.049074072390794754
0 0.6408854126930237 0.7333333492279053 0.02968749962747097 0.06666667014360428
0 0.38671875 0.4018518626689911 0.03802083432674408 0.0555555559694767
0 0.4585937559604645 0.8634259104728699 0.0390625 0.05092592537403107
0 0.3713541626930237 0.20972222089767456 0.02916666679084301 0.05648148059844971
0 0.44921875 0.19861111044883728 0.02968749962747097 0.07685185223817825
0 0.6151041388511658 0.47962963581085205 0.02916666679084301 0.08518518507480621
0 0.4742187559604645 0.789814829826355 0.04218750074505806 0.06111111119389534