3 0.5674479007720947 0.793055534362793 0.03177083283662796 0.06759259104728699
1 0.3096354305744171 0.3212963044643402 0.01614583283662796 0.029629629105329514
1 0.46406251192092896 0.6412037014961243 0.01979166641831398 0.026851851493120193
0 0.5528646111488342 0.7421296238899231 0.02968749962747097 0.06018518656492233
0 0.567187488079071 0.7967592477798462 0.02812499925494194 0.06388889253139496
1 0.48906248807907104 0.20648148655891418 0.014583333395421505 0.02222222276031971
1 0.6669270992279053 0.3976851999759674 0.01614583283662796 0.021296296268701553
1 0.2890625 0.38935184478759766 0.01666666753590107 0.023148147389292717
0 0.4729166626930237 0.6560184955596924 0.04062499850988388 0.05833333358168602
1 0.4645833373069763 0.5791666507720947 0.01875000074505806 0.028703704476356506
1 0.546875 0.7291666865348816 0.015625 0.026851851493120193
1 0.47265625 0.7333333492279053 0.01406249962747097 0.024074073880910873
1 0.38671875 0.48472222685813904 0.01614583283662796 0.028703704476356506
1 0.6117187738418579 0.24583333730697632 0.01718750037252903 0.02500000037252903
0 0.46692708134651184 0.5967592597007751 0.02864583395421505 0.06388889253139496
0 0.5229166746139526 0.31805557012557983 0.03541666641831398 0.06574074178934097
3 0.5611979365348816 0.7657407522201538 0.0390625 0.10740740597248077
0 0.5111979246139526 0.2509259283542633 0.0234375 0.05925925821065903
0 0.30416667461395264 0.33657407760620117 0.03125 0.0694444477558136
3 0.5208333134651184 0.28842592239379883 0.03958333283662796 0.12129629403352737
0 0.2854166626930237 0.41342592239379883 0.02812499925494194 0.08425925672054291
3 0.4697916805744171 0.6208333373069763 0.04062499850988388 0.11944444477558136
0 0.6036458611488342 0.23194444179534912 0.03437500074505806 0.06203703582286835
0 0.667187511920929 0.38055557012557983 0.02812499925494194 0.06296296417713165
0 0.4828124940395355 0.1865740716457367 0.02500000037252903 0.05462963134050369
0 0.39661458134651184 0.47175925970077515 0.04218750074505806 0.06574074178934097
0 0.46406251192092896 0.7481481432914734 0.03541666641831398 0.05370370298624039