1 0.4697916805744171 0.1509259194135666 0.02187499962747097 0.031481482088565826
1 0.500781238079071 0.1476851850748062 0.01406249962747097 0.03055555559694767
0 0.52734375 0.8805555701255798 0.02656250074505806 0.03888889029622078
1 0.3434895873069763 0.3152777850627899 0.01718750037252903 0.023148147389292717
1 0.38723957538604736 0.2537037134170532 0.01927083358168602 0.029629629105329514
1 0.44739583134651184 0.1856481432914734 0.01770833320915699 0.028703704476356506
1 0.43281251192092896 0.25231480598449707 0.01770833320915699 0.032407406717538834
1 0.5486978888511658 0.5217592716217041 0.01718750037252903 0.034259259700775146
1 0.5718749761581421 0.19675925374031067 0.015625 0.028703704476356506
1 0.5169270634651184 0.6078703999519348 0.01614583283662796 0.028703704476356506
1 0.54296875 0.1509259194135666 0.015104166232049465 0.029629629105329514
1 0.5536458492279053 0.8754629492759705 0.015625 0.026851851493120193
1 0.702343761920929 0.369907408952713 0.01718750037252903 0.028703704476356506
0 0.5143229365348816 0.1449074000120163 0.0390625 0.037962961941957474
0 0.4479166567325592 0.1736111044883728 0.02604166604578495 0.06203703582286835
0 0.5565103888511658 0.864814817905426 0.02135416679084301 0.05000000074505806
0 0.5544270873069763 0.15046297013759613 0.03489583358168602 0.037962961941957474
0 0.47734373807907104 0.1467592567205429 0.03489583358168602 0.03981481492519379
0 0.4205729067325592 0.2620370388031006 0.04531250149011612 0.05925925821065903
0 0.5864583253860474 0.20185184478759766 0.04374999925494194 0.04444444552063942
0 0.34296876192092896 0.2995370328426361 0.02968749962747097 0.05833333358168602
0 0.3843750059604645 0.2787036895751953 0.02604166604578495 0.08518518507480621
0 0.5151041746139526 0.5856481194496155 0.03229166567325592 0.09166666865348816
0 0.6937500238418579 0.3513889014720917 0.04374999925494194 0.07500000298023224
0 0.5619791746139526 0.532870352268219 0.0520833320915699 0.07500000298023224