0 0.6614583134651184 0.6768518686294556 0.04062499850988388 0.10000000149011612
1 0.6541666388511658 0.6620370149612427 0.01666666753590107 0.025925925001502037
1 0.6533854007720947 0.6532407402992249 0.015104166232049465 0.02500000037252903
1 0.620312511920929 0.7620370388031006 0.01979166641831398 0.029629629105329514
1 0.3773437440395355 0.3592592477798462 0.01927083358168602 0.02777777798473835
1 0.4294270873069763 0.6879629492759705 0.015104166232049465 0.029629629105329514
1 0.3466145694255829 0.6231481432914734 0.01927083358168602 0.031481482088565826
1 0.516406238079071 0.4462963044643402 0.01718750037252903 0.02777777798473835
1 0.3231770694255829 0.7282407283782959 0.01614583283662796 0.028703704476356506
1 0.4294270873069763 0.1865740716457367 0.01718750037252903 0.028703704476356506
1 0.6098958253860474 0.5824074149131775 0.01666666753590107 0.029629629105329514
1 0.6794270873069763 0.4541666805744171 0.01614583283662796 0.023148147389292717
1 0.5184895992279053 0.16388888657093048 0.01718750037252903 0.031481482088565826
0 0.6625000238418579 0.6486111283302307 0.03437500074505806 0.043518517166376114
0 0.6604166626930237 0.34259259700775146 0.02916666679084301 0.07037036865949631
0 0.6815103888511658 0.4384259283542633 0.02864583395421505 0.06388889253139496
0 0.657031238079071 0.6962962746620178 0.02760416641831398 0.06851851940155029
3 0.6611979007720947 0.677314817905426 0.04114583507180214 0.10462962836027145
0 0.3151041567325592 0.7157407402992249 0.03541666641831398 0.07777778059244156
0 0.35729166865348816 0.6412037014961243 0.04479166492819786 0.0824074074625969
0 0.37447917461395264 0.33379629254341125 0.02812499925494194 0.09351851791143417
0 0.44140625 0.17175926268100739 0.04010416567325592 0.06018518656492233
0 0.5208333134651184 0.4226851761341095 0.03020833246409893 0.09537036716938019
0 0.5080729126930237 0.1587962955236435 0.04010416567325592 0.049074072390794754
0 0.6020833253860474 0.5606481432914734 0.0364583320915699 0.0824074074625969
0 0.6145833134651184 0.7814815044403076 0.0364583320915699 0.06851851940155029
0 0.4440104067325592 0.6787037253379822 0.0494791679084301 0.06851851940155029