3 0.6158854365348816 0.192592591047287 0.04739583283662796 0.04259259253740311
1 0.5986979007720947 0.1865740716457367 0.015104166232049465 0.028703704476356506
0 0.6148437261581421 0.19027778506278992 0.03802083432674408 0.037962961941957474
3 0.6234375238418579 0.2092592567205429 0.06458333134651184 0.06481481343507767
0 0.5713541507720947 0.8541666865348816 0.02812499925494194 0.05277777835726738
0 0.7075520753860474 0.3592592477798462 0.03281249850988388 0.06666667014360428
3 0.6507812738418579 0.3157407343387604 0.05260416492819786 0.11481481790542603
1 0.5916666388511658 0.8481481671333313 0.014583333395421505 0.029629629105329514
1 0.5669270753860474 0.8652777671813965 0.01822916604578495 0.028703704476356506
1 0.659375011920929 0.3162037134170532 0.01770833320915699 0.026851851493120193
3 0.7161458134651184 0.4027777910232544 0.03854166716337204 0.12962962687015533
0 0.6664062738418579 0.33657407760620117 0.02864583395421505 0.06574074178934097
1 0.5294271111488342 0.8712962865829468 0.01614583283662796 0.02777777798473835
1 0.6377604007720947 0.26249998807907104 0.01822916604578495 0.026851851493120193
0 0.6057291626930237 0.8305555582046509 0.0416666679084301 0.0555555559694767
1 0.7026041746139526 0.33888888359069824 0.01875000074505806 0.029629629105329514
1 0.5138021111488342 0.5092592835426331 0.01614583283662796 0.03333333507180214
1 0.5669270753860474 0.512499988079071 0.01718750037252903 0.03055555559694767
1 0.6036458611488342 0.7462962865829468 0.01770833320915699 0.03333333507180214
1 0.567187488079071 0.20277777314186096 0.01666666753590107 0.029629629105329514
0 0.719531238079071 0.427314817905426 0.02864583395421505 0.07500000298023224
0 0.5791666507720947 0.20324073731899261 0.04062499850988388 0.0416666679084301
0 0.6427083611488342 0.28240740299224854 0.03020833246409893 0.051851850003004074
0 0.6385416388511658 0.22546295821666718 0.03333333507180214 0.05092592537403107
0 0.524218738079071 0.5273148417472839 0.03802083432674408 0.07685185223817825
0 0.5190104246139526 0.8777777552604675 0.03802083432674408 0.04814814776182175
0 0.574999988079071 0.532870352268219 0.03541666641831398 0.08055555820465088
0 0.5903645753860474 0.7555555701255798 0.04635416716337204 0.06481481343507767