1 0.40286457538604736 0.18379630148410797 0.015104166232049465 0.028703704476356506
1 0.6252604126930237 0.7578703761100769 0.01614583283662796 0.02500000037252903
0 0.6171875 0.7712963223457336 0.03750000149011612 0.06481481343507767
1 0.47864583134651184 0.7652778029441833 0.015625 0.026851851493120193
1 0.5151041746139526 0.6925926208496094 0.015625 0.025925925001502037
1 0.6513020992279053 0.6861110925674438 0.01718750037252903 0.02777777798473835
0 0.4937500059604645 0.7115740776062012 0.02812499925494194 0.04537037014961243
1 0.43359375 0.34861111640930176 0.01822916604578495 0.028703704476356506
1 0.3630208373069763 0.21898147463798523 0.01666666753590107 0.026851851493120193
1 0.3036458194255829 0.4541666805744171 0.01666666753590107 0.02500000037252903
1 0.4544270932674408 0.862500011920929 0.01406249962747097 0.028703704476356506
1 0.44348958134651184 0.16296295821666718 0.01718750037252903 0.029629629105329514
0 0.6468750238418579 0.7032407522201538 0.03020833246409893 0.06574074178934097
1 0.3656249940395355 0.8092592358589172 0.015625 0.031481482088565826
0 0.41223958134651184 0.17592592537403107 0.03177083283662796 0.04259259253740311
0 0.5002604126930237 0.8439815044403076 0.0234375 0.06574074178934097
0 0.37187498807907104 0.20879629254341125 0.03333333507180214 0.05092592537403107
0 0.5255208611488342 0.6824073791503906 0.0364583320915699 0.0555555559694767
0 0.45520833134651184 0.15648147463798523 0.03750000149011612 0.046296294778585434
0 0.3096354305744171 0.4296296238899231 0.03072916716337204 0.0833333358168602
0 0.4416666626930237 0.3643518388271332 0.03333333507180214 0.06759259104728699
0 0.4424479305744171 0.8597221970558167 0.03802083432674408 0.04722222313284874
0 0.35494792461395264 0.8018518686294556 0.0390625 0.06666667014360428
0 0.46875 0.7777777910232544 0.03854166716337204 0.05740740895271301