1 0.565625011920929 0.2421296238899231 0.01666666753590107 0.02500000037252903
0 0.5598958134651184 0.8689814805984497 0.01979166641831398 0.03981481492519379
3 0.594531238079071 0.2527777850627899 0.04843749850988388 0.06481481343507767
1 0.6200520992279053 0.1944444477558136 0.01614583283662796 0.029629629105329514
1 0.5604166388511658 0.3231481611728668 0.01666666753590107 0.029629629105329514
0 0.5718749761581421 0.19212962687015533 0.02916666679084301 0.06203703582286835
1 0.5776041746139526 0.1736111044883728 0.01666666753590107 0.02500000037252903
1 0.5518229007720947 0.5291666388511658 0.01406249962747097 0.026851851493120193
1 0.6877604126930237 0.3296296298503876 0.015104166232049465 0.02777777798473835
1 0.5101562738418579 0.5388888716697693 0.01406249962747097 0.025925925001502037
1 0.5601562261581421 0.8671296238899231 0.02031249925494194 0.037962961941957474
0 0.6067708134651184 0.2541666626930237 0.02395833283662796 0.06018518656492233
1 0.5255208611488342 0.8814814686775208 0.01875000074505806 0.03333333507180214
0 0.5406249761581421 0.8740741014480591 0.0520833320915699 0.0555555559694767
1 0.42005208134651184 0.1953703761100769 0.015104166232049465 0.029629629105329514
0 0.563281238079071 0.2657407522201538 0.02135416679084301 0.06111111119389534
0 0.6377604007720947 0.26157405972480774 0.02239583246409893 0.06203703582286835
0 0.520312488079071 0.5245370268821716 0.03541666641831398 0.06203703582286835
0 0.5497395992279053 0.33703702688217163 0.04114583507180214 0.06111111119389534
0 0.5687500238418579 0.5217592716217041 0.04374999925494194 0.049074072390794754
3 0.6302083134651184 0.23749999701976776 0.03333333507180214 0.1120370402932167
0 0.6973958611488342 0.34166666865348816 0.0364583320915699 0.06666667014360428
0 0.40807291865348816 0.2023148089647293 0.04010416567325592 0.05833333358168602