0 0.6143229007720947 0.800000011920929 0.02135416679084301 0.04444444552063942
3 0.703906238079071 0.4763889014720917 0.0598958320915699 0.06759259104728699
1 0.5406249761581421 0.8078703880310059 0.014583333395421505 0.023148147389292717
1 0.7229166626930237 0.4962962865829468 0.01770833320915699 0.024074073880910873
0 0.7210937738418579 0.47777777910232544 0.02656250074505806 0.0555555559694767
3 0.60546875 0.8166666626930237 0.0390625 0.07407407462596893
0 0.5736979246139526 0.8662037253379822 0.0338541679084301 0.0416666679084301
1 0.5289062261581421 0.7097222208976746 0.01718750037252903 0.02500000037252903
1 0.567187488079071 0.5134259462356567 0.01875000074505806 0.028703704476356506
0 0.6747395992279053 0.5717592835426331 0.02968749962747097 0.06759259104728699
0 0.7231770753860474 0.5504629611968994 0.0234375 0.07685185223817825
1 0.7221354246139526 0.5759259462356567 0.01718750037252903 0.024074073880910873
1 0.66015625 0.6388888955116272 0.01822916604578495 0.025925925001502037
3 0.6786458492279053 0.550000011920929 0.03750000149011612 0.10740740597248077
1 0.5197916626930237 0.1736111044883728 0.01770833320915699 0.034259259700775146
0 0.5744791626930237 0.5324074029922485 0.03437500074505806 0.07222222536802292
0 0.5252603888511658 0.6861110925674438 0.02968749962747097 0.07407407462596893
0 0.6567708253860474 0.6638888716697693 0.02812499925494194 0.07222222536802292
0 0.5341145992279053 0.8305555582046509 0.02968749962747097 0.07222222536802292
0 0.5338541865348816 0.17777778208255768 0.05000000074505806 0.07592592388391495