1 0.3947916626930237 0.26851850748062134 0.01875000074505806 0.02777777798473835
1 0.4351562559604645 0.8689814805984497 0.015104166232049465 0.032407406717538834
1 0.04348958283662796 0.2967592477798462 0.01718750037252903 0.026851851493120193
1 0.01536458358168602 0.5263888835906982 0.01822916604578495 0.028703704476356506
1 0.0455729179084301 0.38425925374031067 0.01822916604578495 0.02777777798473835
0 0.014843749813735485 0.1893518567085266 0.02864583395421505 0.037962961941957474
1 0.44869792461395264 0.2953703701496124 0.01718750037252903 0.031481482088565826
0 0.4989583194255829 0.8999999761581421 0.02395833283662796 0.051851850003004074
1 0.38880208134651184 0.8152777552604675 0.01822916604578495 0.028703704476356506
1 0.03541666641831398 0.2300925999879837 0.012500000186264515 0.023148147389292717
1 0.6619791388511658 0.7958333492279053 0.01666666753590107 0.028703704476356506
1 0.557812511920929 0.4861111044883728 0.01770833320915699 0.029629629105329514
0 0.04531250149011612 0.3722222149372101 0.02604166604578495 0.07592592388391495
1 0.5736979246139526 0.6254629492759705 0.01822916604578495 0.03611111268401146
1 0.3411458432674408 0.4166666567325592 0.01875000074505806 0.025925925001502037
0 0.42135417461395264 0.8652777671813965 0.03750000149011612 0.05092592537403107
0 0.4583333432674408 0.8374999761581421 0.03854166716337204 0.05092592537403107
0 0.01406249962747097 0.5083333253860474 0.02708333358168602 0.07777778059244156
0 0.34062498807907104 0.39259257912635803 0.03125 0.07962962985038757
0 0.0416666679084301 0.3134259283542633 0.02395833283662796 0.06759259104728699
0 0.5591145753860474 0.6296296119689941 0.05260416492819786 0.06666667014360428
0 0.03098958358168602 0.24351851642131805 0.02968749962747097 0.0555555559694767
0 0.671875 0.8078703880310059 0.0364583320915699 0.06574074178934097
0 0.4598958194255829 0.2819444537162781 0.03854166716337204 0.06759259104728699
0 0.5690104365348816 0.5027777552604675 0.04322916641831398 0.08148147910833359
0 0.3843750059604645 0.27638888359069824 0.0364583320915699 0.06574074178934097
0 0.3776041567325592 0.8009259104728699 0.03854166716337204 0.07592592388391495