0 0.0416666679084301 0.34166666865348816 0.02812499925494194 0.11481481790542603
0 0.6723958253860474 0.8092592358589172 0.0416666679084301 0.09259258955717087
1 0.04348958283662796 0.2967592477798462 0.01718750037252903 0.026851851493120193
0 0.49921876192092896 0.9004629850387573 0.02239583246409893 0.05462963134050369
0 0.6638020873069763 0.8273147940635681 0.02552083320915699 0.06203703582286835
1 0.015104166232049465 0.5254629850387573 0.01770833320915699 0.028703704476356506
1 0.5927083492279053 0.6324074268341064 0.01770833320915699 0.029629629105329514
1 0.49531251192092896 0.8296296000480652 0.01875000074505806 0.02777777798473835
0 0.45104166865348816 0.8486111164093018 0.02708333358168602 0.04722222313284874
1 0.04531250149011612 0.3847222328186035 0.01875000074505806 0.028703704476356506
1 0.6596354246139526 0.5759259462356567 0.01822916604578495 0.031481482088565826
1 0.5635416507720947 0.6777777671813965 0.01666666753590107 0.025925925001502037
1 0.03541666641831398 0.22962963581085205 0.012500000186264515 0.02222222276031971
0 0.014843749813735485 0.18888889253139496 0.02864583395421505 0.03888889029622078
1 0.6565104126930237 0.2541666626930237 0.01927083358168602 0.032407406717538834
0 0.04479166492819786 0.3722222149372101 0.02604166604578495 0.07592592388391495
0 0.5861979126930237 0.645370364189148 0.0338541679084301 0.05370370298624039
1 0.4177083373069763 0.8402777910232544 0.01666666753590107 0.03055555559694767
3 0.6729166507720947 0.8083333373069763 0.04270833358168602 0.09259258955717087
0 0.4911458194255829 0.8416666388511658 0.03020833246409893 0.05000000074505806
0 0.40833333134651184 0.8467592597007751 0.03541666641831398 0.05462963134050369
0 0.01406249962747097 0.5078703761100769 0.02708333358168602 0.07870370149612427
0 0.35078126192092896 0.7435185313224792 0.02968749962747097 0.06666667014360428
0 0.03046875074505806 0.2430555522441864 0.02864583395421505 0.05462963134050369
0 0.6526041626930237 0.5958333611488342 0.03333333507180214 0.07314814627170563
0 0.04114583507180214 0.3134259283542633 0.02395833283662796 0.06759259104728699
0 0.5513020753860474 0.6944444179534912 0.0390625 0.05740740895271301
0 0.6471354365348816 0.23796296119689941 0.04010416567325592 0.06296296417713165