0 0.6190103888511658 0.7699074149131775 0.02656250074505806 0.06018518656492233
1 0.5536458492279053 0.8268518447875977 0.01770833320915699 0.03333333507180214
0 0.5971354246139526 0.7967592477798462 0.02760416641831398 0.05462963134050369
1 0.33541667461395264 0.5199074149131775 0.01354166679084301 0.021296296268701553
1 0.33203125 0.49166667461395264 0.015104166232049465 0.025925925001502037
1 0.48828125 0.3018518388271332 0.01822916604578495 0.031481482088565826
1 0.3190104067325592 0.7162036895751953 0.01822916604578495 0.028703704476356506
1 0.5562499761581421 0.19212962687015533 0.01770833320915699 0.03055555559694767
1 0.37968748807907104 0.3087962865829468 0.01875000074505806 0.034259259700775146
1 0.6177083253860474 0.7523148059844971 0.01666666753590107 0.026851851493120193
1 0.578906238079071 0.4356481432914734 0.01927083358168602 0.034259259700775146
1 0.4247395694255829 0.1875 0.01822916604578495 0.03055555559694767
1 0.30026042461395264 0.4000000059604645 0.01822916604578495 0.025925925001502037
0 0.5450521111488342 0.18333333730697632 0.04322916641831398 0.06111111119389534
1 0.484375 0.5689814686775208 0.015625 0.032407406717538834
0 0.3486979305744171 0.5416666865348816 0.03697916492819786 0.06481481343507767
0 0.31979167461395264 0.47592592239379883 0.0364583320915699 0.05370370298624039
0 0.5419270992279053 0.8259259462356567 0.04114583507180214 0.04444444552063942
0 0.3005208373069763 0.3731481432914734 0.02604166604578495 0.07962962985038757
3 0.6078125238418579 0.7810184955596924 0.05104166641831398 0.08611111342906952
0 0.3661458194255829 0.31388887763023376 0.046875 0.06111111119389534
0 0.5934895873069763 0.4453703761100769 0.05260416492819786 0.07037036865949631
0 0.4984374940395355 0.2865740656852722 0.04374999925494194 0.07314814627170563
0 0.32864582538604736 0.7365740537643433 0.0364583320915699 0.07314814627170563
0 0.4364583194255829 0.2004629671573639 0.04270833358168602 0.06203703582286835
0 0.4700520932674408 0.5625 0.05156249925494194 0.06759259104728699