1 0.6986979246139526 0.520370364189148 0.01718750037252903 0.024074073880910873
1 0.6971353888511658 0.45509257912635803 0.01718750037252903 0.02500000037252903
1 0.5075520873069763 0.6134259104728699 0.01822916604578495 0.028703704476356506
1 0.6880208253860474 0.3916666805744171 0.015625 0.02222222276031971
0 0.6497395634651184 0.6768518686294556 0.02760416641831398 0.07407407462596893
0 0.7010416388511658 0.5425925850868225 0.03333333507180214 0.06481481343507767
1 0.6351562738418579 0.7606481313705444 0.01614583283662796 0.026851851493120193
1 0.6000000238418579 0.6259258985519409 0.014583333395421505 0.02777777798473835
1 0.6473958492279053 0.6560184955596924 0.01770833320915699 0.026851851493120193
1 0.585156261920929 0.5629629492759705 0.013020833022892475 0.02777777798473835
1 0.3174479305744171 0.5861111283302307 0.01718750037252903 0.02777777798473835
0 0.6778646111488342 0.6791666746139526 0.03177083283662796 0.07129629701375961
1 0.5523437261581421 0.8296296000480652 0.01406249962747097 0.02777777798473835
1 0.35729166865348816 0.7060185074806213 0.015625 0.028703704476356506
0 0.5028645992279053 0.6305555701255798 0.03802083432674408 0.08703703433275223
1 0.44583332538604736 0.8148148059844971 0.01354166679084301 0.02777777798473835
0 0.690625011920929 0.3629629611968994 0.02916666679084301 0.09259258955717087
0 0.699999988079071 0.4731481373310089 0.03854166716337204 0.06481481343507767
0 0.6432291865348816 0.7490741014480591 0.03541666641831398 0.06296296417713165
0 0.31822916865348816 0.5648148059844971 0.03229166567325592 0.09444444626569748
0 0.3460937440395355 0.7120370268821716 0.04114583507180214 0.06111111119389534
0 0.6104166507720947 0.6263889074325562 0.04270833358168602 0.06203703582286835
0 0.4320312440395355 0.8064814805984497 0.04635416716337204 0.06296296417713165
0 0.539843738079071 0.842129647731781 0.0442708320915699 0.0694444477558136
0 0.594531238079071 0.5648148059844971 0.0442708320915699 0.06851851940155029