1 0.31067708134651184 0.41203704476356506 0.01614583283662796 0.024074073880910873
3 0.5932291746139526 0.6782407164573669 0.07395832985639572 0.07314814627170563
3 0.5536458492279053 0.5814814567565918 0.046875 0.0833333358168602
1 0.6585937738418579 0.6175925731658936 0.015104166232049465 0.025925925001502037
1 0.5562499761581421 0.6814814805984497 0.01666666753590107 0.024074073880910873
3 0.6341145634651184 0.647685170173645 0.0703125 0.07500000298023224
1 0.28723958134651184 0.489814817905426 0.01927083358168602 0.02777777798473835
1 0.6286458373069763 0.6685185432434082 0.015625 0.031481482088565826
0 0.5497395992279053 0.6569444537162781 0.02864583395421505 0.0694444477558136
0 0.6510416865348816 0.637499988079071 0.03020833246409893 0.06018518656492233
1 0.6791666746139526 0.5476852059364319 0.01666666753590107 0.028703704476356506
0 0.6161458492279053 0.6703703999519348 0.03958333283662796 0.046296294778585434
0 0.5802083611488342 0.6921296119689941 0.03854166716337204 0.0416666679084301
1 0.5403645634651184 0.7749999761581421 0.01614583283662796 0.02777777798473835
1 0.5921875238418579 0.6930555701255798 0.014583333395421505 0.028703704476356506
1 0.6223958134651184 0.41527777910232544 0.01979166641831398 0.026851851493120193
1 0.3096354305744171 0.6703703999519348 0.01614583283662796 0.025925925001502037
3 0.5684896111488342 0.6689814925193787 0.05885416641831398 0.08055555820465088
0 0.535937488079071 0.7847222089767456 0.03229166567325592 0.05092592537403107
0 0.3161458373069763 0.3888888955116272 0.03229166567325592 0.08148147910833359
0 0.30416667461395264 0.6495370268821716 0.03229166567325592 0.08055555820465088
0 0.6729166507720947 0.5657407641410828 0.03333333507180214 0.06481481343507767
0 0.2864583432674408 0.46759259700775146 0.03125 0.07592592388391495
0 0.6195312738418579 0.38657405972480774 0.03177083283662796 0.0824074074625969