1 0.557812511920929 0.6930555701255798 0.01875000074505806 0.032407406717538834
0 0.547656238079071 0.7027778029441833 0.04114583507180214 0.05925925821065903
1 0.5283854007720947 0.6615740656852722 0.01927083358168602 0.028703704476356506
1 0.4828124940395355 0.8907407522201538 0.01875000074505806 0.035185184329748154
3 0.6088541746139526 0.7629629373550415 0.05312500149011612 0.06111111119389534
1 0.5033854246139526 0.6583333611488342 0.015104166232049465 0.02777777798473835
0 0.5419270992279053 0.6615740656852722 0.04531250149011612 0.0416666679084301
1 0.49531251192092896 0.8407407402992249 0.015625 0.029629629105329514
0 0.5270833373069763 0.604629635810852 0.03958333283662796 0.0962962955236435
1 0.5330728888511658 0.5782407522201538 0.01927083358168602 0.028703704476356506
1 0.5330728888511658 0.8745370507240295 0.01822916604578495 0.028703704476356506
0 0.5747395753860474 0.7240740656852722 0.03802083432674408 0.046296294778585434
3 0.5544270873069763 0.6967592835426331 0.05885416641831398 0.08796296268701553
3 0.59765625 0.7462962865829468 0.07864583283662796 0.07962962985038757
3 0.52734375 0.6106481552124023 0.04322916641831398 0.1101851835846901
1 0.3083333373069763 0.35185185074806213 0.01770833320915699 0.020370369777083397
1 0.3346354067325592 0.7342592477798462 0.013020833022892475 0.025925925001502037
1 0.6026041507720947 0.75 0.014583333395421505 0.025925925001502037
1 0.698437511920929 0.38148146867752075 0.01666666753590107 0.02777777798473835
1 0.43307292461395264 0.8592592477798462 0.02239583246409893 0.035185184329748154
1 0.6544271111488342 0.49537035822868347 0.01614583283662796 0.02777777798473835
0 0.4377604126930237 0.8722222447395325 0.03593749925494194 0.07592592388391495
0 0.616406261920929 0.7652778029441833 0.04010416567325592 0.05648148059844971
1 0.6028645634651184 0.6254629492759705 0.01614583283662796 0.032407406717538834
0 0.31041666865348816 0.3324074149131775 0.03125 0.07037036865949631
0 0.4885416626930237 0.6625000238418579 0.04374999925494194 0.05092592537403107
0 0.7067708373069763 0.3939814865589142 0.03854166716337204 0.0824074074625969
0 0.3265624940395355 0.7254629731178284 0.03541666641831398 0.06759259104728699
0 0.6661458611488342 0.5060185194015503 0.04791666567325592 0.08055555820465088
0 0.6156250238418579 0.612500011920929 0.046875 0.07685185223817825