1 0.596875011920929 0.7912036776542664 0.01666666753590107 0.02500000037252903
1 0.5414062738418579 0.8236111402511597 0.01614583283662796 0.034259259700775146
1 0.5458333492279053 0.5041666626930237 0.015625 0.02500000037252903
0 0.4934895932674408 0.8101851940155029 0.04010416567325592 0.03888889029622078
0 0.5296875238418579 0.8143518567085266 0.03333333507180214 0.049074072390794754
0 0.46666666865348816 0.8087962865829468 0.0416666679084301 0.03981481492519379
3 0.5848958492279053 0.7976852059364319 0.078125 0.07685185223817825
0 0.5619791746139526 0.8222222328186035 0.03541666641831398 0.04814814776182175
1 0.5190104246139526 0.4412037134170532 0.01822916604578495 0.03055555559694767
1 0.43307292461395264 0.1648148149251938 0.015104166232049465 0.031481482088565826
1 0.4934895932674408 0.15138888359069824 0.015104166232049465 0.03055555559694767
1 0.4130208194255829 0.8263888955116272 0.014583333395421505 0.026851851493120193
0 0.528124988079071 0.45370370149612427 0.03541666641831398 0.06851851940155029
1 0.36796873807907104 0.7870370149612427 0.01718750037252903 0.029629629105329514
0 0.6088541746139526 0.7583333253860474 0.03750000149011612 0.04259259253740311
0 0.5549479126930237 0.5240740776062012 0.03281249850988388 0.06851851940155029
0 0.3606770932674408 0.7652778029441833 0.03177083283662796 0.07500000298023224
0 0.40052083134651184 0.8222222328186035 0.03750000149011612 0.05370370298624039
0 0.4208333194255829 0.1666666716337204 0.03958333283662796 0.05740740895271301
0 0.5028645992279053 0.15416666865348816 0.03593749925494194 0.05648148059844971