1 0.3930555582046509 0.31603774428367615 0.026851851493120193 0.020440252497792244
1 0.4055555462837219 0.2625786066055298 0.029629629105329514 0.01886792480945587
4 0.33657407760620117 0.375786155462265 0.06759259104728699 0.056603774428367615
3 0.37453705072402954 0.31053459644317627 0.07685185223817825 0.05974842607975006
3 0.16620370745658875 0.43474844098091125 0.09537036716938019 0.06446541100740433
0 0.33472222089767456 0.3765723407268524 0.0694444477558136 0.06132075563073158
3 0.432407408952713 0.2841981053352356 0.06111111119389534 0.06525157392024994
1 0.40046295523643494 0.3109276592731476 0.026851851493120193 0.019654087722301483
1 0.4078703820705414 0.3069968521595001 0.026851851493120193 0.021226415410637856
1 0.2796296179294586 0.5035377144813538 0.03333333507180214 0.025943396613001823
3 0.3722222149372101 0.2779088020324707 0.07037036865949631 0.05424528196454048
1 0.3708333373069763 0.259040892124176 0.023148147389292717 0.016509434208273888
1 0.27824074029922485 0.4595125913619995 0.023148147389292717 0.016509434208273888
0 0.30416667461395264 0.5098270177841187 0.08796296268701553 0.038522012531757355
1 0.27129629254341125 0.5676100850105286 0.035185184329748154 0.028301887214183807
1 0.3013888895511627 0.47680819034576416 0.032407406717538834 0.021226415410637856
1 0.7041666507720947 0.2904874086380005 0.028703704476356506 0.02437106892466545
1 0.6967592835426331 0.5263364911079407 0.032407406717538834 0.027515722438693047
1 0.130092591047287 0.45440250635147095 0.028703704476356506 0.022012578323483467
1 0.44999998807907104 0.3616352081298828 0.029629629105329514 0.02358490601181984
1 0.1587962955236435 0.3058176040649414 0.034259259700775146 0.026729559525847435
1 0.2638888955116272 0.174135223031044 0.031481482088565826 0.02437106892466545
0 0.26157405972480774 0.4709119498729706 0.05462963134050369 0.050314463675022125
1 0.7731481194496155 0.5251572132110596 0.03888889029622078 0.02987421303987503
0 0.307407408952713 0.4567610025405884 0.040740739554166794 0.05817610025405884
0 0.24074074625968933 0.1875 0.07592592388391495 0.06525157392024994
0 0.2986111044883728 0.313286155462265 0.07314814627170563 0.04009433835744858
0 0.13703703880310059 0.44064465165138245 0.05000000074505806 0.055817611515522
0 0.6745370626449585 0.5471698045730591 0.07129629701375961 0.0628930851817131
0 0.7532407641410828 0.5475628972053528 0.07685185223817825 0.06367924809455872
0 0.2541666626930237 0.5554245114326477 0.06759259104728699 0.055817611515522
0 0.47962963581085205 0.34944969415664673 0.09074074029922485 0.05424528196454048
0 0.6837962865829468 0.30896225571632385 0.07314814627170563 0.07232704758644104
0 0.17314815521240234 0.3195754587650299 0.07037036865949631 0.06053459271788597