1 0.5697916746139526 0.21574074029922485 0.01666666753590107 0.029629629105329514
1 0.6177083253860474 0.24722221493721008 0.015625 0.025925925001502037
1 0.5721353888511658 0.7712963223457336 0.01822916604578495 0.031481482088565826
1 0.37317708134651184 0.2004629671573639 0.01406249962747097 0.026851851493120193
1 0.6364583373069763 0.6754629611968994 0.01666666753590107 0.02500000037252903
1 0.31432291865348816 0.3134259283542633 0.015104166232049465 0.026851851493120193
1 0.4348958432674408 0.8578703999519348 0.015625 0.028703704476356506
0 0.3385416567325592 0.2578703761100769 0.03125 0.06203703582286835
0 0.36640626192092896 0.2092592567205429 0.02656250074505806 0.05000000074505806
1 0.2945312559604645 0.6402778029441833 0.01718750037252903 0.023148147389292717
0 0.2770833373069763 0.49768519401550293 0.02916666679084301 0.08055555820465088
0 0.5669270753860474 0.7819444537162781 0.03281249850988388 0.06388889253139496
0 0.578906238079071 0.20787036418914795 0.0390625 0.06574074178934097
1 0.4505208432674408 0.17407406866550446 0.01666666753590107 0.031481482088565826
1 0.27812498807907104 0.4731481373310089 0.01770833320915699 0.025925925001502037
0 0.6229166388511658 0.26620370149612427 0.02604166604578495 0.05833333358168602
0 0.4268229305744171 0.8425925970077515 0.03593749925494194 0.07037036865949631
3 0.63671875 0.29212963581085205 0.05572916567325592 0.11574073880910873
0 0.3062500059604645 0.32870370149612427 0.03333333507180214 0.06666667014360428
0 0.296875 0.6615740656852722 0.02916666679084301 0.08055555820465088
0 0.6309896111488342 0.6564815044403076 0.03281249850988388 0.07592592388391495
0 0.649218738079071 0.31388887763023376 0.02864583395421505 0.05925925821065903
0 0.4388020932674408 0.1856481432914734 0.04322916641831398 0.06388889253139496