0 0.4572916626930237 0.5527777671813965 0.03854166716337204 0.07962962985038757
1 0.546093761920929 0.2837963104248047 0.01718750037252903 0.026851851493120193
0 0.46432292461395264 0.5699074268341064 0.0338541679084301 0.05462963134050369
3 0.45390623807907104 0.5462962985038757 0.04218750074505806 0.10740740597248077
1 0.6736978888511658 0.4662036895751953 0.015104166232049465 0.021296296268701553
1 0.6802083253860474 0.5268518328666687 0.015625 0.024074073880910873
1 0.37890625 0.20370370149612427 0.01406249962747097 0.02777777798473835
1 0.33802083134651184 0.2532407343387604 0.015625 0.026851851493120193
0 0.4755208194255829 0.6259258985519409 0.02604166604578495 0.05925925821065903
1 0.4398437440395355 0.5018518567085266 0.01614583283662796 0.02777777798473835
0 0.6802083253860474 0.5064814686775208 0.02395833283662796 0.07037036865949631
1 0.4723958373069763 0.7337962985038757 0.014583333395421505 0.02500000037252903
1 0.3869791626930237 0.4851851761341095 0.015625 0.02777777798473835
1 0.578906238079071 0.32175925374031067 0.01718750037252903 0.028703704476356506
3 0.4971354305744171 0.6574074029922485 0.05885416641831398 0.0962962955236435
1 0.3843750059604645 0.41620370745658875 0.01354166679084301 0.028703704476356506
0 0.6744791865348816 0.44305557012557983 0.02500000037252903 0.07129629701375961
0 0.5372396111488342 0.2717592716217041 0.03489583358168602 0.05648148059844971
0 0.4476562440395355 0.5162037014961243 0.03281249850988388 0.05648148059844971
0 0.5093749761581421 0.6768518686294556 0.03854166716337204 0.06851851940155029
3 0.46927082538604736 0.5972222089767456 0.03750000149011612 0.10555555671453476
0 0.36796873807907104 0.2101851850748062 0.03281249850988388 0.0555555559694767
0 0.32994791865348816 0.27037036418914795 0.03177083283662796 0.06296296417713165
0 0.39661458134651184 0.4731481373310089 0.0390625 0.06851851940155029
0 0.5729166865348816 0.3106481432914734 0.03541666641831398 0.05462963134050369
0 0.39635416865348816 0.40509259700775146 0.04374999925494194 0.06388889253139496
0 0.4651041626930237 0.7486110925674438 0.03437500074505806 0.05648148059844971