0 0.6794270873069763 0.7865740656852722 0.02135416679084301 0.032407406717538834
1 0.04348958283662796 0.2967592477798462 0.01718750037252903 0.026851851493120193
0 0.49817708134651184 0.8925926089286804 0.02239583246409893 0.035185184329748154
0 0.48880207538604736 0.8509259223937988 0.02864583395421505 0.04444444552063942
0 0.45260417461395264 0.8467592597007751 0.03437500074505806 0.07500000298023224
1 0.4270833432674408 0.8518518805503845 0.014583333395421505 0.029629629105329514
0 0.663281261920929 0.8310185074806213 0.0234375 0.05092592537403107
1 0.01536458358168602 0.5259259343147278 0.01822916604578495 0.02777777798473835
0 0.49296873807907104 0.8740741014480591 0.03177083283662796 0.07962962985038757
1 0.04531250149011612 0.38425925374031067 0.01875000074505806 0.02777777798473835
1 0.561718761920929 0.6833333373069763 0.01718750037252903 0.03333333507180214
1 0.6432291865348816 0.6092592477798462 0.01875000074505806 0.029629629105329514
1 0.03541666641831398 0.2300925999879837 0.012500000186264515 0.021296296268701553
0 0.014843749813735485 0.18888889253139496 0.02864583395421505 0.03888889029622078
1 0.6507812738418579 0.2439814805984497 0.02031249925494194 0.032407406717538834
0 0.04479166492819786 0.3717592656612396 0.02604166604578495 0.07500000298023224
1 0.6031249761581421 0.6481481194496155 0.015625 0.03333333507180214
3 0.6729166507720947 0.8097222447395325 0.0416666679084301 0.09351851791143417
0 0.5919271111488342 0.6490740776062012 0.04114583507180214 0.04259259253740311
0 0.01406249962747097 0.5078703761100769 0.02708333358168602 0.07870370149612427
0 0.35078126192092896 0.7444444298744202 0.02968749962747097 0.06851851940155029
0 0.03072916716337204 0.2430555522441864 0.02812499925494194 0.05462963134050369
0 0.04114583507180214 0.31296294927597046 0.02395833283662796 0.06666667014360428
0 0.5502604246139526 0.6967592835426331 0.0390625 0.06574074178934097
0 0.6372395753860474 0.6296296119689941 0.03177083283662796 0.07037036865949631
0 0.41354167461395264 0.8490740656852722 0.03854166716337204 0.05000000074505806
0 0.6408854126930237 0.2300925999879837 0.04218750074505806 0.06203703582286835