3 0.3254629671573639 0.29559749364852905 0.05092592537403107 0.08805031329393387
4 0.4652777910232544 0.3278301954269409 0.05648148059844971 0.06761006265878677
3 0.7013888955116272 0.4241352081298828 0.07500000298023224 0.06996855139732361
0 0.6898148059844971 0.42138364911079407 0.051851850003004074 0.05817610025405884
3 0.46759259700775146 0.3254716992378235 0.0555555559694767 0.07861635088920593
1 0.4680555462837219 0.29638364911079407 0.03611111268401146 0.02358490601181984
0 0.4680555462837219 0.3266509473323822 0.05648148059844971 0.07468553632497787
0 0.32407405972480774 0.3180031478404999 0.040740739554166794 0.049528300762176514
1 0.7074074149131775 0.44732704758644104 0.031481482088565826 0.020440252497792244
0 0.28425925970077515 0.32822325825691223 0.03888889029622078 0.03380503132939339
1 0.2666666805744171 0.41352200508117676 0.029629629105329514 0.02358490601181984
1 0.4435185194015503 0.285770446062088 0.02777777798473835 0.02279874123632908
1 0.7250000238418579 0.5055031180381775 0.031481482088565826 0.01886792480945587
1 0.322685182094574 0.3321540951728821 0.032407406717538834 0.02279874123632908
1 0.12638889253139496 0.48231130838394165 0.026851851493120193 0.021226415410637856
1 0.0754629597067833 0.4654088020324707 0.034259259700775146 0.025157231837511063
0 0.31990739703178406 0.2578616440296173 0.05277777835726738 0.05503144487738609
0 0.2351851910352707 0.4791666567325592 0.07962962985038757 0.07154087722301483
1 0.22453702986240387 0.401729553937912 0.03055555559694767 0.028301887214183807
3 0.7212963104248047 0.47641509771347046 0.0555555559694767 0.08018867671489716
1 0.3143518567085266 0.2370283007621765 0.032407406717538834 0.019654087722301483
1 0.46666666865348816 0.24017295241355896 0.029629629105329514 0.02437106892466545
1 0.5865740776062012 0.33058175444602966 0.03055555559694767 0.02437106892466545
1 0.15231481194496155 0.5263364911079407 0.032407406717538834 0.02279874123632908
1 0.6935185194015503 0.5110062956809998 0.031481482088565826 0.022012578323483467
1 0.10277777910232544 0.3176100552082062 0.03333333507180214 0.028301887214183807
0 0.6736111044883728 0.5306603908538818 0.07314814627170563 0.05974842607975006
1 0.3856481611728668 0.5467767119407654 0.034259259700775146 0.02279874123632908
0 0.1953703761100769 0.3950471580028534 0.09074074029922485 0.05267295613884926
1 0.25231480598449707 0.4984276592731476 0.03611111268401146 0.028301887214183807
0 0.4115740656852722 0.2727987468242645 0.08055555820465088 0.04088050499558449
0 0.727314829826355 0.4850628972053528 0.03981481492519379 0.06132075563073158
0 0.28148147463798523 0.4080188572406769 0.06296296417713165 0.044025156646966934
0 0.49259260296821594 0.25432389974594116 0.0833333358168602 0.055817611515522
0 0.37962964177131653 0.5766509175300598 0.05370370298624039 0.0762578621506691
0 0.6050925850868225 0.349056601524353 0.07685185223817825 0.0628930851817131
0 0.14259259402751923 0.5058962106704712 0.0555555559694767 0.06839622557163239
0 0.08287037163972855 0.44968554377555847 0.05462963134050369 0.06761006265878677
0 0.11759259551763535 0.3254716992378235 0.07222222536802292 0.05817610025405884