4 0.3114583194255829 0.5162037014961243 0.03125 0.0416666679084301
1 0.5726562738418579 0.44999998807907104 0.01406249962747097 0.018518518656492233
0 0.453125 0.8458333611488342 0.0677083358168602 0.06388889253139496
1 0.6471354365348816 0.21666666865348816 0.01927083358168602 0.02222222276031971
0 0.3111979067325592 0.5175926089286804 0.03072916716337204 0.04814814776182175
1 0.5247395634651184 0.34259259700775146 0.01406249962747097 0.025925925001502037
1 0.5283854007720947 0.8601852059364319 0.01614583283662796 0.029629629105329514
3 0.4541666805744171 0.8458333611488342 0.0677083358168602 0.06388889253139496
3 0.49166667461395264 0.40925925970077515 0.02916666679084301 0.10555555671453476
0 0.4911458194255829 0.38148146867752075 0.02708333358168602 0.05370370298624039
1 0.5635416507720947 0.3708333373069763 0.014583333395421505 0.02500000037252903
0 0.47057291865348816 0.854629635810852 0.03697916492819786 0.046296294778585434
3 0.5687500238418579 0.46064814925193787 0.05416666716337204 0.09166666865348816
0 0.3174479305744171 0.5796296000480652 0.03072916716337204 0.06851851940155029
1 0.7033854126930237 0.3291666805744171 0.01718750037252903 0.023148147389292717
0 0.4385416805744171 0.8384259343147278 0.03541666641831398 0.03981481492519379
0 0.581250011920929 0.47268518805503845 0.03125 0.06759259104728699
0 0.5572916865348816 0.4337962865829468 0.03333333507180214 0.04722222313284874
0 0.4950520694255829 0.4305555522441864 0.02239583246409893 0.06111111119389534
0 0.5546875 0.35740742087364197 0.0364583320915699 0.05370370298624039
3 0.3148437440395355 0.5592592358589172 0.03072916716337204 0.11666666716337204
0 0.7026041746139526 0.3064814805984497 0.03229166567325592 0.07222222536802292
0 0.6458333134651184 0.20185184478759766 0.03333333507180214 0.06296296417713165