1 0.6760416626930237 0.7819444537162781 0.02500000037252903 0.032407406717538834
1 0.4984374940395355 0.8925926089286804 0.02187499962747097 0.035185184329748154
1 0.04322916641831398 0.29722222685813904 0.01666666753590107 0.025925925001502037
1 0.01536458358168602 0.5263888835906982 0.01822916604578495 0.028703704476356506
0 0.04218750074505806 0.34074074029922485 0.02916666679084301 0.11666666716337204
0 0.4986979067325592 0.9013888835906982 0.02552083320915699 0.05833333358168602
1 0.38671875 0.8097222447395325 0.01614583283662796 0.023148147389292717
1 0.49817708134651184 0.8106481432914734 0.01927083358168602 0.03055555559694767
1 0.04531250149011612 0.3856481611728668 0.01770833320915699 0.026851851493120193
1 0.5596354007720947 0.5666666626930237 0.01718750037252903 0.025925925001502037
0 0.014583333395421505 0.1893518567085266 0.02812499925494194 0.037962961941957474
1 0.5622395873069763 0.667129635810852 0.01822916604578495 0.03055555559694767
1 0.03541666641831398 0.23055554926395416 0.012500000186264515 0.02222222276031971
1 0.6937500238418579 0.3231481611728668 0.01979166641831398 0.029629629105329514
0 0.04479166492819786 0.3717592656612396 0.02708333358168602 0.07870370149612427
1 0.69921875 0.532870352268219 0.01822916604578495 0.034259259700775146
0 0.484375 0.8254629373550415 0.05312500149011612 0.07500000298023224
0 0.014322916977107525 0.5087962746620178 0.02760416641831398 0.08055555820465088
0 0.6872395873069763 0.3018518388271332 0.03802083432674408 0.07592592388391495
0 0.5546875 0.6842592358589172 0.03854166716337204 0.07962962985038757
0 0.0416666679084301 0.3134259283542633 0.02395833283662796 0.06759259104728699
0 0.6729166507720947 0.7981481552124023 0.04062499850988388 0.08703703433275223
0 0.03098958358168602 0.24351851642131805 0.02968749962747097 0.0555555559694767
0 0.5638020634651184 0.5856481194496155 0.03177083283662796 0.09166666865348816
0 0.35078126192092896 0.7416666746139526 0.03177083283662796 0.06851851940155029
0 0.3903645873069763 0.8236111402511597 0.03593749925494194 0.07314814627170563
0 0.688281238079071 0.5467592477798462 0.05052083358168602 0.08425925672054291