1 0.643750011920929 0.24953703582286835 0.01666666753590107 0.026851851493120193
1 0.49947917461395264 0.4800925850868225 0.01770833320915699 0.03055555559694767
0 0.4830729067325592 0.8393518328666687 0.02968749962747097 0.034259259700775146
1 0.6000000238418579 0.46203702688217163 0.01875000074505806 0.02777777798473835
1 0.522656261920929 0.8361111283302307 0.015104166232049465 0.02777777798473835
1 0.5609375238418579 0.3444444537162781 0.01770833320915699 0.02777777798473835
1 0.31588542461395264 0.38842591643333435 0.015104166232049465 0.028703704476356506
1 0.3359375 0.6814814805984497 0.014583333395421505 0.02777777798473835
1 0.5822916626930237 0.19027778506278992 0.01666666753590107 0.032407406717538834
0 0.5348958373069763 0.8402777910232544 0.0364583320915699 0.037962961941957474
1 0.6518229246139526 0.28703704476356506 0.015104166232049465 0.029629629105329514
1 0.3895833194255829 0.7791666388511658 0.015625 0.026851851493120193
0 0.32499998807907104 0.3689814805984497 0.04270833358168602 0.07870370149612427
0 0.508593738079071 0.49444442987442017 0.04322916641831398 0.08518518507480621
0 0.5658854246139526 0.18796296417713165 0.04739583283662796 0.05370370298624039
0 0.6651041507720947 0.28703704476356506 0.0416666679084301 0.051851850003004074
0 0.5973958373069763 0.4842592477798462 0.03125 0.09259258955717087
0 0.6390625238418579 0.2291666716337204 0.02812499925494194 0.06203703582286835
0 0.3596354126930237 0.24120371043682098 0.02760416641831398 0.06018518656492233
0 0.565625011920929 0.3671296238899231 0.03333333507180214 0.0972222238779068
0 0.328125 0.6666666865348816 0.03958333283662796 0.0833333358168602
0 0.3973958194255829 0.793055534362793 0.0364583320915699 0.06759259104728699