0 0.5572916865348816 0.8064814805984497 0.02708333358168602 0.03703703731298447
1 0.5830729007720947 0.6435185074806213 0.01718750037252903 0.02777777798473835
1 0.2861979305744171 0.4930555522441864 0.01614583283662796 0.023148147389292717
1 0.559374988079071 0.4375 0.01354166679084301 0.028703704476356506
1 0.3713541626930237 0.317592591047287 0.015625 0.024074073880910873
1 0.33281248807907104 0.4347222149372101 0.01666666753590107 0.026851851493120193
1 0.2984375059604645 0.582870364189148 0.01875000074505806 0.026851851493120193
1 0.34583333134651184 0.2611111104488373 0.01666666753590107 0.02777777798473835
1 0.5755208134651184 0.1856481432914734 0.01666666753590107 0.02500000037252903
0 0.5484374761581421 0.8083333373069763 0.04479166492819786 0.05925925821065903
0 0.29609376192092896 0.5578703880310059 0.02760416641831398 0.08055555820465088
0 0.28593748807907104 0.4694444537162781 0.02916666679084301 0.06666667014360428
0 0.34036457538604736 0.4157407283782959 0.03489583358168602 0.06851851940155029
0 0.35494792461395264 0.244907408952713 0.03802083432674408 0.06203703582286835
0 0.37812501192092896 0.2986111044883728 0.03020833246409893 0.0694444477558136
0 0.5835937261581421 0.6203703880310059 0.03072916716337204 0.09444444626569748
0 0.4013020694255829 0.39953702688217163 0.04114583507180214 0.05833333358168602
0 0.6781250238418579 0.4893518388271332 0.03437500074505806 0.0694444477558136
0 0.5799478888511658 0.20462962985038757 0.03281249850988388 0.07777778059244156
0 0.5494791865348816 0.44305557012557983 0.04270833358168602 0.05833333358168602