0 0.5677083134651184 0.8037037253379822 0.03020833246409893 0.06666667014360428
1 0.4697916805744171 0.7370370626449585 0.014583333395421505 0.025925925001502037
1 0.2789062559604645 0.4356481432914734 0.015104166232049465 0.021296296268701553
1 0.5111979246139526 0.24629630148410797 0.01614583283662796 0.025925925001502037
0 0.5533854365348816 0.7430555820465088 0.03177083283662796 0.06388889253139496
1 0.4658854305744171 0.5967592597007751 0.01718750037252903 0.023148147389292717
1 0.4481770694255829 0.17037037014961243 0.013020833022892475 0.025925925001502037
0 0.46666666865348816 0.6175925731658936 0.02500000037252903 0.06666667014360428
1 0.5466145873069763 0.7282407283782959 0.015104166232049465 0.02500000037252903
0 0.47968751192092896 0.6800925731658936 0.03750000149011612 0.06574074178934097
1 0.3869791626930237 0.48564815521240234 0.01666666753590107 0.03055555559694767
1 0.2953124940395355 0.37268519401550293 0.015625 0.028703704476356506
0 0.2901041805744171 0.3856481611728668 0.03020833246409893 0.06759259104728699
1 0.5341145992279053 0.3351851999759674 0.015104166232049465 0.02777777798473835
3 0.47838541865348816 0.6472222208976746 0.04635416716337204 0.12037037312984467
1 0.5934895873069763 0.2092592567205429 0.01406249962747097 0.025925925001502037
0 0.2783854305744171 0.4601851999759674 0.0234375 0.07222222536802292
3 0.5622395873069763 0.7736111283302307 0.04010416567325592 0.1120370402932167
0 0.39765626192092896 0.47361111640930176 0.0442708320915699 0.06574074178934097
0 0.5065104365348816 0.2282407432794571 0.02760416641831398 0.07314814627170563
0 0.660937488079071 0.3611111044883728 0.03229166567325592 0.05925925821065903
0 0.5453125238418579 0.3481481373310089 0.0416666679084301 0.06481481343507767
0 0.43802082538604736 0.16435185074806213 0.04062499850988388 0.049074072390794754
0 0.4619791805744171 0.75 0.03333333507180214 0.04814814776182175
0 0.58203125 0.20277777314186096 0.0390625 0.0555555559694767