1 0.49817708134651184 0.8458333611488342 0.013020833022892475 0.03055555559694767
3 0.508593738079071 0.3231481611728668 0.06406249850988388 0.05000000074505806
1 0.717968761920929 0.5768518447875977 0.015104166232049465 0.024074073880910873
1 0.49609375 0.8597221970558167 0.013020833022892475 0.03055555559694767
3 0.4856770932674408 0.3861111104488373 0.05572916567325592 0.10185185074806213
3 0.4986979067325592 0.41527777910232544 0.05260416492819786 0.1101851835846901
1 0.4763020873069763 0.35879629850387573 0.01718750037252903 0.026851851493120193
1 0.5283854007720947 0.8574073910713196 0.015104166232049465 0.029629629105329514
0 0.594531238079071 0.8518518805503845 0.03489583358168602 0.06111111119389534
0 0.5570312738418579 0.40833333134651184 0.02656250074505806 0.0555555559694767
0 0.5104166865348816 0.3861111104488373 0.04374999925494194 0.05370370298624039
0 0.53515625 0.5074074268341064 0.02760416641831398 0.05740740895271301
3 0.5388020873069763 0.3490740656852722 0.05052083358168602 0.07962962985038757
1 0.45755207538604736 0.8495370149612427 0.01614583283662796 0.03055555559694767
0 0.4958333373069763 0.322685182094574 0.04270833358168602 0.0416666679084301
0 0.4703125059604645 0.3787037134170532 0.02604166604578495 0.06851851940155029
3 0.522656261920929 0.47962963581085205 0.0546875 0.11851851642131805
3 0.5567708611488342 0.4347222149372101 0.03125 0.1120370402932167
0 0.7250000238418579 0.5666666626930237 0.03333333507180214 0.0833333358168602
0 0.46953123807907104 0.8615740537643433 0.04635416716337204 0.07314814627170563
0 0.649218738079071 0.20972222089767456 0.03593749925494194 0.05648148059844971