1 0.32604166865348816 0.48472222685813904 0.015625 0.021296296268701553
1 0.47447916865348816 0.862500011920929 0.01145833358168602 0.023148147389292717
1 0.31041666865348816 0.7055555582046509 0.01145833358168602 0.018518518656492233
1 0.3760416805744171 0.5050926208496094 0.01666666753590107 0.02500000037252903
1 0.2984375059604645 0.6523148417472839 0.01666666753590107 0.023148147389292717
1 0.5049479007720947 0.8587962985038757 0.01718750037252903 0.026851851493120193
0 0.5989583134651184 0.7986111044883728 0.03125 0.05462963134050369
0 0.3036458194255829 0.49953705072402954 0.02291666716337204 0.06759259104728699
0 0.4908854067325592 0.8666666746139526 0.04322916641831398 0.046296294778585434
1 0.66015625 0.34953704476356506 0.01614583283662796 0.026851851493120193
0 0.2825520932674408 0.5666666626930237 0.02864583395421505 0.07037036865949631
1 0.4989583194255829 0.6814814805984497 0.014583333395421505 0.029629629105329514
1 0.43359375 0.3481481373310089 0.01614583283662796 0.02777777798473835
0 0.2916666567325592 0.6319444179534912 0.02916666679084301 0.06574074178934097
0 0.3138020932674408 0.6898148059844971 0.02552083320915699 0.05925925821065903
0 0.6205729246139526 0.7569444179534912 0.02656250074505806 0.05092592537403107
3 0.3044270873069763 0.46481481194496155 0.03072916716337204 0.12222222238779068
3 0.2877604067325592 0.5981481671333313 0.03281249850988388 0.1259259283542633
0 0.3083333373069763 0.4296296238899231 0.02604166604578495 0.07037036865949631
3 0.608593761920929 0.7754629850387573 0.05052083358168602 0.08796296268701553
0 0.32734376192092896 0.510185182094574 0.02552083320915699 0.07777778059244156
0 0.4416666626930237 0.3620370328426361 0.03333333507180214 0.07222222536802292
0 0.667187511920929 0.3671296238899231 0.03229166567325592 0.08055555820465088
0 0.3721354305744171 0.5240740776062012 0.0338541679084301 0.07592592388391495
0 0.5101562738418579 0.6851851940155029 0.0442708320915699 0.06296296417713165