0 0.4817708432674408 0.8060185313224792 0.0364583320915699 0.05277777835726738
3 0.4973958432674408 0.2638888955116272 0.0416666679084301 0.09259258955717087
1 0.4869791567325592 0.2759259343147278 0.01666666753590107 0.02777777798473835
1 0.500781238079071 0.8217592835426331 0.01822916604578495 0.03055555559694767
3 0.4325520694255829 0.7791666388511658 0.0442708320915699 0.09907407313585281
3 0.4934895932674408 0.34259259700775146 0.0390625 0.10370370000600815
3 0.45885416865348816 0.8046296238899231 0.05104166641831398 0.0555555559694767
1 0.6505208611488342 0.23055554926395416 0.01875000074505806 0.025925925001502037
0 0.4984374940395355 0.2532407343387604 0.0364583320915699 0.0694444477558136
1 0.38619792461395264 0.41712963581085205 0.01614583283662796 0.032407406717538834
1 0.3971354067325592 0.20416666567325592 0.01614583283662796 0.032407406717538834
1 0.6273437738418579 0.5625 0.01822916604578495 0.03055555559694767
0 0.5098958611488342 0.7620370388031006 0.03750000149011612 0.04814814776182175
0 0.4231770932674408 0.7745370268821716 0.02239583246409893 0.0824074074625969
1 0.42109376192092896 0.7523148059844971 0.01718750037252903 0.02500000037252903
0 0.49296873807907104 0.36342594027519226 0.03072916716337204 0.06203703582286835
0 0.6421874761581421 0.2074074000120163 0.03541666641831398 0.06481481343507767
0 0.672656238079071 0.2569444477558136 0.0234375 0.05462963134050369
3 0.49557292461395264 0.7777777910232544 0.06927083432674408 0.07777778059244156
0 0.3760416805744171 0.4347222149372101 0.04270833358168602 0.07870370149612427
0 0.3843750059604645 0.2101851850748062 0.0416666679084301 0.06111111119389534
0 0.6372395753860474 0.5805555582046509 0.04114583507180214 0.07777778059244156