1 0.32083332538604736 0.6185185313224792 0.01979166641831398 0.025925925001502037
0 0.5098958611488342 0.14814814925193787 0.04791666567325592 0.03888889029622078
1 0.4789062440395355 0.15000000596046448 0.01406249962747097 0.025925925001502037
1 0.37317708134651184 0.637499988079071 0.015104166232049465 0.028703704476356506
1 0.42395833134651184 0.7041666507720947 0.015625 0.026851851493120193
1 0.55859375 0.3513889014720917 0.01718750037252903 0.03055555559694767
0 0.4664062559604645 0.1476851850748062 0.03593749925494194 0.037962961941957474
1 0.3408854305744171 0.6606481671333313 0.01197916641831398 0.02500000037252903
1 0.4859375059604645 0.3046296238899231 0.01666666753590107 0.031481482088565826
1 0.6333333253860474 0.2300925999879837 0.01875000074505806 0.028703704476356506
0 0.3630208373069763 0.6291666626930237 0.04062499850988388 0.05648148059844971
0 0.33125001192092896 0.6652777791023254 0.03020833246409893 0.0416666679084301
0 0.31562501192092896 0.6009259223937988 0.02812499925494194 0.06296296417713165
0 0.3552083373069763 0.2560185194015503 0.02708333358168602 0.05648148059844971
0 0.4307291805744171 0.7226851582527161 0.03541666641831398 0.07500000298023224
0 0.5643228888511658 0.3731481432914734 0.03489583358168602 0.09259258955717087
0 0.624218761920929 0.21388888359069824 0.04010416567325592 0.06296296417713165
0 0.5002604126930237 0.29814815521240234 0.05260416492819786 0.06666667014360428