1 0.3539062440395355 0.7800925970077515 0.01822916604578495 0.023148147389292717
1 0.4950520694255829 0.8402777910232544 0.01614583283662796 0.026851851493120193
3 0.3661458194255829 0.7768518328666687 0.05000000074505806 0.07592592388391495
1 0.3322916626930237 0.729629635810852 0.015625 0.02777777798473835
1 0.3606770932674408 0.7550926208496094 0.01822916604578495 0.026851851493120193
1 0.6174479126930237 0.8134258985519409 0.01718750037252903 0.034259259700775146
1 0.40026041865348816 0.8374999761581421 0.01718750037252903 0.028703704476356506
1 0.37447917461395264 0.7324073910713196 0.02500000037252903 0.025925925001502037
1 0.43437498807907104 0.8611111044883728 0.01770833320915699 0.031481482088565826
0 0.4390625059604645 0.8773148059844971 0.02708333358168602 0.06203703582286835
1 0.621874988079071 0.7402777671813965 0.015625 0.028703704476356506
0 0.3726562559604645 0.762499988079071 0.04218750074505806 0.049074072390794754
1 0.41015625 0.6601851582527161 0.01614583283662796 0.02777777798473835
1 0.29869791865348816 0.6069444417953491 0.01822916604578495 0.026851851493120193
0 0.6213541626930237 0.8111110925674438 0.02187499962747097 0.04814814776182175
1 0.7091146111488342 0.5486111044883728 0.01822916604578495 0.026851851493120193
0 0.3570312559604645 0.7949073910713196 0.03177083283662796 0.06018518656492233
0 0.6539062261581421 0.7773148417472839 0.03072916716337204 0.05833333358168602
1 0.6002604365348816 0.27037036418914795 0.01822916604578495 0.03333333507180214
0 0.4085937440395355 0.8509259223937988 0.03489583358168602 0.05925925821065903
0 0.30000001192092896 0.6287037134170532 0.03020833246409893 0.07962962985038757
0 0.3736979067325592 0.699999988079071 0.02864583395421505 0.07962962985038757
0 0.6341145634651184 0.7254629731178284 0.0390625 0.06388889253139496
0 0.40416666865348816 0.6416666507720947 0.03958333283662796 0.07962962985038757
0 0.32343751192092896 0.720370352268219 0.03229166567325592 0.06111111119389534
3 0.6385416388511658 0.7893518805503845 0.06041666492819786 0.10092592239379883
0 0.6145833134651184 0.2606481611728668 0.04895833507180214 0.06574074178934097
0 0.7135416865348816 0.5291666388511658 0.02916666679084301 0.0824074074625969