1 0.49557292461395264 0.8425925970077515 0.01197916641831398 0.029629629105329514
1 0.4958333373069763 0.8611111044883728 0.012500000186264515 0.029629629105329514
3 0.5057291388511658 0.39629629254341125 0.03333333507180214 0.10925926268100739
0 0.5395833253860474 0.45694443583488464 0.03125 0.0416666679084301
1 0.5609375238418579 0.43981480598449707 0.01145833358168602 0.031481482088565826
3 0.4322916567325592 0.7486110925674438 0.03125 0.1101851835846901
1 0.4377604126930237 0.7587962746620178 0.01718750037252903 0.023148147389292717
1 0.5286458134651184 0.8592592477798462 0.015625 0.029629629105329514
1 0.43307292461395264 0.6916666626930237 0.01614583283662796 0.024074073880910873
0 0.50390625 0.38333332538604736 0.02864583395421505 0.07037036865949631
0 0.4338541626930237 0.7393518686294556 0.02916666679084301 0.06388889253139496
1 0.45520833134651184 0.8481481671333313 0.01770833320915699 0.031481482088565826
3 0.5588541626930237 0.4407407343387604 0.07500000298023224 0.06111111119389534
0 0.42109376192092896 0.6643518805503845 0.0390625 0.06388889253139496
0 0.5093749761581421 0.43981480598449707 0.02916666679084301 0.06111111119389534
0 0.5145833492279053 0.33379629254341125 0.03020833246409893 0.05462963134050369
0 0.54296875 0.29722222685813904 0.02552083320915699 0.06111111119389534
1 0.557812511920929 0.37453705072402954 0.015625 0.02500000037252903
3 0.5088541507720947 0.36157408356666565 0.03541666641831398 0.10092592239379883
1 0.6471354365348816 0.21574074029922485 0.01718750037252903 0.024074073880910873
0 0.5528646111488342 0.3560185134410858 0.02968749962747097 0.06203703582286835
1 0.7036458253860474 0.33194443583488464 0.01770833320915699 0.023148147389292717
3 0.551562488079071 0.3291666805744171 0.03854166716337204 0.11759259551763535
0 0.43828123807907104 0.7972221970558167 0.02447916753590107 0.07222222536802292
0 0.5736979246139526 0.43287035822868347 0.04114583507180214 0.049074072390794754
0 0.7028645873069763 0.3106481432914734 0.02968749962747097 0.06759259104728699
3 0.42526042461395264 0.6930555701255798 0.04322916641831398 0.12129629403352737
0 0.6450520753860474 0.20000000298023224 0.02968749962747097 0.06111111119389534
0 0.46692708134651184 0.8560185432434082 0.04322916641831398 0.05092592537403107