1 0.03541666641831398 0.447685182094574 0.01354166679084301 0.028703704476356506
0 0.4984374940395355 0.897685170173645 0.01875000074505806 0.049074072390794754
1 0.4989583194255829 0.887499988079071 0.01875000074505806 0.032407406717538834
0 0.7169271111488342 0.7055555582046509 0.03802083432674408 0.11296296119689941
1 0.5973958373069763 0.42314815521240234 0.01875000074505806 0.029629629105329514
1 0.015625 0.5273148417472839 0.01875000074505806 0.028703704476356506
1 0.04531250149011612 0.3847222328186035 0.015625 0.02500000037252903
1 0.5841146111488342 0.8425925970077515 0.01927083358168602 0.03333333507180214
1 0.03437500074505806 0.2606481611728668 0.012500000186264515 0.026851851493120193
1 0.5216146111488342 0.852314829826355 0.01927083358168602 0.028703704476356506
0 0.7203124761581421 0.6796296238899231 0.02916666679084301 0.05370370298624039
1 0.3567708432674408 0.7592592835426331 0.015625 0.02777777798473835
1 0.39270833134651184 0.6185185313224792 0.015625 0.031481482088565826
3 0.58203125 0.4930555522441864 0.05364583432674408 0.13425925374031067
0 0.014322916977107525 0.1893518567085266 0.02864583395421505 0.04537037014961243
0 0.5799478888511658 0.5162037014961243 0.03802083432674408 0.07685185223817825
1 0.5078125 0.364814817905426 0.01979166641831398 0.02777777798473835
0 0.7130208611488342 0.7291666865348816 0.02708333358168602 0.05648148059844971
1 0.6328125 0.729629635810852 0.02083333395421505 0.02777777798473835
0 0.5950520634651184 0.8462963104248047 0.05052083358168602 0.05000000074505806
0 0.522656261920929 0.8731481432914734 0.02552083320915699 0.07037036865949631
0 0.014583333395421505 0.5106481313705444 0.02916666679084301 0.07685185223817825
3 0.7169271111488342 0.7055555582046509 0.0390625 0.11296296119689941
0 0.6000000238418579 0.4444444477558136 0.02604166604578495 0.07777778059244156
0 0.02447916753590107 0.2541666626930237 0.03854166716337204 0.06018518656492233
0 0.04661458358168602 0.37361112236976624 0.03177083283662796 0.0694444477558136
0 0.6343749761581421 0.7555555701255798 0.02812499925494194 0.08148147910833359
0 0.02630208246409893 0.44212964177131653 0.04218750074505806 0.07129629701375961
0 0.5083333253860474 0.33703702688217163 0.02916666679084301 0.08703703433275223
0 0.3526041805744171 0.7393518686294556 0.03437500074505806 0.08611111342906952
0 0.37968748807907104 0.6259258985519409 0.05000000074505806 0.07962962985038757