1 0.640625 0.37361112236976624 0.01666666753590107 0.02500000037252903
1 0.6091145873069763 0.5620370507240295 0.01718750037252903 0.029629629105329514
1 0.6549479365348816 0.6722221970558167 0.01614583283662796 0.02777777798473835
1 0.585156261920929 0.4287036955356598 0.01822916604578495 0.029629629105329514
1 0.28958332538604736 0.4365740716457367 0.01770833320915699 0.028703704476356506
1 0.4895833432674408 0.5236111283302307 0.01666666753590107 0.03055555559694767
1 0.5921875238418579 0.21990740299224854 0.01666666753590107 0.026851851493120193
1 0.3854166567325592 0.3018518388271332 0.01770833320915699 0.029629629105329514
1 0.38880208134651184 0.8185185194015503 0.013020833022892475 0.02777777798473835
1 0.3359375 0.4564814865589142 0.01979166641831398 0.02777777798473835
1 0.6161458492279053 0.7574074268341064 0.015625 0.031481482088565826
1 0.4885416626930237 0.27314814925193787 0.01979166641831398 0.035185184329748154
0 0.6010416746139526 0.7629629373550415 0.05000000074505806 0.0555555559694767
0 0.6291666626930237 0.38935184478759766 0.03541666641831398 0.07685185223817825
0 0.2841145694255829 0.4555555582046509 0.02864583395421505 0.07592592388391495
0 0.37552082538604736 0.2856481373310089 0.03958333283662796 0.06388889253139496
0 0.3330729305744171 0.42916667461395264 0.03281249850988388 0.08981481194496155
0 0.6627604365348816 0.6726852059364319 0.0338541679084301 0.06388889253139496
0 0.5992187261581421 0.23981481790542603 0.03177083283662796 0.07777778059244156
0 0.5013020634651184 0.5083333253860474 0.04739583283662796 0.06851851940155029
0 0.500781238079071 0.26342591643333435 0.04739583283662796 0.06388889253139496
0 0.5958333611488342 0.5694444179534912 0.05104166641831398 0.06666667014360428
0 0.6619791388511658 0.35740742087364197 0.02916666679084301 0.06296296417713165
0 0.37682291865348816 0.8162037134170532 0.04218750074505806 0.06203703582286835
0 0.5838541388511658 0.4018518626689911 0.03229166567325592 0.09444444626569748