0 0.5953124761581421 0.3291666805744171 0.02604166604578495 0.06018518656492233
3 0.5138021111488342 0.5027777552604675 0.0338541679084301 0.10370370000600815
1 0.5104166865348816 0.5180555582046509 0.01666666753590107 0.026851851493120193
0 0.5872395634651184 0.34259259700775146 0.0442708320915699 0.09074074029922485
1 0.30781251192092896 0.6694444417953491 0.01875000074505806 0.031481482088565826
1 0.3101562559604645 0.34166666865348816 0.01614583283662796 0.025925925001502037
1 0.5286458134651184 0.5759259462356567 0.01770833320915699 0.03333333507180214
1 0.5893229246139526 0.5833333134651184 0.01718750037252903 0.035185184329748154
3 0.5874999761581421 0.3430555462837219 0.046875 0.08981481194496155
1 0.2888020873069763 0.5407407283782959 0.01718750037252903 0.024074073880910873
1 0.6002604365348816 0.36944442987442017 0.01822916604578495 0.029629629105329514
1 0.5356770753860474 0.22361111640930176 0.01927083358168602 0.032407406717538834
1 0.671093761920929 0.6115740537643433 0.01718750037252903 0.026851851493120193
1 0.617968738079071 0.4393518567085266 0.01718750037252903 0.02500000037252903
1 0.6278645992279053 0.5587962865829468 0.01822916604578495 0.02500000037252903
0 0.515625 0.5652777552604675 0.04374999925494194 0.049074072390794754
0 0.36119791865348816 0.2430555522441864 0.03177083283662796 0.06018518656492233
1 0.3539062440395355 0.2657407522201538 0.01614583283662796 0.025925925001502037
0 0.6778646111488342 0.5967592597007751 0.02864583395421505 0.07314814627170563
0 0.3057291805744171 0.6740740537643433 0.02916666679084301 0.06296296417713165
0 0.5494791865348816 0.21805556118488312 0.04479166492819786 0.04537037014961243
0 0.5721353888511658 0.5791666507720947 0.0442708320915699 0.04722222313284874
0 0.2848958373069763 0.5662037134170532 0.03125 0.07870370149612427
0 0.3059895932674408 0.35277777910232544 0.02864583395421505 0.06296296417713165
0 0.6229166388511658 0.4625000059604645 0.03437500074505806 0.07870370149612427
0 0.6338541507720947 0.585185170173645 0.02916666679084301 0.07962962985038757
0 0.5140625238418579 0.4930555522441864 0.02812499925494194 0.07685185223817825