1 0.6018229126930237 0.8194444179534912 0.01822916604578495 0.02777777798473835
3 0.41197916865348816 0.5708333253860474 0.046875 0.05648148059844971
3 0.3921875059604645 0.5583333373069763 0.0885416641831398 0.07407407462596893
1 0.49557292461395264 0.8879629373550415 0.01927083358168602 0.03333333507180214
1 0.40182292461395264 0.5634258985519409 0.01406249962747097 0.032407406717538834
1 0.04348958283662796 0.2976851761341095 0.01718750037252903 0.026851851493120193
0 0.37291666865348816 0.5462962985038757 0.04374999925494194 0.06111111119389534
1 0.6195312738418579 0.7504629492759705 0.01718750037252903 0.023148147389292717
1 0.01536458358168602 0.5254629850387573 0.01822916604578495 0.028703704476356506
1 0.04583333432674408 0.3847222328186035 0.01770833320915699 0.026851851493120193
1 0.3619791567325592 0.5509259104728699 0.01666666753590107 0.029629629105329514
0 0.01406249962747097 0.1893518567085266 0.02812499925494194 0.037962961941957474
1 0.5755208134651184 0.9013888835906982 0.01875000074505806 0.028703704476356506
0 0.04453124850988388 0.3717592656612396 0.02552083320915699 0.07685185223817825
3 0.6187499761581421 0.7259259223937988 0.03437500074505806 0.09259258955717087
1 0.03541666641831398 0.23055554926395416 0.012500000186264515 0.02222222276031971
1 0.7065104246139526 0.364814817905426 0.01927083358168602 0.02777777798473835
1 0.6528645753860474 0.8291666507720947 0.01718750037252903 0.034259259700775146
0 0.5062500238418579 0.9050925970077515 0.03541666641831398 0.05648148059844971
0 0.4156250059604645 0.5703703761100769 0.04270833358168602 0.0555555559694767
1 0.600781261920929 0.2023148089647293 0.01718750037252903 0.032407406717538834
0 0.01406249962747097 0.5078703761100769 0.02708333358168602 0.07870370149612427
0 0.6177083253860474 0.7208333611488342 0.02916666679084301 0.0824074074625969
0 0.5682291388511658 0.9097222089767456 0.03541666641831398 0.05092592537403107
0 0.04062499850988388 0.3152777850627899 0.02604166604578495 0.07129629701375961
0 0.6117187738418579 0.20648148655891418 0.03802083432674408 0.05370370298624039
0 0.6117187738418579 0.8087962865829468 0.04322916641831398 0.06388889253139496
0 0.03098958358168602 0.2439814805984497 0.02968749962747097 0.05648148059844971
0 0.6669270992279053 0.8254629373550415 0.04218750074505806 0.05833333358168602
0 0.7041666507720947 0.3481481373310089 0.03125 0.06481481343507767
0 0.7361978888511658 0.4962962865829468 0.03593749925494194 0.07592592388391495