0 0.314063 0.512037 0.019792 0.059259
0 0.329167 0.361574 0.025000 0.056481
0 0.340104 0.535648 0.019792 0.065741
0 0.389844 0.729630 0.027604 0.040741
0 0.400000 0.668981 0.020833 0.060185
0 0.404167 0.256019 0.033333 0.039815
0 0.415885 0.751852 0.027604 0.027778
0 0.431771 0.251852 0.031250 0.035185
0 0.436198 0.775000 0.033854 0.038889
0 0.442448 0.290278 0.032813 0.052778
0 0.582031 0.383796 0.023438 0.054630
0 0.603125 0.428704 0.039583 0.072222
0 0.640365 0.620370 0.025521 0.070370
1 0.314844 0.528241 0.016146 0.021296
1 0.325521 0.380556 0.015625 0.020370
1 0.339062 0.557870 0.017708 0.028704
1 0.382552 0.727315 0.016146 0.025000
1 0.392188 0.258796 0.012500 0.025000
1 0.396354 0.646759 0.014583 0.021296
1 0.418750 0.258333 0.008333 0.020370
1 0.422396 0.756481 0.013542 0.016667
1 0.438802 0.274074 0.015104 0.018519
1 0.445833 0.784259 0.012500 0.020370
1 0.586979 0.371296 0.014583 0.025926
1 0.590625 0.406019 0.013542 0.025000
1 0.636979 0.643056 0.015625 0.025000
3 0.420312 0.254167 0.051042 0.034259
3 0.428125 0.766204 0.052083 0.056481
3 0.437760 0.275000 0.044271 0.083333
3 0.596615 0.412500 0.049479 0.099074
4 0.441667 0.288889 0.028125 0.051852
4 0.603385 0.429167 0.038021 0.067593
