0 0.298177 0.656481 0.025521 0.081481
0 0.329167 0.743056 0.033333 0.075000
0 0.334375 0.505556 0.029167 0.081481
0 0.374219 0.340278 0.028646 0.093519
0 0.404167 0.195370 0.040625 0.062963
0 0.508333 0.160648 0.040625 0.060185
0 0.577865 0.466204 0.042188 0.056481
0 0.611979 0.401852 0.023958 0.077778
0 0.626302 0.765741 0.027604 0.055556
0 0.643229 0.432870 0.032292 0.067593
0 0.653125 0.701389 0.030208 0.050926
0 0.666146 0.372685 0.026042 0.050926
0 0.674479 0.626852 0.032292 0.074074
1 0.297917 0.630556 0.017708 0.024074
1 0.321615 0.721759 0.017188 0.023148
1 0.332292 0.475926 0.021875 0.027778
1 0.376563 0.366667 0.019792 0.029630
1 0.392448 0.209722 0.017188 0.032407
1 0.519271 0.166204 0.015625 0.034259
1 0.563802 0.460648 0.014063 0.028704
1 0.613021 0.431019 0.017708 0.025000
1 0.651042 0.416204 0.015625 0.025000
1 0.667448 0.644444 0.017188 0.025926
1 0.668229 0.371296 0.009375 0.020370
1 0.646875 0.699537 0.012500 0.023148
1 0.625260 0.769907 0.011979 0.015741
