0 0.316406 0.509259 0.023438 0.064815
0 0.363021 0.674537 0.026042 0.065741
0 0.388281 0.643056 0.024479 0.067593
0 0.398698 0.743519 0.019271 0.042593
0 0.417969 0.753241 0.021354 0.043519
0 0.439583 0.246296 0.017708 0.046296
0 0.439583 0.293056 0.018750 0.047222
0 0.452344 0.337500 0.018229 0.050926
0 0.482031 0.365741 0.034896 0.044444
0 0.484115 0.197222 0.020313 0.051852
0 0.513021 0.763889 0.020833 0.057407
0 0.597135 0.525926 0.025521 0.066667
1 0.314323 0.525463 0.015104 0.021296
1 0.370833 0.693056 0.013542 0.025000
1 0.386198 0.664815 0.014063 0.020370
1 0.401302 0.755556 0.010937 0.016667
1 0.423698 0.763889 0.010937 0.024074
1 0.439323 0.236574 0.015104 0.026852
1 0.441406 0.280556 0.017188 0.016667
1 0.452083 0.322222 0.016667 0.018519
1 0.470573 0.359259 0.013021 0.025926
1 0.485677 0.184259 0.017188 0.024074
1 0.513021 0.785648 0.019792 0.013889
1 0.601562 0.506019 0.015625 0.021296
3 0.439844 0.269444 0.021354 0.090741
3 0.445573 0.315278 0.030729 0.095370
3 0.472135 0.350000 0.057813 0.075926
