0 0.377604 0.229167 0.030208 0.076852
0 0.407031 0.189815 0.030729 0.053704
0 0.511458 0.561574 0.029167 0.086111
0 0.508333 0.151852 0.030208 0.057407
0 0.520573 0.876852 0.036979 0.038889
0 0.537760 0.148148 0.028646 0.037037
0 0.555990 0.866667 0.023438 0.050000
0 0.562240 0.512037 0.043229 0.066667
0 0.594010 0.187037 0.036979 0.029630
0 0.603646 0.225000 0.043750 0.044444
1 0.372656 0.256481 0.015104 0.020370
1 0.502865 0.141667 0.013021 0.022222
1 0.509115 0.583796 0.020313 0.030556
1 0.528906 0.160185 0.011979 0.020370
1 0.534115 0.874537 0.013021 0.026852
1 0.547917 0.519444 0.016667 0.027778
1 0.554427 0.871759 0.013021 0.025000
1 0.580990 0.183796 0.009896 0.021296
1 0.617969 0.216204 0.014063 0.025000
3 0.394010 0.213889 0.064062 0.103704
1 0.397656 0.206019 0.013021 0.025000
4 0.409115 0.190278 0.033854 0.056481
0 0.550781 0.172222 0.027604 0.040741
0 0.580729 0.157870 0.042708 0.034259
1 0.565365 0.162963 0.010937 0.024074
3 0.522396 0.146296 0.059375 0.048148
3 0.544010 0.161111 0.041146 0.064815
3 0.563542 0.158333 0.078125 0.033333
3 0.586198 0.171759 0.053646 0.062037
