0 0.320052 0.287037 0.035937 0.059259
0 0.360156 0.781019 0.038021 0.052778
0 0.370833 0.245370 0.042708 0.061111
0 0.453125 0.830093 0.040625 0.045370
0 0.511458 0.842593 0.041667 0.044444
0 0.602344 0.396296 0.033854 0.048148
0 0.608594 0.757407 0.028646 0.083333
0 0.624740 0.251852 0.030729 0.059259
0 0.635417 0.735185 0.026042 0.040741
0 0.637500 0.377315 0.037500 0.047222
0 0.648438 0.278704 0.022917 0.061111
0 0.668490 0.323148 0.031771 0.057407
1 0.310677 0.299537 0.016146 0.028704
1 0.357031 0.256019 0.016146 0.030556
1 0.372917 0.775926 0.014583 0.025926
1 0.468490 0.830093 0.014063 0.028704
1 0.523698 0.836574 0.013021 0.026852
1 0.593750 0.395370 0.013542 0.025926
1 0.641146 0.728704 0.011458 0.018519
3 0.620573 0.387963 0.071354 0.066667
3 0.621875 0.758333 0.054167 0.085185
3 0.634896 0.265741 0.051042 0.087037
1 0.617448 0.754167 0.010937 0.021296
4 0.608854 0.758333 0.030208 0.085185
1 0.625260 0.386574 0.009896 0.023148
1 0.669792 0.319907 0.012500 0.021296
1 0.650521 0.267593 0.013542 0.022222
1 0.636979 0.269907 0.008333 0.023148
