0 0.298958 0.328241 0.027083 0.069444
0 0.324740 0.270833 0.027604 0.050926
0 0.346094 0.244907 0.022396 0.058333
0 0.370833 0.255556 0.033333 0.072222
0 0.429688 0.831019 0.031250 0.039815
0 0.460677 0.812037 0.023438 0.072222
0 0.523177 0.834722 0.024479 0.045370
0 0.566927 0.236574 0.031771 0.078704
0 0.578125 0.359259 0.043750 0.061111
0 0.618229 0.759259 0.021875 0.055556
0 0.619531 0.400926 0.030729 0.044444
0 0.655990 0.386574 0.035937 0.049074
1 0.299479 0.348611 0.013542 0.017593
1 0.318490 0.285185 0.014063 0.022222
1 0.377344 0.237037 0.016146 0.027778
1 0.440365 0.828704 0.011979 0.014815
1 0.458594 0.832407 0.014063 0.020370
1 0.526042 0.838426 0.013542 0.021296
1 0.566667 0.350000 0.017708 0.029630
1 0.573438 0.259259 0.018750 0.027778
1 0.614323 0.398148 0.017188 0.027778
1 0.647917 0.713426 0.016667 0.030556
3 0.311719 0.304630 0.053646 0.118519
3 0.597656 0.375463 0.082812 0.093519
3 0.629427 0.743519 0.051562 0.094444
3 0.639323 0.391667 0.070312 0.061111
3 0.623437 0.744907 0.011458 0.021296
1 0.643490 0.395833 0.011979 0.032407
1 0.344531 0.266667 0.010937 0.014815
3 0.334115 0.256019 0.046354 0.080556
5 0.334115 0.256019 0.046354 0.080556
0 0.641667 0.722222 0.027083 0.051852
