0 0.335938 0.506019 0.031250 0.091667
0 0.372917 0.806019 0.051042 0.084259
0 0.374219 0.331019 0.026562 0.089815
0 0.424740 0.179167 0.041146 0.063889
0 0.507031 0.159259 0.041146 0.055556
0 0.613021 0.327778 0.036458 0.072222
0 0.615365 0.573611 0.042188 0.069444
0 0.624740 0.257407 0.032813 0.053704
0 0.625260 0.765741 0.031771 0.068519
0 0.654167 0.696296 0.034375 0.075926
0 0.669531 0.643981 0.025521 0.071296
0 0.678385 0.568519 0.027604 0.068519
1 0.332813 0.476389 0.020833 0.026852
1 0.376563 0.357870 0.018750 0.028704
1 0.388542 0.823611 0.018750 0.030556
1 0.411458 0.194907 0.015625 0.025000
1 0.518490 0.162963 0.015104 0.031481
1 0.614062 0.247222 0.014583 0.024074
1 0.619792 0.300926 0.017708 0.024074
1 0.627083 0.587500 0.015625 0.030556
1 0.630990 0.743056 0.017188 0.026852
1 0.644010 0.713426 0.016146 0.023148
1 0.670573 0.616204 0.019271 0.026852
1 0.671875 0.597685 0.018750 0.025000
3 0.615885 0.298148 0.047396 0.133333
