0 0.312500 0.322685 0.022917 0.084259
0 0.331771 0.324074 0.015625 0.092593
0 0.330469 0.421296 0.034896 0.079630
0 0.343490 0.246759 0.028646 0.065741
0 0.372396 0.341204 0.028125 0.084259
0 0.398177 0.412963 0.036979 0.075926
0 0.411719 0.261574 0.035937 0.071296
0 0.415625 0.856019 0.039583 0.060185
0 0.450781 0.398148 0.031771 0.096296
0 0.477865 0.763426 0.051562 0.060185
0 0.488021 0.137037 0.043750 0.066667
0 0.583333 0.229167 0.044792 0.071296
0 0.688281 0.641204 0.033854 0.086111
1 0.323958 0.444444 0.017708 0.027778
1 0.337500 0.268981 0.016667 0.023148
1 0.372917 0.365278 0.016667 0.025000
1 0.389844 0.437037 0.017188 0.027778
1 0.401823 0.843981 0.017188 0.030556
1 0.421354 0.246296 0.017708 0.029630
1 0.447135 0.425926 0.019271 0.029630
1 0.494010 0.757407 0.017188 0.033333
1 0.500260 0.139352 0.016146 0.032407
1 0.597396 0.217130 0.019792 0.036111
1 0.691146 0.614352 0.017708 0.026852
3 0.340885 0.273148 0.034896 0.116667
1 0.317188 0.295833 0.013542 0.021296
