0 0.320052 0.284722 0.036979 0.060185
0 0.368229 0.778241 0.046875 0.069444
0 0.372917 0.246759 0.043750 0.054630
0 0.454167 0.828241 0.039583 0.045370
0 0.513802 0.845833 0.038021 0.050926
0 0.603125 0.388426 0.030208 0.049074
0 0.609115 0.769444 0.030729 0.042593
0 0.624219 0.252778 0.031771 0.057407
0 0.630990 0.735185 0.029687 0.037037
0 0.637760 0.378241 0.038021 0.049074
0 0.649219 0.286574 0.018229 0.058333
0 0.667969 0.327315 0.028646 0.052778
1 0.310417 0.299537 0.016667 0.028704
1 0.357812 0.259259 0.014583 0.027778
1 0.380729 0.777315 0.015625 0.032407
1 0.468750 0.833333 0.013542 0.024074
1 0.523177 0.836574 0.014063 0.025000
1 0.593229 0.394907 0.010417 0.025000
1 0.625000 0.386574 0.010417 0.025000
1 0.649740 0.271296 0.016146 0.022222
3 0.622396 0.383333 0.068750 0.059259
3 0.618750 0.750000 0.055208 0.085185
3 0.633333 0.269444 0.050000 0.092593
1 0.639323 0.730556 0.011979 0.025926
1 0.620052 0.758796 0.008854 0.019444
4 0.608594 0.751389 0.032813 0.082407
1 0.670833 0.318519 0.014583 0.024074
1 0.636719 0.268981 0.009896 0.026852
