0 0.287240 0.424074 0.036979 0.085185
0 0.316406 0.316204 0.031771 0.063889
0 0.333854 0.437037 0.030208 0.096296
0 0.335938 0.260648 0.034375 0.063889
0 0.372917 0.346296 0.031250 0.092593
0 0.398177 0.417130 0.038021 0.078704
0 0.423698 0.254630 0.043229 0.064815
0 0.449219 0.401389 0.031771 0.099074
0 0.511458 0.142593 0.046875 0.055556
0 0.551042 0.151389 0.030208 0.052778
0 0.648177 0.537963 0.035937 0.098148
0 0.675260 0.375926 0.043229 0.087037
0 0.695312 0.608333 0.032292 0.087037
1 0.284896 0.451389 0.017708 0.026852
1 0.333333 0.466204 0.018750 0.028704
1 0.345573 0.249537 0.016146 0.028704
1 0.370833 0.371296 0.017708 0.024074
1 0.388542 0.438426 0.017708 0.028704
1 0.435156 0.245370 0.018229 0.033333
1 0.447135 0.424074 0.017188 0.033333
1 0.525781 0.149537 0.015104 0.025000
1 0.545312 0.148611 0.012500 0.019444
1 0.644271 0.515741 0.017708 0.025926
1 0.684896 0.352778 0.018750 0.033333
1 0.698958 0.583796 0.019792 0.026852
3 0.324479 0.289815 0.051042 0.112963
1 0.323177 0.296759 0.017188 0.026852
