0 0.304688 0.314815 0.025000 0.046296
0 0.350000 0.238889 0.023958 0.062963
0 0.354427 0.284259 0.035937 0.040741
0 0.431250 0.837500 0.031250 0.034259
0 0.449740 0.796759 0.030729 0.047222
0 0.522656 0.836111 0.025521 0.037037
0 0.535156 0.235185 0.046354 0.072222
0 0.578385 0.360185 0.044271 0.064815
0 0.616146 0.755556 0.029167 0.081481
0 0.621615 0.400463 0.034896 0.045370
0 0.657031 0.393056 0.034896 0.041667
1 0.303125 0.326852 0.012500 0.018519
1 0.366406 0.274537 0.011979 0.021296
1 0.440104 0.834259 0.011458 0.020370
1 0.440885 0.812037 0.010937 0.016667
1 0.548177 0.245370 0.017188 0.031481
1 0.567187 0.351389 0.017708 0.030556
1 0.615625 0.398148 0.017708 0.029630
1 0.648177 0.714352 0.014063 0.025000
3 0.314844 0.288889 0.045312 0.100000
3 0.336198 0.249537 0.051562 0.084259
3 0.597656 0.376389 0.082812 0.095370
3 0.628385 0.749074 0.053646 0.096296
3 0.639323 0.397222 0.071354 0.051852
0 0.324479 0.264815 0.026042 0.050000
1 0.317188 0.282870 0.012500 0.017593
1 0.347135 0.262037 0.013021 0.014815
5 0.336458 0.248611 0.051042 0.084259
1 0.644271 0.399074 0.009375 0.031481
0 0.638281 0.721759 0.034896 0.043519
1 0.625260 0.750926 0.010937 0.022222
4 0.615885 0.756019 0.029687 0.082407
1 0.528646 0.842593 0.009375 0.020370
3 0.440365 0.813889 0.049479 0.081481
