0 0.318490 0.278241 0.026562 0.049074
0 0.341667 0.243519 0.023958 0.064815
0 0.365625 0.268519 0.032292 0.059259
0 0.375260 0.184722 0.034896 0.058333
0 0.440625 0.834722 0.040625 0.052778
0 0.478385 0.775463 0.028646 0.071296
0 0.519792 0.836111 0.035417 0.040741
0 0.537760 0.270370 0.044271 0.075926
0 0.599740 0.395370 0.043229 0.051852
0 0.617969 0.759259 0.024479 0.048148
0 0.639583 0.385648 0.035417 0.052778
0 0.676042 0.406481 0.041667 0.059259
1 0.316667 0.287963 0.013542 0.022222
1 0.356250 0.286111 0.013542 0.024074
1 0.365104 0.202778 0.015625 0.024074
1 0.451823 0.838426 0.011979 0.021296
1 0.471354 0.799537 0.013542 0.021296
1 0.546615 0.254167 0.019271 0.030556
1 0.586719 0.391667 0.019271 0.033333
1 0.646354 0.711574 0.013542 0.023148
1 0.659896 0.403704 0.013542 0.027778
3 0.329427 0.256019 0.048438 0.093519
3 0.620573 0.390741 0.091146 0.062963
3 0.630208 0.741204 0.050000 0.089815
3 0.658854 0.400926 0.080208 0.074074
1 0.530469 0.831019 0.011979 0.023148
0 0.640104 0.720833 0.026042 0.041667
1 0.624740 0.745833 0.010937 0.021296
1 0.629167 0.394444 0.012500 0.025926
1 0.337760 0.263889 0.014063 0.022222
