0 0.325781 0.696759 0.032813 0.076852
0 0.440885 0.515741 0.048438 0.066667
0 0.460417 0.678704 0.035417 0.068519
0 0.522917 0.717593 0.032292 0.075926
0 0.524479 0.781481 0.036458 0.040741
0 0.543490 0.840278 0.031771 0.039815
0 0.555469 0.787500 0.020313 0.062037
0 0.558594 0.593981 0.040104 0.049074
0 0.600000 0.604167 0.039583 0.050926
0 0.624479 0.323148 0.041667 0.057407
0 0.643229 0.424537 0.040625 0.078704
1 0.333073 0.712963 0.015104 0.027778
1 0.427083 0.503241 0.015625 0.032407
1 0.452604 0.662963 0.015625 0.027778
1 0.527865 0.737500 0.018229 0.030556
1 0.546875 0.600000 0.016667 0.027778
1 0.552865 0.831944 0.015104 0.026852
1 0.585677 0.602315 0.014063 0.030556
1 0.634896 0.412963 0.014583 0.029630
1 0.637760 0.323148 0.014063 0.029630
3 0.579427 0.601389 0.083854 0.060185
1 0.536979 0.784722 0.010417 0.026852
1 0.554427 0.813426 0.014063 0.019444
0 0.492969 0.852315 0.042188 0.041667
1 0.503125 0.852778 0.018750 0.037037
3 0.525521 0.741204 0.038542 0.125000
