0 0.419792 0.229167 0.027083 0.078704
0 0.508333 0.820370 0.036458 0.038889
0 0.527083 0.378241 0.027083 0.063889
0 0.532031 0.444907 0.030729 0.071296
0 0.542708 0.747222 0.033333 0.044444
0 0.553906 0.684722 0.034896 0.058333
0 0.560677 0.803241 0.040104 0.039815
0 0.592448 0.741667 0.027604 0.053704
0 0.597656 0.255556 0.039062 0.064815
0 0.624740 0.749537 0.025521 0.050926
0 0.627083 0.699074 0.034375 0.035185
1 0.420312 0.212500 0.019792 0.028704
1 0.525781 0.364815 0.015104 0.020370
1 0.542969 0.699537 0.015104 0.026852
1 0.551302 0.757870 0.010937 0.021296
1 0.572917 0.803704 0.014583 0.027778
1 0.600781 0.726852 0.016146 0.025926
1 0.608073 0.271759 0.017188 0.030556
1 0.640365 0.699074 0.013021 0.025926
3 0.530469 0.415741 0.035937 0.133333
3 0.534115 0.755556 0.054688 0.057407
1 0.529687 0.417130 0.013542 0.017593
1 0.519271 0.812500 0.014583 0.019444
0 0.513542 0.781019 0.035417 0.043519
1 0.525781 0.768981 0.011979 0.015741
1 0.629948 0.735648 0.011979 0.019444
3 0.611198 0.725926 0.066146 0.088889
