0 0.324219 0.278704 0.032813 0.051852
0 0.369792 0.233796 0.038542 0.067593
0 0.434896 0.809722 0.037500 0.045370
0 0.471875 0.812963 0.035417 0.064815
0 0.517448 0.843056 0.036979 0.045370
0 0.530469 0.132870 0.051562 0.054630
0 0.530990 0.243519 0.043229 0.070370
0 0.600260 0.389352 0.040104 0.049074
0 0.597917 0.180093 0.036458 0.054630
0 0.617969 0.761574 0.022396 0.052778
0 0.641406 0.725463 0.024479 0.050926
0 0.643229 0.385648 0.038542 0.054630
1 0.315625 0.292130 0.015625 0.025000
1 0.358854 0.253704 0.014583 0.025926
1 0.530208 0.832870 0.008333 0.015741
1 0.516667 0.137963 0.020833 0.040741
1 0.518490 0.233333 0.018229 0.031481
1 0.588281 0.389352 0.016146 0.030556
1 0.590625 0.173611 0.015625 0.030556
1 0.617708 0.210648 0.010417 0.021296
1 0.629687 0.390278 0.012500 0.025000
1 0.646875 0.712500 0.012500 0.021296
3 0.605208 0.190741 0.051042 0.077778
3 0.628385 0.746296 0.049479 0.094444
3 0.348438 0.253241 0.081250 0.106481
4 0.370573 0.232870 0.041146 0.069444
1 0.450260 0.817130 0.007812 0.025000
1 0.461198 0.820833 0.013021 0.028704
3 0.452083 0.813426 0.075000 0.075000
1 0.623698 0.747222 0.009896 0.016667
3 0.620833 0.385185 0.084375 0.061111
0 0.620833 0.212500 0.019792 0.032407
