0 0.283073 0.552315 0.029687 0.082407
0 0.293229 0.425000 0.032292 0.064815
0 0.301042 0.365278 0.023958 0.063889
0 0.360938 0.362037 0.044792 0.059259
0 0.478646 0.161574 0.040625 0.054630
0 0.498437 0.283796 0.031250 0.056481
0 0.510156 0.667130 0.035937 0.071296
0 0.527865 0.331944 0.027604 0.069444
0 0.549479 0.701389 0.029167 0.086111
0 0.581250 0.568056 0.045833 0.065741
0 0.593750 0.335185 0.030208 0.087037
0 0.604688 0.761111 0.039583 0.077778
0 0.620833 0.252315 0.036458 0.056481
1 0.284896 0.525926 0.019792 0.025926
1 0.346875 0.365278 0.017708 0.030556
1 0.466406 0.169444 0.015104 0.027778
1 0.516927 0.647222 0.018229 0.033333
1 0.532031 0.351389 0.019271 0.030556
1 0.550521 0.725463 0.018750 0.026852
1 0.566927 0.552315 0.018229 0.032407
1 0.597396 0.359722 0.020833 0.030556
1 0.611719 0.246759 0.015104 0.028704
1 0.613802 0.779630 0.015104 0.024074
3 0.514062 0.307407 0.055208 0.105556
1 0.298177 0.404167 0.015104 0.019444
1 0.300521 0.385648 0.015625 0.019444
