0 0.013802 0.507870 0.026562 0.080556
0 0.014844 0.190278 0.028646 0.037963
0 0.029427 0.240278 0.030729 0.056481
0 0.039583 0.315278 0.027083 0.073148
0 0.043750 0.372222 0.027083 0.075926
0 0.356510 0.757407 0.031771 0.070370
0 0.485938 0.404630 0.038542 0.072222
0 0.503125 0.897222 0.032292 0.053704
0 0.541667 0.910648 0.033333 0.043519
0 0.543490 0.361111 0.034896 0.062963
0 0.581510 0.870833 0.044271 0.062037
0 0.586719 0.354630 0.043229 0.064815
0 0.636198 0.755093 0.031771 0.087963
0 0.699219 0.747222 0.025521 0.046296
1 0.014583 0.525926 0.018750 0.029630
1 0.035417 0.226852 0.014583 0.025926
1 0.042969 0.297222 0.016146 0.025926
1 0.045312 0.383796 0.017708 0.028704
1 0.478385 0.381944 0.020313 0.032407
1 0.510677 0.900926 0.015104 0.025926
1 0.535156 0.379630 0.018229 0.027778
1 0.573177 0.347222 0.016146 0.027778
1 0.591667 0.875926 0.015625 0.025926
1 0.634896 0.731481 0.020833 0.031481
1 0.720833 0.716667 0.011458 0.020370
3 0.567708 0.356944 0.084375 0.075000
4 0.587500 0.357407 0.045833 0.075926
1 0.357031 0.761574 0.011979 0.021296
0 0.712500 0.709722 0.029167 0.036111
1 0.706250 0.734259 0.010417 0.018519
4 0.710938 0.707870 0.037500 0.047222
3 0.709375 0.726852 0.050000 0.103704
3 0.521875 0.890278 0.079167 0.086111
