0 0.349219 0.749537 0.036979 0.078704
0 0.376302 0.435648 0.041146 0.076852
0 0.493750 0.323148 0.017708 0.061111
0 0.484896 0.364352 0.017708 0.065741
0 0.495833 0.254630 0.038542 0.074074
0 0.568750 0.865278 0.046875 0.050926
0 0.606250 0.840278 0.027083 0.034259
0 0.613542 0.637500 0.036458 0.034259
0 0.620833 0.689815 0.040625 0.074074
0 0.635938 0.586111 0.038542 0.062963
0 0.641927 0.210648 0.032813 0.065741
0 0.672656 0.257407 0.024479 0.051852
1 0.343229 0.727778 0.013542 0.022222
1 0.385937 0.417593 0.018750 0.033333
1 0.487760 0.275926 0.017188 0.027778
1 0.577083 0.661111 0.018750 0.029630
1 0.585156 0.850000 0.014063 0.022222
1 0.613021 0.845370 0.012500 0.022222
1 0.624479 0.564815 0.014583 0.022222
1 0.649479 0.231944 0.016667 0.026852
1 0.666927 0.270370 0.014063 0.020370
3 0.599740 0.651852 0.064062 0.062963
3 0.618490 0.673611 0.046354 0.106481
1 0.495312 0.344907 0.014583 0.019444
0 0.581250 0.644444 0.027083 0.068519
1 0.622396 0.661574 0.014583 0.012037
1 0.599479 0.642130 0.008333 0.025000
4 0.621094 0.689815 0.041146 0.074074
3 0.582812 0.857407 0.073958 0.068519
5 0.582552 0.857870 0.074479 0.069444
