3 0.5143229365348816 0.8013888597488403 0.04739583283662796 0.07500000298023224
1 0.600781261920929 0.7268518805503845 0.01614583283662796 0.025925925001502037
1 0.5263020992279053 0.3680555522441864 0.01927083358168602 0.03055555559694767
1 0.5729166865348816 0.8037037253379822 0.014583333395421505 0.02777777798473835
0 0.503125011920929 0.8212962746620178 0.02604166604578495 0.03888889029622078
1 0.5518229007720947 0.7578703761100769 0.010937499813735485 0.021296296268701553
3 0.5252603888511658 0.7819444537162781 0.06093750149011612 0.08425925672054291
0 0.6270833611488342 0.6990740895271301 0.03437500074505806 0.035185184329748154
3 0.5341145992279053 0.7564814686775208 0.0546875 0.05740740895271301
0 0.52734375 0.3791666626930237 0.02656250074505806 0.06388889253139496
1 0.5434895753860474 0.6995370388031006 0.015104166232049465 0.026851851493120193
1 0.4208333194255829 0.21250000596046448 0.01979166641831398 0.028703704476356506
1 0.6408854126930237 0.699999988079071 0.013020833022892475 0.025925925001502037
0 0.5645833611488342 0.8060185313224792 0.03854166716337204 0.04537037014961243
0 0.6247395873069763 0.75 0.02552083320915699 0.05000000074505806
1 0.6080729365348816 0.2717592716217041 0.01718750037252903 0.03055555559694767
3 0.5315104126930237 0.4148148000240326 0.03593749925494194 0.13333334028720856
0 0.5427083373069763 0.7481481432914734 0.03333333507180214 0.04444444552063942
0 0.5330728888511658 0.4462963044643402 0.02864583395421505 0.06666667014360428
0 0.5924479365348816 0.7416666746139526 0.02760416641831398 0.05370370298624039
0 0.553906261920929 0.6847222447395325 0.03489583358168602 0.05833333358168602
0 0.4203124940395355 0.2291666716337204 0.02708333358168602 0.07870370149612427
0 0.59765625 0.2560185194015503 0.0390625 0.06388889253139496