3 0.5140625238418579 0.307407408952713 0.05520833283662796 0.10555555671453476
1 0.5510416626930237 0.7263888716697693 0.01875000074505806 0.026851851493120193
1 0.6143229007720947 0.779629647731781 0.015104166232049465 0.024074073880910873
1 0.5674479007720947 0.5532407164573669 0.01822916604578495 0.032407406717538834
1 0.5174478888511658 0.6481481194496155 0.01822916604578495 0.03333333507180214
0 0.29374998807907104 0.4254629611968994 0.03229166567325592 0.06388889253139496
1 0.28515625 0.5259259343147278 0.01927083358168602 0.025925925001502037
1 0.4664062559604645 0.17037037014961243 0.015104166232049465 0.02777777798473835
0 0.30156248807907104 0.3662036955356598 0.02395833283662796 0.06388889253139496
1 0.5325520634651184 0.3513889014720917 0.01927083358168602 0.03055555559694767
1 0.6117187738418579 0.24675926566123962 0.015104166232049465 0.028703704476356506
1 0.34687501192092896 0.3662036955356598 0.01770833320915699 0.03055555559694767
1 0.5979166626930237 0.35972222685813904 0.02083333395421505 0.03055555559694767
0 0.4989583194255829 0.2837963104248047 0.03125 0.05648148059844971
0 0.604687511920929 0.7611111402511597 0.03958333283662796 0.07777778059244156
0 0.28307291865348816 0.5532407164573669 0.02968749962747097 0.0824074074625969
0 0.5283854007720947 0.33287036418914795 0.02760416641831398 0.0694444477558136
0 0.5101562738418579 0.667129635810852 0.03593749925494194 0.07129629701375961
0 0.3609375059604645 0.3629629611968994 0.04479166492819786 0.05925925821065903
0 0.4791666567325592 0.1615740805864334 0.04062499850988388 0.05462963134050369
0 0.5494791865348816 0.7023147940635681 0.02916666679084301 0.08611111342906952
0 0.581250011920929 0.5680555701255798 0.04583333432674408 0.06574074178934097
0 0.5942708253860474 0.33564814925193787 0.03020833246409893 0.08611111342906952
0 0.6213541626930237 0.2532407343387604 0.0364583320915699 0.05648148059844971
3 0.2940104305744171 0.39907407760620117 0.03802083432674408 0.1259259283542633