1 0.5296875238418579 0.14953704178333282 0.02083333395421505 0.03055555559694767
1 0.4479166567325592 0.4268518388271332 0.01666666753590107 0.029629629105329514
1 0.32630208134651184 0.44999998807907104 0.01927083358168602 0.02777777798473835
1 0.3882812559604645 0.43888887763023376 0.01718750037252903 0.02777777798473835
1 0.43359375 0.24444444477558136 0.01614583283662796 0.031481482088565826
1 0.3343749940395355 0.2689814865589142 0.01666666753590107 0.026851851493120193
1 0.5877603888511658 0.5370370149612427 0.02031249925494194 0.029629629105329514
0 0.29374998807907104 0.40925925970077515 0.03125 0.07407407462596893
1 0.28697916865348816 0.5495370626449585 0.01666666753590107 0.026851851493120193
1 0.37187498807907104 0.3708333373069763 0.01770833320915699 0.023148147389292717
1 0.676562488079071 0.5625 0.01875000074505806 0.026851851493120193
1 0.51953125 0.1467592567205429 0.01822916604578495 0.03611111268401146
0 0.3984375 0.4166666567325592 0.03541666641831398 0.07407407462596893
0 0.3018229305744171 0.35740742087364197 0.02968749962747097 0.06111111119389534
0 0.3408854305744171 0.24953703582286835 0.03489583358168602 0.06759259104728699
0 0.4494791626930237 0.39953702688217163 0.03125 0.09351851791143417
0 0.3734374940395355 0.3453703820705414 0.03020833246409893 0.09259258955717087
0 0.5861979126930237 0.5092592835426331 0.0338541679084301 0.10000000149011612
0 0.2825520932674408 0.5240740776062012 0.03281249850988388 0.08888889104127884
0 0.6729166507720947 0.5898148417472839 0.03333333507180214 0.09814814478158951
0 0.33125001192092896 0.42407408356666565 0.03229166567325592 0.0833333358168602
0 0.5466145873069763 0.1587962955236435 0.03593749925494194 0.05648148059844971
0 0.42005208134651184 0.25555557012557983 0.0442708320915699 0.06296296417713165
0 0.504687488079071 0.13518518209457397 0.04583333432674408 0.06111111119389534