1 0.6997395753860474 0.4902777671813965 0.01614583283662796 0.023148147389292717
1 0.5171874761581421 0.6861110925674438 0.01666666753590107 0.024074073880910873
1 0.6221354007720947 0.2171296328306198 0.01406249962747097 0.023148147389292717
1 0.6145833134651184 0.24953703582286835 0.014583333395421505 0.026851851493120193
1 0.45755207538604736 0.5870370268821716 0.01718750037252903 0.02777777798473835
1 0.4791666567325592 0.6083333492279053 0.01875000074505806 0.02777777798473835
1 0.69921875 0.4245370328426361 0.01718750037252903 0.026851851493120193
1 0.32864582538604736 0.6296296119689941 0.01875000074505806 0.029629629105329514
0 0.6171875 0.20277777314186096 0.02916666679084301 0.04444444552063942
0 0.702343761920929 0.4453703761100769 0.02760416641831398 0.06296296417713165
0 0.7018229365348816 0.5092592835426331 0.02447916753590107 0.07037036865949631
1 0.6341145634651184 0.3560185134410858 0.01718750037252903 0.026851851493120193
0 0.33411458134651184 0.6870370507240295 0.03281249850988388 0.06666667014360428
0 0.6005208492279053 0.23935185372829437 0.04270833358168602 0.04722222313284874
0 0.44921875 0.6101852059364319 0.03177083283662796 0.07777778059244156
0 0.33515626192092896 0.6388888955116272 0.03593749925494194 0.06111111119389534
1 0.4208333194255829 0.6532407402992249 0.01666666753590107 0.034259259700775146
0 0.47734373807907104 0.6319444179534912 0.02968749962747097 0.08796296268701553
0 0.5132812261581421 0.710185170173645 0.03697916492819786 0.08518518507480621
0 0.629687488079071 0.33101850748062134 0.03020833246409893 0.08796296268701553
0 0.6617187261581421 0.27453702688217163 0.03177083283662796 0.05277777835726738
0 0.40572917461395264 0.6416666507720947 0.046875 0.06481481343507767