1 0.435937 0.428241 0.014583 0.019444
1 0.474479 0.737037 0.011458 0.020370
1 0.632552 0.673148 0.010937 0.020370
3 0.454167 0.793981 0.042708 0.073148
0 0.466146 0.816204 0.020833 0.030556
0 0.446615 0.784722 0.024479 0.050926
0 0.485677 0.740741 0.033854 0.033333
0 0.523698 0.766204 0.027604 0.049074
0 0.468750 0.560648 0.023958 0.065741
0 0.433854 0.620370 0.025000 0.048148
0 0.623437 0.678704 0.031250 0.044444
0 0.456250 0.680556 0.022917 0.057407
0 0.406250 0.726852 0.023958 0.061111
0 0.433333 0.408796 0.021875 0.058333
0 0.624740 0.525463 0.030729 0.060185
0 0.505990 0.696296 0.025521 0.046296
1 0.620833 0.517593 0.011458 0.018519
1 0.532031 0.784259 0.010937 0.018519
1 0.514062 0.686111 0.008333 0.016667
1 0.473177 0.544907 0.011979 0.017593
1 0.429167 0.632407 0.010417 0.020370
1 0.454427 0.664352 0.014063 0.019444
1 0.402083 0.744444 0.014583 0.018519
1 0.473177 0.821759 0.006771 0.017593
1 0.454948 0.800463 0.008854 0.017593
4 0.446094 0.784722 0.026562 0.056481
