1 0.4739583432674408 0.6847222447395325 0.015625 0.02500000037252903
1 0.6778646111488342 0.6699073910713196 0.01822916604578495 0.028703704476356506
1 0.7033854126930237 0.5217592716217041 0.01927083358168602 0.02500000037252903
1 0.5093749761581421 0.6138888597488403 0.01666666753590107 0.025925925001502037
1 0.6854166388511658 0.38842591643333435 0.01354166679084301 0.021296296268701553
1 0.3424479067325592 0.6657407283782959 0.01718750037252903 0.024074073880910873
1 0.6971353888511658 0.45972222089767456 0.01614583283662796 0.023148147389292717
0 0.7015625238418579 0.5453703999519348 0.02812499925494194 0.06666667014360428
1 0.4489583373069763 0.7046296000480652 0.01666666753590107 0.024074073880910873
1 0.5213541388511658 0.75 0.01145833358168602 0.02222222276031971
1 0.645312488079071 0.6611111164093018 0.01666666753590107 0.024074073880910873
0 0.4440104067325592 0.8416666388511658 0.03802083432674408 0.04814814776182175
1 0.5536458492279053 0.8384259343147278 0.01354166679084301 0.02500000037252903
0 0.5270833373069763 0.7916666865348816 0.03958333283662796 0.040740739554166794
0 0.6781250238418579 0.6828703880310059 0.03020833246409893 0.06759259104728699
0 0.647656261920929 0.6800925731658936 0.02760416641831398 0.07685185223817825
0 0.4765625 0.7037037014961243 0.02500000037252903 0.07962962985038757
0 0.50390625 0.6300926208496094 0.03489583358168602 0.07500000298023224
0 0.6893228888511658 0.36157408356666565 0.02864583395421505 0.08796296268701553
0 0.44843751192092896 0.6847222447395325 0.02500000037252903 0.07870370149612427
0 0.6979166865348816 0.47175925970077515 0.03333333507180214 0.06574074178934097
0 0.53125 0.7351852059364319 0.0364583320915699 0.05740740895271301
0 0.5427083373069763 0.8500000238418579 0.03750000149011612 0.05370370298624039
0 0.3434895873069763 0.6907407641410828 0.03072916716337204 0.0833333358168602