3 0.4140625 0.6930555701255798 0.07708333432674408 0.0824074074625969
1 0.4885416626930237 0.24583333730697632 0.01770833320915699 0.028703704476356506
1 0.4020833373069763 0.6305555701255798 0.015625 0.02777777798473835
1 0.5791666507720947 0.20648148655891418 0.015625 0.02777777798473835
1 0.4007812440395355 0.7013888955116272 0.01406249962747097 0.02500000037252903
1 0.3960937559604645 0.19907407462596893 0.015104166232049465 0.02777777798473835
1 0.3427083194255829 0.5120370388031006 0.01666666753590107 0.03333333507180214
1 0.359375 0.36574074625968933 0.01770833320915699 0.02777777798473835
1 0.6713541746139526 0.3949074149131775 0.01979166641831398 0.028703704476356506
1 0.5307291746139526 0.17083333432674408 0.014583333395421505 0.026851851493120193
1 0.2854166626930237 0.4902777671813965 0.01875000074505806 0.028703704476356506
1 0.4895833432674408 0.6921296119689941 0.01770833320915699 0.032407406717538834
1 0.5953124761581421 0.572685182094574 0.01666666753590107 0.03055555559694767
0 0.6768229007720947 0.4115740656852722 0.03072916716337204 0.0824074074625969
1 0.49791666865348816 0.2874999940395355 0.01979166641831398 0.028703704476356506
0 0.43541666865348816 0.717129647731781 0.04270833358168602 0.05462963134050369
0 0.2874999940395355 0.5152778029441833 0.02812499925494194 0.08055555820465088
0 0.5049479007720947 0.6925926208496094 0.05052083358168602 0.05000000074505806
0 0.3893229067325592 0.6120370626449585 0.0390625 0.06666667014360428
0 0.3335937559604645 0.5245370268821716 0.04322916641831398 0.07685185223817825
0 0.3539062440395355 0.38657405972480774 0.03489583358168602 0.08981481194496155
0 0.5197916626930237 0.16527777910232544 0.03750000149011612 0.049074072390794754
0 0.49270832538604736 0.2680555582046509 0.03125 0.07685185223817825
0 0.5914062261581421 0.2134259194135666 0.04114583507180214 0.05648148059844971
0 0.6075521111488342 0.5856481194496155 0.04531250149011612 0.07500000298023224
0 0.3903645873069763 0.6814814805984497 0.03593749925494194 0.06851851940155029
0 0.4072916805744171 0.19027778506278992 0.03541666641831398 0.05092592537403107