1 0.49661457538604736 0.8435184955596924 0.01614583283662796 0.031481482088565826
1 0.4791666567325592 0.8847222328186035 0.01666666753590107 0.037962961941957474
1 0.5325520634651184 0.875 0.01718750037252903 0.02777777798473835
3 0.43307292461395264 0.8680555820465088 0.04635416716337204 0.0972222238779068
1 0.42760416865348816 0.8398148417472839 0.02395833283662796 0.035185184329748154
1 0.6502603888511658 0.4810185134410858 0.015104166232049465 0.028703704476356506
1 0.614062488079071 0.3412036895751953 0.01666666753590107 0.028703704476356506
1 0.3346354067325592 0.7347221970558167 0.013020833022892475 0.02500000037252903
0 0.4361979067325592 0.8726851940155029 0.03593749925494194 0.07500000298023224
1 0.4794270694255829 0.6949074268341064 0.01614583283662796 0.026851851493120193
1 0.3869791626930237 0.8305555582046509 0.01666666753590107 0.02777777798473835
1 0.569531261920929 0.35879629850387573 0.01614583283662796 0.028703704476356506
1 0.6408854126930237 0.27731481194496155 0.015104166232049465 0.028703704476356506
1 0.6526041626930237 0.3643518388271332 0.01666666753590107 0.026851851493120193
1 0.3083333373069763 0.35277777910232544 0.01666666753590107 0.018518518656492233
1 0.6539062261581421 0.5356481671333313 0.01614583283662796 0.023148147389292717
1 0.6989583373069763 0.38333332538604736 0.01770833320915699 0.02777777798473835
0 0.39661458134651184 0.8365740776062012 0.0390625 0.04722222313284874
0 0.7049478888511658 0.3958333432674408 0.0338541679084301 0.0694444477558136
0 0.3109374940395355 0.3324074149131775 0.02812499925494194 0.06481481343507767
0 0.6497395634651184 0.34074074029922485 0.02968749962747097 0.07962962985038757
0 0.5591145753860474 0.3759259283542633 0.03593749925494194 0.06296296417713165
0 0.32630208134651184 0.7254629731178284 0.03281249850988388 0.06203703582286835
0 0.653124988079071 0.5606481432914734 0.03229166567325592 0.0824074074625969
0 0.6286458373069763 0.2657407522201538 0.04062499850988388 0.0555555559694767
0 0.6614583134651184 0.4930555522441864 0.04270833358168602 0.06388889253139496
0 0.6033853888511658 0.32777777314186096 0.0390625 0.0555555559694767
0 0.4885416626930237 0.7111111283302307 0.03958333283662796 0.08518518507480621