1 0.6776041388511658 0.6708333492279053 0.01979166641831398 0.032407406717538834
1 0.4661458432674408 0.1458333283662796 0.01770833320915699 0.03981481492519379
1 0.6976562738418579 0.4541666805744171 0.015104166232049465 0.023148147389292717
1 0.6528645753860474 0.6694444417953491 0.01718750037252903 0.025925925001502037
1 0.6273437738418579 0.6782407164573669 0.01718750037252903 0.02500000037252903
0 0.7013021111488342 0.5370370149612427 0.03697916492819786 0.04444444552063942
0 0.6518229246139526 0.6902777552604675 0.02239583246409893 0.07870370149612427
1 0.5492187738418579 0.832870364189148 0.015104166232049465 0.026851851493120193
0 0.6773437261581421 0.6851851940155029 0.02656250074505806 0.07037036865949631
1 0.3427083194255829 0.3384259343147278 0.015625 0.02500000037252903
1 0.6885416507720947 0.39259257912635803 0.015625 0.02222222276031971
1 0.34166666865348816 0.7106481194496155 0.014583333395421505 0.026851851493120193
1 0.50390625 0.6518518328666687 0.015104166232049465 0.029629629105329514
1 0.5903645753860474 0.5629629492759705 0.01406249962747097 0.025925925001502037
0 0.696093738079071 0.5893518328666687 0.02760416641831398 0.0694444477558136
0 0.6911458373069763 0.36666667461395264 0.02916666679084301 0.09074074029922485
0 0.6981770992279053 0.46990740299224854 0.03177083283662796 0.07500000298023224
0 0.6244791746139526 0.6944444179534912 0.02812499925494194 0.0833333358168602
0 0.3359375 0.31898146867752075 0.03541666641831398 0.07685185223817825
0 0.34973958134651184 0.7277777791023254 0.04010416567325592 0.07407407462596893
0 0.535937488079071 0.845370352268219 0.04479166492819786 0.06296296417713165
0 0.600781261920929 0.5694444179534912 0.0442708320915699 0.06666667014360428
0 0.4596354067325592 0.14444445073604584 0.03177083283662796 0.05740740895271301
0 0.5171874761581421 0.6504629850387573 0.046875 0.05833333358168602