1 0.5856770873069763 0.602314829826355 0.01406249962747097 0.03055555559694767
1 0.5473958253860474 0.6000000238418579 0.01666666753590107 0.02777777798473835
1 0.5283854007720947 0.737500011920929 0.01822916604578495 0.03055555559694767
1 0.5528646111488342 0.831944465637207 0.015104166232049465 0.026851851493120193
1 0.3330729305744171 0.7138888835906982 0.015104166232049465 0.02777777798473835
1 0.4270833432674408 0.5032407641410828 0.015625 0.032407406717538834
3 0.5833333134651184 0.6009259223937988 0.07708333432674408 0.05740740895271301
0 0.5249999761581421 0.7824074029922485 0.0364583320915699 0.040740739554166794
0 0.5591145753860474 0.5949074029922485 0.04010416567325592 0.049074072390794754
1 0.6382812261581421 0.3231481611728668 0.01406249962747097 0.029629629105329514
1 0.6348958611488342 0.41296297311782837 0.014583333395421505 0.029629629105329514
0 0.5559895634651184 0.7875000238418579 0.02031249925494194 0.06203703582286835
0 0.5440104007720947 0.8407407402992249 0.03177083283662796 0.040740739554166794
0 0.3257812559604645 0.6967592835426331 0.03281249850988388 0.07685185223817825
1 0.45260417461395264 0.6638888716697693 0.015625 0.02777777798473835
0 0.6244791746139526 0.32407405972480774 0.0416666679084301 0.05740740895271301
0 0.5229166746139526 0.7185184955596924 0.03229166567325592 0.07592592388391495
0 0.6000000238418579 0.6041666865348816 0.03958333283662796 0.05092592537403107
0 0.46041667461395264 0.6796296238899231 0.03541666641831398 0.06851851940155029
0 0.44088542461395264 0.5157407522201538 0.04843749850988388 0.06666667014360428
0 0.6432291865348816 0.4254629611968994 0.04062499850988388 0.07870370149612427