3 0.4505208432674408 0.16851851344108582 0.06666667014360428 0.07037036865949631
1 0.4541666805744171 0.1615740805864334 0.02083333395421505 0.037962961941957474
1 0.555468738079071 0.8745370507240295 0.01822916604578495 0.028703704476356506
1 0.5510416626930237 0.522685170173645 0.015625 0.03055555559694767
1 0.5523437261581421 0.7027778029441833 0.01822916604578495 0.031481482088565826
1 0.4742187559604645 0.22361111640930176 0.015104166232049465 0.028703704476356506
1 0.39661458134651184 0.3004629611968994 0.01822916604578495 0.028703704476356506
1 0.7242187261581421 0.5527777671813965 0.01822916604578495 0.025925925001502037
1 0.508593738079071 0.6050925850868225 0.015104166232049465 0.026851851493120193
1 0.3294270932674408 0.34398147463798523 0.01614583283662796 0.023148147389292717
0 0.3997395932674408 0.20972222089767456 0.0390625 0.049074072390794754
0 0.4390625059604645 0.17129629850387573 0.03125 0.05370370298624039
1 0.5679687261581421 0.2083333283662796 0.01718750037252903 0.031481482088565826
3 0.4153645932674408 0.19768518209457397 0.06822916865348816 0.07500000298023224
0 0.5145833492279053 0.5865740776062012 0.03229166567325592 0.07870370149612427
0 0.46875 0.14907407760620117 0.03229166567325592 0.046296294778585434
0 0.5463541746139526 0.7222222089767456 0.03541666641831398 0.08703703433275223
0 0.3317708373069763 0.3273148238658905 0.02812499925494194 0.05833333358168602
0 0.5562499761581421 0.8666666746139526 0.02708333358168602 0.0555555559694767
0 0.7250000238418579 0.5310184955596924 0.03125 0.08981481194496155
0 0.4611979126930237 0.22175925970077515 0.04218750074505806 0.04722222313284874
0 0.3880208432674408 0.3185185194015503 0.03958333283662796 0.07222222536802292
0 0.5817708373069763 0.20370370149612427 0.04895833507180214 0.06481481343507767
0 0.5653645992279053 0.5305555462837219 0.04635416716337204 0.06666667014360428